1 1 1 0 0 0 760 1 13 13 0
1 2 1 0 0 0 760 2 2 2 13
1 3 1 0 0 0 760 3 12 12 2
1 4 1 1 0 0 658 1 2 2 12
1 5 1 0 0 0 760 3 11 11 2
1 6 1 0 0 0 760 2 12 12 11
1 7 1 0 0 0 760 2 7 7 12
1 8 1 1 0 0 464 1 12 12 7
1 9 1 0 0 0 760 3 14 14 12
1 10 1 1 0 0 526 1 12 12 14
1 11 1 0 0 0 760 2 7 7 12
1 12 1 1 0 0 412 1 12 12 7
1 13 1 1 0 0 504 1 7 7 12
1 14 1 0 0 0 760 2 14 14 7
1 15 1 1 0 0 578 1 7 7 14
1 16 1 0 0 0 760 2 12 12 7
1 17 1 0 0 0 760 2 6 6 12
1 18 1 0 0 0 760 2 6 6 6
1 19 1 0 0 0 760 2 11 11 6
1 20 1 0 0 0 760 2 12 12 11
1 21 1 0 0 0 760 3 4 4 12
1 22 1 0 0 0 760 3 4 4 4
1 23 1 0 0 0 760 3 2 2 4
1 24 1 0 0 0 760 2 2 2 2
1 25 1 0 0 0 760 2 11 11 2
2 1 1 0 0 0 760 3 6 6 11
2 2 1 0 0 0 760 3 4 4 6
2 3 1 0 0 0 760 2 15 15 4
2 4 1 0 0 0 760 3 14 14 15
2 5 1 1 0 0 521 1 15 15 14
2 6 1 0 0 0 760 2 3 3 15
2 7 1 0 0 0 760 3 4 4 3
2 8 1 0 0 0 760 3 5 5 4
2 9 1 0 0 0 760 3 2 2 5
2 10 1 1 0 0 433 1 5 5 2
2 11 1 1 0 0 550 1 2 2 5
2 12 0 0 1 0 760 1 5 5 2
2 13 0 0 0 1 641 2 5 5 5
2 14 1 1 0 0 570 1 5 5 5
2 15 1 1 0 0 703 1 5 5 5
2 16 1 0 0 0 760 3 6 6 5
2 17 1 0 0 0 760 3 6 6 6
2 18 1 1 0 0 464 1 6 6 6
2 19 1 0 0 0 760 2 11 11 6
2 20 1 1 0 0 459 1 6 6 11
2 21 1 0 0 0 760 3 10 10 6
2 22 1 0 0 0 760 2 15 15 10
2 23 1 1 0 0 427 1 10 10 15
2 24 1 0 0 0 760 2 13 13 10
2 25 1 0 0 0 760 3 4 4 13
3 1 1 0 0 0 760 2 1 1 4
3 2 1 0 0 0 760 1 11 11 1
3 3 1 1 0 0 533 1 1 1 11
3 4 1 0 0 0 760 3 12 12 1
3 5 1 1 0 0 448 1 1 1 12
3 6 1 0 0 0 760 2 3 3 1
3 7 1 0 0 0 760 3 13 13 3
3 8 1 0 0 0 760 2 7 7 13
3 9 1 0 0 0 760 3 5 5 7
3 10 1 0 0 0 760 2 5 5 5
3 11 0 0 0 1 708 2 7 7 5
3 12 1 1 0 0 603 1 5 5 7
3 13 1 0 0 0 760 3 15 15 5
3 14 1 0 0 0 760 2 9 9 15
3 15 1 1 0 0 493 1 15 15 9
3 16 1 0 0 0 760 2 5 5 15
3 17 1 1 0 0 506 1 15 15 5
3 18 1 0 0 0 760 3 9 9 15
3 19 1 0 0 0 760 3 10 10 9
3 20 1 1 0 0 456 1 9 9 10
3 21 1 0 0 0 760 2 11 11 9
3 22 1 1 0 0 536 1 9 9 11
3 23 1 0 0 0 760 2 12 12 9
3 24 1 0 0 0 760 3 14 14 12
3 25 1 1 0 0 513 1 12 12 14
