1 1 1 0 0 0 760 1 7 7 0
1 2 1 0 0 0 760 3 15 15 7
1 3 1 1 0 0 489 1 7 7 15
1 4 1 0 0 0 760 3 14 14 7
1 5 1 0 0 0 760 3 8 8 14
1 6 1 0 0 0 760 3 7 7 8
1 7 1 0 0 0 760 2 13 13 7
1 8 1 0 0 0 760 3 1 1 13
1 9 1 0 0 0 760 2 3 3 1
1 10 1 0 0 0 760 3 15 15 3
1 11 1 0 0 0 760 2 4 4 15
1 12 1 1 0 0 457 1 15 15 4
1 13 1 1 0 0 427 1 4 4 15
1 14 0 0 0 1 671 3 9 9 4
1 15 1 0 0 0 760 3 2 2 9
1 16 1 0 0 0 760 3 2 2 2
1 17 1 1 0 0 449 1 2 2 2
1 18 1 0 0 0 760 2 10 10 2
1 19 1 0 0 0 760 2 4 4 10
1 20 1 0 0 0 760 2 7 7 4
1 21 1 0 0 0 760 3 7 7 7
1 22 1 1 0 0 450 1 7 7 7
1 23 1 1 0 0 505 1 7 7 7
1 24 1 1 0 0 613 1 7 7 7
1 25 1 0 0 0 760 2 10 10 7
2 1 1 0 0 0 760 1 1 1 10
2 2 1 0 0 0 760 3 9 9 1
2 3 1 1 0 0 414 1 1 1 9
2 4 1 0 0 0 760 3 10 10 1
2 5 1 1 0 0 445 1 1 1 10
2 6 1 0 0 0 760 3 12 12 1
2 7 1 0 0 0 760 2 15 15 12
2 8 1 0 0 0 760 3 9 9 15
2 9 1 0 0 0 760 2 8 8 9
2 10 1 0 0 0 760 2 13 13 8
2 11 1 1 0 0 475 1 8 8 13
2 12 1 1 0 0 525 1 13 13 8
2 13 1 0 0 0 760 3 11 11 13
2 14 1 1 0 0 488 1 13 13 11
2 15 1 0 0 0 760 3 6 6 13
2 16 1 0 0 0 760 3 8 8 6
2 17 1 0 0 0 760 2 8 8 8
2 18 1 0 0 0 760 3 15 15 8
2 19 1 0 0 0 760 2 4 4 15
2 20 1 1 0 0 467 1 15 15 4
2 21 1 1 0 0 492 1 4 4 15
2 22 1 1 0 0 457 1 15 15 4
2 23 1 0 0 0 760 3 6 6 15
2 24 1 1 0 0 471 1 15 15 6
2 25 1 0 0 0 760 2 12 12 15
3 1 1 0 0 0 760 2 6 6 12
3 2 1 0 0 0 760 3 9 9 6
3 3 0 0 1 0 760 1 6 6 9
3 4 0 0 1 0 760 1 9 9 6
3 5 1 0 0 0 760 2 7 7 9
3 6 1 0 0 0 760 3 3 3 7
3 7 1 0 0 0 760 3 6 6 3
3 8 1 0 0 0 760 3 13 13 6
3 9 1 1 0 0 536 1 6 6 13
3 10 1 1 0 0 469 1 13 13 6
3 11 1 0 0 0 760 3 10 10 13
3 12 1 0 0 0 760 2 10 10 10
3 13 0 0 1 0 760 1 10 10 10
3 14 1 1 0 0 662 1 10 10 10
3 15 1 0 0 0 760 2 5 5 10
3 16 1 1 0 0 453 1 10 10 5
3 17 1 1 0 0 502 1 5 5 10
3 18 1 0 0 0 760 2 3 3 5
3 19 1 0 0 0 760 3 7 7 3
3 20 1 0 0 0 760 2 8 8 7
3 21 1 1 0 0 478 1 7 7 8
3 22 1 1 0 0 562 1 8 8 7
3 23 1 0 0 0 760 2 6 6 8
3 24 1 0 0 0 760 2 11 11 6
3 25 1 0 0 0 760 2 10 10 11
