1 1 1 0 0 0 760 1 4 4 0
1 2 1 0 0 0 760 1 15 15 4
1 3 1 1 0 0 616 1 4 4 15
1 4 1 0 0 0 760 3 5 5 4
1 5 1 1 0 0 611 1 4 4 5
1 6 0 0 0 1 510 2 9 9 4
1 7 1 0 0 0 760 3 8 8 9
1 8 1 0 0 0 760 2 10 10 8
1 9 1 1 0 0 709 1 8 8 10
1 10 1 0 0 0 760 3 9 9 8
1 11 1 0 0 0 760 2 12 12 9
1 12 1 0 0 0 760 3 4 4 12
1 13 1 0 0 0 760 3 13 13 4
1 14 1 1 0 0 526 1 4 4 13
1 15 1 0 0 0 760 3 3 3 4
1 16 1 0 0 0 760 2 8 8 3
1 17 1 1 0 0 459 1 3 3 8
1 18 1 0 0 0 760 3 11 11 3
1 19 1 0 0 0 760 3 9 9 11
1 20 1 1 0 0 419 1 11 11 9
1 21 1 0 0 0 760 3 3 3 11
1 22 1 0 0 0 760 2 12 12 3
1 23 1 0 0 0 760 2 9 9 12
1 24 1 0 0 0 760 2 14 14 9
1 25 1 0 0 0 760 2 10 10 14
2 1 1 0 0 0 760 3 15 15 10
2 2 1 0 0 0 760 1 3 3 15
2 3 1 0 0 0 760 2 8 8 3
2 4 1 0 0 0 760 2 13 13 8
2 5 1 1 0 0 435 1 8 8 13
2 6 1 1 0 0 669 1 13 13 8
2 7 1 1 0 0 434 1 8 8 13
2 8 1 0 0 0 760 3 2 2 8
2 9 1 0 0 0 760 3 10 10 2
2 10 1 1 0 0 504 1 2 2 10
2 11 1 0 0 0 760 2 1 1 2
2 12 0 0 1 0 760 1 2 2 1
2 13 1 0 0 0 760 3 6 6 2
2 14 1 0 0 0 760 3 5 5 6
2 15 1 0 0 0 760 3 12 12 5
2 16 1 0 0 0 760 2 2 2 12
2 17 1 0 0 0 760 3 15 15 2
2 18 0 0 0 1 603 2 12 12 15
2 19 0 0 0 1 645 3 12 12 12
2 20 1 0 0 0 760 2 5 5 12
2 21 1 0 0 0 760 2 14 14 5
2 22 1 0 0 0 760 3 4 4 14
2 23 1 0 0 0 760 3 1 1 4
2 24 1 0 0 0 760 3 3 3 1
2 25 1 0 0 0 760 3 3 3 3
3 1 1 0 0 0 760 1 14 14 3
3 2 1 0 0 0 760 3 1 1 14
3 3 1 1 0 0 489 1 14 14 1
3 4 1 1 0 0 480 1 1 1 14
3 5 1 1 0 0 555 1 14 14 1
3 6 1 1 0 0 434 1 1 1 14
3 7 0 0 0 1 543 3 1 1 1
3 8 1 0 0 0 760 2 11 11 1
3 9 1 0 0 0 760 2 10 10 11
3 10 0 0 1 0 760 1 11 11 10
3 11 1 0 0 0 760 2 8 8 11
3 12 1 1 0 0 472 1 11 11 8
3 13 1 0 0 0 760 2 12 12 11
3 14 1 1 0 0 476 1 11 11 12
3 15 1 0 0 0 760 2 4 4 11
3 16 1 0 0 0 760 2 3 3 4
3 17 1 0 0 0 760 3 15 15 3
3 18 0 0 1 0 760 1 3 3 15
3 19 1 0 0 0 760 2 4 4 3
3 20 1 0 0 0 760 2 11 11 4
3 21 1 0 0 0 760 2 9 9 11
3 22 1 1 0 0 479 1 11 11 9
3 23 1 0 0 0 760 3 11 11 11
3 24 1 0 0 0 760 3 8 8 11
3 25 1 1 0 0 456 1 11 11 8
