1 1 1 0 0 0 760 1 15 15 0
1 2 1 0 0 0 760 1 2 2 15
1 3 1 1 0 0 437 1 15 15 2
1 4 0 0 1 0 760 1 2 2 15
1 5 1 1 0 0 553 1 15 15 2
1 6 1 1 0 0 483 1 2 2 15
1 7 1 0 0 0 760 2 5 5 2
1 8 1 1 0 0 455 1 2 2 5
1 9 1 0 0 0 760 2 15 15 2
1 10 1 0 0 0 760 3 7 7 15
1 11 1 0 0 0 760 2 4 4 7
1 12 1 0 0 0 760 2 13 13 4
1 13 0 0 1 0 760 1 4 4 13
1 14 1 0 0 0 760 3 6 6 4
1 15 0 0 1 0 760 1 4 4 6
1 16 1 0 0 0 760 3 13 13 4
1 17 1 1 0 0 615 1 4 4 13
1 18 1 1 0 0 715 1 13 13 4
1 19 1 0 0 0 760 2 12 12 13
1 20 1 1 0 0 476 1 13 13 12
1 21 1 0 0 0 760 3 6 6 13
1 22 1 1 0 0 681 1 13 13 6
1 23 1 1 0 0 472 1 6 6 13
1 24 1 0 0 0 760 3 1 1 6
1 25 1 1 0 0 492 1 6 6 1
2 1 1 0 0 0 760 3 11 11 6
2 2 1 0 0 0 760 1 9 9 11
2 3 1 1 0 0 386 1 11 11 9
2 4 1 0 0 0 760 3 6 6 11
2 5 1 0 0 0 760 2 9 9 6
2 6 1 0 0 0 760 2 5 5 9
2 7 1 0 0 0 760 3 3 3 5
2 8 1 0 0 0 760 3 1 1 3
2 9 1 0 0 0 760 3 2 2 1
2 10 1 0 0 0 760 3 4 4 2
2 11 1 1 0 0 472 1 2 2 4
2 12 1 0 0 0 760 2 10 10 2
2 13 1 0 0 0 760 3 14 14 10
2 14 1 0 0 0 760 3 3 3 14
2 15 1 0 0 0 760 2 9 9 3
2 16 1 1 0 0 494 1 3 3 9
2 17 1 0 0 0 760 3 6 6 3
2 18 0 0 0 1 616 3 6 6 6
2 19 1 1 0 0 485 1 6 6 6
2 20 1 0 0 0 760 2 12 12 6
2 21 1 1 0 0 470 1 6 6 12
2 22 1 1 0 0 589 1 12 12 6
2 23 1 0 0 0 760 3 12 12 12
2 24 1 0 0 0 760 2 11 11 12
2 25 1 0 0 0 760 3 4 4 11
3 1 1 0 0 0 760 3 6 6 4
3 2 1 0 0 0 760 3 12 12 6
3 3 1 1 0 0 682 1 6 6 12
3 4 1 1 0 0 463 1 12 12 6
3 5 1 1 0 0 488 1 6 6 12
3 6 1 0 0 0 760 2 5 5 6
3 7 1 0 0 0 760 3 14 14 5
3 8 1 0 0 0 760 2 8 8 14
3 9 1 1 0 0 458 1 14 14 8
3 10 1 0 0 0 760 2 9 9 14
3 11 1 1 0 0 519 1 14 14 9
3 12 1 0 0 0 760 2 5 5 14
3 13 1 0 0 0 760 2 6 6 5
3 14 1 1 0 0 452 1 5 5 6
3 15 1 0 0 0 760 3 8 8 5
3 16 1 0 0 0 760 2 12 12 8
3 17 1 1 0 0 434 1 8 8 12
3 18 1 0 0 0 760 3 2 2 8
3 19 1 1 0 0 520 1 8 8 2
3 20 1 0 0 0 760 2 7 7 8
3 21 1 1 0 0 610 1 8 8 7
3 22 1 0 0 0 760 3 14 14 8
3 23 0 0 1 0 760 1 8 8 14
3 24 0 0 1 0 760 1 14 14 8
3 25 1 1 0 0 609 1 8 8 14
