1 1 1 0 0 0 760 1 9 9 0
1 2 1 0 0 0 760 3 15 15 9
1 3 0 0 0 1 517 3 12 12 15
1 4 0 0 1 0 760 1 15 15 12
1 5 1 1 0 0 678 1 12 12 15
1 6 1 1 0 0 640 1 15 15 12
1 7 1 0 0 0 760 3 15 15 15
1 8 1 1 0 0 553 1 15 15 15
1 9 1 1 0 0 602 1 15 15 15
1 10 1 0 0 0 760 2 5 5 15
1 11 1 0 0 0 760 3 3 3 5
1 12 1 1 0 0 484 1 5 5 3
1 13 1 0 0 0 760 3 10 10 5
1 14 1 0 0 0 760 2 7 7 10
1 15 1 1 0 0 468 1 10 10 7
1 16 1 1 0 0 746 1 7 7 10
1 17 1 0 0 0 760 3 6 6 7
1 18 1 0 0 0 760 3 10 10 6
1 19 0 0 1 0 760 1 6 6 10
1 20 1 0 0 0 760 2 1 1 6
1 21 1 0 0 0 760 2 12 12 1
1 22 1 1 0 0 550 1 1 1 12
1 23 1 0 0 0 760 3 3 3 1
1 24 1 1 0 0 492 1 1 1 3
1 25 0 0 1 0 760 1 3 3 1
2 1 1 0 0 0 760 3 8 8 3
2 2 1 0 0 0 760 3 13 13 8
2 3 1 0 0 0 760 3 9 9 13
2 4 1 0 0 0 760 2 4 4 9
2 5 1 0 0 0 760 3 4 4 4
2 6 1 0 0 0 760 2 12 12 4
2 7 1 0 0 0 760 2 8 8 12
2 8 1 0 0 0 760 3 7 7 8
2 9 1 0 0 0 760 3 14 14 7
2 10 1 0 0 0 760 2 9 9 14
2 11 1 0 0 0 760 2 2 2 9
2 12 1 0 0 0 760 3 14 14 2
2 13 1 0 0 0 760 3 9 9 14
2 14 1 0 0 0 760 3 4 4 9
2 15 1 0 0 0 760 2 6 6 4
2 16 1 0 0 0 760 3 1 1 6
2 17 1 0 0 0 760 3 13 13 1
2 18 1 0 0 0 760 2 9 9 13
2 19 1 1 0 0 556 1 13 13 9
2 20 1 0 0 0 760 3 1 1 13
2 21 1 0 0 0 760 3 4 4 1
2 22 1 0 0 0 760 2 5 5 4
2 23 1 0 0 0 760 2 5 5 5
2 24 1 0 0 0 760 3 7 7 5
2 25 1 0 0 0 760 2 3 3 7
3 1 1 0 0 0 760 2 15 15 3
3 2 0 0 0 1 687 3 15 15 15
3 3 1 1 0 0 463 1 15 15 15
3 4 1 0 0 0 760 3 9 9 15
3 5 1 1 0 0 463 1 15 15 9
3 6 1 0 0 0 760 3 14 14 15
3 7 1 1 0 0 550 1 15 15 14
3 8 1 0 0 0 760 3 10 10 15
3 9 1 0 0 0 760 3 6 6 10
3 10 0 0 1 0 760 1 10 10 6
3 11 1 1 0 0 710 1 6 6 10
3 12 1 0 0 0 760 2 14 14 6
3 13 1 0 0 0 760 2 5 5 14
3 14 1 1 0 0 558 1 14 14 5
3 15 1 0 0 0 760 2 9 9 14
3 16 1 1 0 0 697 1 14 14 9
3 17 1 0 0 0 760 3 4 4 14
3 18 1 1 0 0 592 1 14 14 4
3 19 1 0 0 0 760 2 15 15 14
3 20 1 0 0 0 760 2 5 5 15
3 21 1 1 0 0 467 1 15 15 5
3 22 1 0 0 0 760 2 3 3 15
3 23 1 1 0 0 515 1 15 15 3
3 24 1 1 0 0 488 1 3 3 15
3 25 1 1 0 0 523 1 15 15 3
