1 1 1 0 0 0 760 3 15 15 0
1 2 1 0 0 0 760 1 13 13 15
1 3 1 0 0 0 760 2 5 5 13
1 4 1 1 0 0 541 1 13 13 5
1 5 1 1 0 0 591 1 5 5 13
1 6 1 1 0 0 545 1 13 13 5
1 7 1 0 0 0 760 2 4 4 13
1 8 1 1 0 0 485 1 13 13 4
1 9 1 0 0 0 760 3 13 13 13
1 10 1 1 0 0 493 1 13 13 13
1 11 1 1 0 0 610 1 13 13 13
1 12 1 0 0 0 760 3 4 4 13
1 13 1 0 0 0 760 3 5 5 4
1 14 1 1 0 0 496 1 4 4 5
1 15 1 0 0 0 760 2 14 14 4
1 16 1 0 0 0 760 2 5 5 14
1 17 1 1 0 0 495 1 14 14 5
1 18 1 0 0 0 760 3 3 3 14
1 19 1 0 0 0 760 2 7 7 3
1 20 1 0 0 0 760 3 12 12 7
1 21 1 0 0 0 760 3 1 1 12
1 22 1 0 0 0 760 2 9 9 1
1 23 1 0 0 0 760 2 7 7 9
1 24 1 0 0 0 760 3 3 3 7
1 25 1 1 0 0 479 1 7 7 3
2 1 1 0 0 0 760 1 2 2 7
2 2 1 0 0 0 760 2 3 3 2
2 3 1 0 0 0 760 3 15 15 3
2 4 1 0 0 0 760 3 5 5 15
2 5 1 0 0 0 760 2 7 7 5
2 6 1 0 0 0 760 2 6 6 7
2 7 1 0 0 0 760 2 15 15 6
2 8 1 0 0 0 760 3 2 2 15
2 9 1 1 0 0 742 1 15 15 2
2 10 1 1 0 0 477 1 2 2 15
2 11 1 0 0 0 760 2 11 11 2
2 12 1 0 0 0 760 2 5 5 11
2 13 1 0 0 0 760 3 4 4 5
2 14 1 0 0 0 760 3 4 4 4
2 15 1 0 0 0 760 3 9 9 4
2 16 1 0 0 0 760 2 1 1 9
2 17 1 0 0 0 760 3 15 15 1
2 18 1 0 0 0 760 3 9 9 15
2 19 1 0 0 0 760 3 1 1 9
2 20 1 0 0 0 760 3 5 5 1
2 21 1 0 0 0 760 2 11 11 5
2 22 1 0 0 0 760 2 15 15 11
2 23 1 0 0 0 760 3 2 2 15
2 24 1 0 0 0 760 3 4 4 2
2 25 1 0 0 0 760 2 13 13 4
3 1 1 0 0 0 760 1 10 10 13
3 2 1 0 0 0 760 1 11 11 10
3 3 1 1 0 0 665 1 10 10 11
3 4 1 0 0 0 760 2 14 14 10
3 5 1 0 0 0 760 3 8 8 14
3 6 1 0 0 0 760 3 1 1 8
3 7 1 0 0 0 760 3 10 10 1
3 8 1 1 0 0 608 1 1 1 10
3 9 1 0 0 0 760 2 1 1 1
3 10 1 1 0 0 595 1 1 1 1
3 11 1 0 0 0 760 3 14 14 1
3 12 1 1 0 0 477 1 1 1 14
3 13 1 0 0 0 760 2 2 2 1
3 14 1 0 0 0 760 3 13 13 2
3 15 1 0 0 0 760 2 4 4 13
3 16 0 0 1 0 760 1 13 13 4
3 17 1 0 0 0 760 3 7 7 13
3 18 1 0 0 0 760 2 8 8 7
3 19 1 0 0 0 760 2 2 2 8
3 20 1 0 0 0 760 3 1 1 2
3 21 1 0 0 0 760 2 11 11 1
3 22 1 0 0 0 760 3 3 3 11
3 23 1 0 0 0 760 2 14 14 3
3 24 1 0 0 0 760 3 5 5 14
3 25 1 0 0 0 760 2 12 12 5
