1 1 1 0 0 0 760 3 11 11 0
1 2 1 0 0 0 760 1 7 7 11
1 3 1 1 0 0 558 1 11 11 7
1 4 1 0 0 0 760 3 11 11 11
1 5 1 0 0 0 760 3 7 7 11
1 6 1 0 0 0 760 2 10 10 7
1 7 1 0 0 0 760 2 15 15 10
1 8 1 1 0 0 485 1 10 10 15
1 9 1 1 0 0 511 1 15 15 10
1 10 1 0 0 0 760 3 3 3 15
1 11 1 1 0 0 522 1 15 15 3
1 12 1 1 0 0 535 1 3 3 15
1 13 1 1 0 0 516 1 15 15 3
1 14 1 1 0 0 510 1 3 3 15
1 15 1 0 0 0 760 3 10 10 3
1 16 1 0 0 0 760 3 5 5 10
1 17 1 0 0 0 760 3 8 8 5
1 18 1 0 0 0 760 3 13 13 8
1 19 1 1 0 0 591 1 8 8 13
1 20 1 0 0 0 760 3 9 9 8
1 21 1 1 0 0 627 1 8 8 9
1 22 1 1 0 0 651 1 9 9 8
1 23 1 1 0 0 463 1 8 8 9
1 24 1 1 0 0 547 1 9 9 8
1 25 1 0 0 0 760 3 10 10 9
2 1 1 0 0 0 760 3 5 5 10
2 2 1 0 0 0 760 2 2 2 5
2 3 1 1 0 0 537 1 5 5 2
2 4 1 0 0 0 760 2 5 5 5
2 5 1 0 0 0 760 3 12 12 5
2 6 1 1 0 0 539 1 5 5 12
2 7 1 0 0 0 760 3 5 5 5
2 8 1 1 0 0 593 1 5 5 5
2 9 1 0 0 0 760 3 13 13 5
2 10 1 0 0 0 760 3 10 10 13
2 11 1 1 0 0 494 1 13 13 10
2 12 1 1 0 0 536 1 10 10 13
2 13 1 0 0 0 760 2 3 3 10
2 14 0 0 0 1 671 2 13 13 3
2 15 0 0 0 1 606 3 10 10 13
2 16 1 1 0 0 761 1 13 13 10
2 17 1 1 0 0 521 1 10 10 13
2 18 1 0 0 0 760 3 8 8 10
2 19 1 0 0 0 760 3 12 12 8
2 20 1 1 0 0 519 1 8 8 12
2 21 0 0 1 0 760 1 12 12 8
2 22 1 1 0 0 648 1 8 8 12
2 23 1 0 0 0 760 3 14 14 8
2 24 1 0 0 0 760 2 4 4 14
2 25 1 1 0 0 541 1 14 14 4
3 1 1 0 0 0 760 2 1 1 14
3 2 1 0 0 0 760 1 12 12 1
3 3 1 1 0 0 667 1 1 1 12
3 4 1 0 0 0 760 2 9 9 1
3 5 1 1 0 0 614 1 1 1 9
3 6 1 0 0 0 760 3 11 11 1
3 7 0 0 1 0 760 1 1 1 11
3 8 1 1 0 0 661 1 11 11 1
3 9 1 0 0 0 760 3 13 13 11
3 10 1 1 0 0 554 1 11 11 13
3 11 0 0 1 0 760 1 13 13 11
3 12 1 0 0 0 760 2 8 8 13
3 13 1 0 0 0 760 3 12 12 8
3 14 1 0 0 0 760 2 10 10 12
3 15 1 1 0 0 539 1 12 12 10
3 16 1 1 0 0 462 1 10 10 12
3 17 1 0 0 0 760 2 8 8 10
3 18 1 1 0 0 553 1 10 10 8
3 19 1 1 0 0 534 1 8 8 10
3 20 1 0 0 0 760 2 6 6 8
3 21 1 0 0 0 760 2 3 3 6
3 22 1 0 0 0 760 3 13 13 3
3 23 1 0 0 0 760 3 1 1 13
3 24 1 0 0 0 760 3 10 10 1
3 25 0 0 1 0 760 1 1 1 10
