1 1 1 0 0 0 760 1 1 1 0
1 2 1 0 0 0 760 3 7 7 1
1 3 1 0 0 0 760 2 14 14 7
1 4 1 1 0 0 687 1 7 7 14
1 5 1 0 0 0 760 2 11 11 7
1 6 1 1 0 0 502 1 7 7 11
1 7 1 0 0 0 760 3 10 10 7
1 8 1 0 0 0 760 2 5 5 10
1 9 1 0 0 0 760 3 9 9 5
1 10 1 1 0 0 588 1 5 5 9
1 11 1 1 0 0 648 1 9 9 5
1 12 0 0 0 1 458 3 13 13 9
1 13 1 0 0 0 760 2 6 6 13
1 14 1 0 0 0 760 2 8 8 6
1 15 1 0 0 0 760 3 2 2 8
1 16 1 0 0 0 760 3 5 5 2
1 17 1 0 0 0 760 2 3 3 5
1 18 1 0 0 0 760 3 7 7 3
1 19 1 0 0 0 760 3 6 6 7
1 20 1 0 0 0 760 2 2 2 6
1 21 1 0 0 0 760 2 10 10 2
1 22 1 0 0 0 760 3 10 10 10
1 23 1 0 0 0 760 3 2 2 10
1 24 1 0 0 0 760 3 5 5 2
1 25 1 0 0 0 760 2 6 6 5
2 1 1 0 0 0 760 2 10 10 6
2 2 1 0 0 0 760 3 3 3 10
2 3 1 1 0 0 490 1 10 10 3
2 4 1 0 0 0 760 3 9 9 10
2 5 1 1 0 0 451 1 10 10 9
2 6 1 1 0 0 498 1 9 9 10
2 7 1 1 0 0 500 1 10 10 9
2 8 1 0 0 0 760 3 12 12 10
2 9 1 1 0 0 445 1 10 10 12
2 10 1 0 0 0 760 2 1 1 10
2 11 1 0 0 0 760 3 7 7 1
2 12 1 0 0 0 760 3 14 14 7
2 13 1 1 0 0 490 1 7 7 14
2 14 1 0 0 0 760 3 3 3 7
2 15 1 0 0 0 760 2 10 10 3
2 16 1 0 0 0 760 3 11 11 10
2 17 1 1 0 0 594 1 10 10 11
2 18 1 1 0 0 518 1 11 11 10
2 19 1 0 0 0 760 2 12 12 11
2 20 1 0 0 0 760 2 6 6 12
2 21 1 0 0 0 760 3 6 6 6
2 22 1 0 0 0 760 3 2 2 6
2 23 1 0 0 0 760 3 15 15 2
2 24 1 0 0 0 760 2 15 15 15
2 25 1 1 0 0 752 1 15 15 15
3 1 1 0 0 0 760 1 4 4 15
3 2 1 0 0 0 760 2 10 10 4
3 3 1 1 0 0 592 1 4 4 10
3 4 1 0 0 0 760 2 11 11 4
3 5 1 0 0 0 760 2 1 1 11
3 6 1 0 0 0 760 3 7 7 1
3 7 1 0 0 0 760 3 3 3 7
3 8 1 0 0 0 760 3 1 1 3
3 9 1 0 0 0 760 2 13 13 1
3 10 1 1 0 0 477 1 1 1 13
3 11 1 0 0 0 760 2 3 3 1
3 12 1 1 0 0 502 1 1 1 3
3 13 1 0 0 0 760 2 15 15 1
3 14 0 0 1 0 760 1 1 1 15
3 15 1 1 0 0 670 1 15 15 1
3 16 1 0 0 0 760 2 4 4 15
3 17 0 0 1 0 760 1 15 15 4
3 18 1 1 0 0 637 1 4 4 15
3 19 1 1 0 0 505 1 15 15 4
3 20 1 0 0 0 760 3 6 6 15
3 21 1 0 0 0 760 2 6 6 6
3 22 1 1 0 0 478 1 6 6 6
3 23 1 0 0 0 760 2 11 11 6
3 24 1 0 0 0 760 2 5 5 11
3 25 1 0 0 0 760 3 14 14 5
