1 1 1 0 0 0 760 1 2 2 0
1 2 1 0 0 0 760 2 7 7 2
1 3 1 0 0 0 760 2 8 8 7
1 4 0 0 1 0 760 1 7 7 8
1 5 0 0 1 0 760 1 8 8 7
1 6 1 0 0 0 760 2 4 4 8
1 7 1 0 0 0 760 3 15 15 4
1 8 1 1 0 0 498 1 4 4 15
1 9 1 1 0 0 531 1 15 15 4
1 10 1 1 0 0 522 1 4 4 15
1 11 1 0 0 0 760 2 10 10 4
1 12 1 1 0 0 623 1 4 4 10
1 13 1 0 0 0 760 2 4 4 4
1 14 1 0 0 0 760 3 12 12 4
1 15 1 0 0 0 760 2 11 11 12
1 16 1 1 0 0 519 1 12 12 11
1 17 1 1 0 0 668 1 11 11 12
1 18 1 0 0 0 760 3 6 6 11
1 19 1 1 0 0 474 1 11 11 6
1 20 1 0 0 0 760 3 3 3 11
1 21 1 0 0 0 760 3 12 12 3
1 22 1 1 0 0 470 1 3 3 12
1 23 1 0 0 0 760 2 5 5 3
1 24 1 1 0 0 501 1 3 3 5
1 25 1 1 0 0 474 1 5 5 3
2 1 1 0 0 0 760 2 10 10 5
2 2 1 0 0 0 760 3 9 9 10
2 3 1 0 0 0 760 2 2 2 9
2 4 1 1 0 0 712 1 9 9 2
2 5 1 0 0 0 760 2 8 8 9
2 6 1 0 0 0 760 3 15 15 8
2 7 1 0 0 0 760 2 11 11 15
2 8 1 0 0 0 760 3 3 3 11
2 9 1 1 0 0 472 1 11 11 3
2 10 1 0 0 0 760 2 10 10 11
2 11 1 0 0 0 760 2 12 12 10
2 12 1 1 0 0 493 1 10 10 12
2 13 1 0 0 0 760 2 8 8 10
2 14 1 0 0 0 760 2 7 7 8
2 15 1 0 0 0 760 2 15 15 7
2 16 1 0 0 0 760 3 5 5 15
2 17 1 1 0 0 663 1 15 15 5
2 18 1 1 0 0 459 1 5 5 15
2 19 1 0 0 0 760 3 5 5 5
2 20 1 0 0 0 760 2 11 11 5
2 21 1 0 0 0 760 2 8 8 11
2 22 1 1 0 0 558 1 11 11 8
2 23 1 0 0 0 760 3 14 14 11
2 24 1 0 0 0 760 3 8 8 14
2 25 1 0 0 0 760 2 10 10 8
3 1 1 0 0 0 760 2 5 5 10
3 2 1 0 0 0 760 3 15 15 5
3 3 1 0 0 0 760 2 11 11 15
3 4 1 0 0 0 760 3 1 1 11
3 5 1 1 0 0 483 1 11 11 1
3 6 1 0 0 0 760 3 12 12 11
3 7 1 0 0 0 760 3 9 9 12
3 8 1 0 0 0 760 2 1 1 9
3 9 1 0 0 0 760 3 6 6 1
3 10 1 1 0 0 560 1 1 1 6
3 11 1 0 0 0 760 2 2 2 1
3 12 1 1 0 0 584 1 1 1 2
3 13 1 1 0 0 591 1 2 2 1
3 14 1 1 0 0 528 1 1 1 2
3 15 1 0 0 0 760 2 6 6 1
3 16 1 0 0 0 760 3 12 12 6
3 17 1 1 0 0 560 1 6 6 12
3 18 1 1 0 0 520 1 12 12 6
3 19 1 0 0 0 760 2 9 9 12
3 20 1 0 0 0 760 3 4 4 9
3 21 1 0 0 0 760 3 14 14 4
3 22 1 1 0 0 470 1 4 4 14
3 23 1 1 0 0 502 1 14 14 4
3 24 1 0 0 0 760 2 9 9 14
3 25 1 0 0 0 760 2 11 11 9
