1 1 1 0 0 0 760 2 3 3 0
1 2 1 0 0 0 760 1 2 2 3
1 3 1 0 0 0 760 2 1 1 2
1 4 1 0 0 0 760 2 15 15 1
1 5 1 0 0 0 760 2 5 5 15
1 6 1 0 0 0 760 2 6 6 5
1 7 1 0 0 0 760 2 15 15 6
1 8 0 0 1 0 760 1 6 6 15
1 9 1 0 0 0 760 2 8 8 6
1 10 1 0 0 0 760 2 11 11 8
1 11 1 0 0 0 760 3 2 2 11
1 12 1 0 0 0 760 3 9 9 2
1 13 1 0 0 0 760 2 14 14 9
1 14 1 1 0 0 706 1 9 9 14
1 15 0 0 1 0 760 1 14 14 9
1 16 1 1 0 0 634 1 9 9 14
1 17 1 0 0 0 760 2 3 3 9
1 18 1 0 0 0 760 2 3 3 3
1 19 1 0 0 0 760 2 9 9 3
1 20 1 1 0 0 588 1 3 3 9
1 21 1 1 0 0 620 1 9 9 3
1 22 1 0 0 0 760 3 7 7 9
1 23 1 1 0 0 649 1 9 9 7
1 24 1 0 0 0 760 2 4 4 9
1 25 1 0 0 0 760 3 1 1 4
2 1 1 0 0 0 760 2 10 10 1
2 2 1 0 0 0 760 3 2 2 10
2 3 1 0 0 0 760 3 5 5 2
2 4 0 0 1 0 760 1 2 2 5
2 5 1 0 0 0 760 3 13 13 2
2 6 1 0 0 0 760 2 5 5 13
2 7 1 1 0 0 629 1 13 13 5
2 8 1 0 0 0 760 3 12 12 13
2 9 1 0 0 0 760 3 6 6 12
2 10 1 0 0 0 760 2 8 8 6
2 11 1 0 0 0 760 2 8 8 8
2 12 1 1 0 0 530 1 8 8 8
2 13 1 0 0 0 760 3 12 12 8
2 14 1 0 0 0 760 2 4 4 12
2 15 1 0 0 0 760 2 7 7 4
2 16 1 1 0 0 503 1 4 4 7
2 17 1 0 0 0 760 3 6 6 4
2 18 1 0 0 0 760 3 15 15 6
2 19 1 1 0 0 570 1 6 6 15
2 20 0 0 1 0 760 1 15 15 6
2 21 1 0 0 0 760 2 2 2 15
2 22 1 0 0 0 760 3 7 7 2
2 23 0 0 0 1 632 3 7 7 7
2 24 1 0 0 0 760 3 10 10 7
2 25 1 0 0 0 760 2 14 14 10
3 1 1 0 0 0 760 1 7 7 14
3 2 1 0 0 0 760 2 5 5 7
3 3 1 1 0 0 588 1 7 7 5
3 4 0 0 1 0 760 1 5 5 7
3 5 1 0 0 0 760 3 8 8 5
3 6 1 1 0 0 576 1 5 5 8
3 7 1 0 0 0 760 2 12 12 5
3 8 1 1 0 0 528 1 5 5 12
3 9 1 1 0 0 519 1 12 12 5
3 10 1 1 0 0 523 1 5 5 12
3 11 1 0 0 0 760 2 13 13 5
3 12 1 0 0 0 760 3 11 11 13
3 13 1 0 0 0 760 3 3 3 11
3 14 1 0 0 0 760 2 12 12 3
3 15 1 0 0 0 760 3 1 1 12
3 16 0 0 0 1 537 2 1 1 1
3 17 1 0 0 0 760 3 4 4 1
3 18 1 1 0 0 671 1 1 1 4
3 19 1 1 0 0 621 1 4 4 1
3 20 1 0 0 0 760 3 14 14 4
3 21 1 0 0 0 760 3 15 15 14
3 22 1 0 0 0 760 3 8 8 15
3 23 1 1 0 0 589 1 15 15 8
3 24 1 0 0 0 760 2 4 4 15
3 25 1 1 0 0 528 1 15 15 4
