1 1 1 0 0 0 760 3 5 5 0
1 2 1 0 0 0 760 1 7 7 5
1 3 1 0 0 0 760 2 13 13 7
1 4 1 0 0 0 760 3 14 14 13
1 5 1 1 0 0 632 1 13 13 14
1 6 1 0 0 0 760 3 1 1 13
1 7 0 0 0 1 689 3 1 1 1
1 8 1 0 0 0 760 3 7 7 1
1 9 1 0 0 0 760 2 4 4 7
1 10 1 1 0 0 508 1 7 7 4
1 11 1 1 0 0 553 1 4 4 7
1 12 1 1 0 0 546 1 7 7 4
1 13 1 1 0 0 505 1 4 4 7
1 14 1 1 0 0 532 1 7 7 4
1 15 1 0 0 0 760 2 2 2 7
1 16 1 1 0 0 524 1 7 7 2
1 17 1 0 0 0 760 3 8 8 7
1 18 1 0 0 0 760 3 15 15 8
1 19 1 1 0 0 556 1 8 8 15
1 20 1 0 0 0 760 2 14 14 8
1 21 1 1 0 0 659 1 8 8 14
1 22 1 1 0 0 475 1 14 14 8
1 23 1 0 0 0 760 3 2 2 14
1 24 1 0 0 0 760 2 13 13 2
1 25 1 1 0 0 519 1 2 2 13
2 1 1 0 0 0 760 2 14 14 2
2 2 1 0 0 0 760 2 4 4 14
2 3 1 0 0 0 760 3 1 1 4
2 4 1 0 0 0 760 3 7 7 1
2 5 1 0 0 0 760 2 12 12 7
2 6 1 0 0 0 760 3 14 14 12
2 7 1 0 0 0 760 3 14 14 14
2 8 1 1 0 0 490 1 14 14 14
2 9 1 0 0 0 760 2 10 10 14
2 10 1 0 0 0 760 3 15 15 10
2 11 1 0 0 0 760 3 11 11 15
2 12 1 0 0 0 760 3 6 6 11
2 13 1 1 0 0 501 1 11 11 6
2 14 1 0 0 0 760 2 4 4 11
2 15 1 0 0 0 760 2 5 5 4
2 16 1 0 0 0 760 3 5 5 5
2 17 1 0 0 0 760 3 1 1 5
2 18 1 1 0 0 514 1 5 5 1
2 19 1 1 0 0 546 1 1 1 5
2 20 1 1 0 0 693 1 5 5 1
2 21 1 1 0 0 495 1 1 1 5
2 22 1 0 0 0 760 3 15 15 1
2 23 1 1 0 0 477 1 1 1 15
2 24 1 0 0 0 760 3 3 3 1
2 25 1 0 0 0 760 3 13 13 3
3 1 1 0 0 0 760 1 5 5 13
3 2 1 0 0 0 760 3 12 12 5
3 3 1 0 0 0 760 2 14 14 12
3 4 1 1 0 0 593 1 12 12 14
3 5 1 1 0 0 485 1 14 14 12
3 6 1 0 0 0 760 2 11 11 14
3 7 1 0 0 0 760 3 5 5 11
3 8 1 1 0 0 493 1 11 11 5
3 9 1 0 0 0 760 2 15 15 11
3 10 1 0 0 0 760 2 7 7 15
3 11 1 0 0 0 760 3 12 12 7
3 12 1 0 0 0 760 3 3 3 12
3 13 1 0 0 0 760 3 13 13 3
3 14 1 0 0 0 760 3 6 6 13
3 15 1 0 0 0 760 3 8 8 6
3 16 1 0 0 0 760 2 3 3 8
3 17 1 0 0 0 760 2 9 9 3
3 18 1 0 0 0 760 3 6 6 9
3 19 1 0 0 0 760 2 14 14 6
3 20 1 0 0 0 760 3 15 15 14
3 21 1 0 0 0 760 3 13 13 15
3 22 1 0 0 0 760 2 3 3 13
3 23 1 0 0 0 760 2 8 8 3
3 24 1 0 0 0 760 3 14 14 8
3 25 1 0 0 0 760 2 12 12 14
