1 1 1 0 0 0 760 3 12 12 0
1 2 1 0 0 0 760 2 4 4 12
1 3 1 0 0 0 760 2 8 8 4
1 4 1 0 0 0 760 2 13 13 8
1 5 0 0 1 0 760 1 8 8 13
1 6 0 0 1 0 760 1 13 13 8
1 7 1 1 0 0 641 1 8 8 13
1 8 0 0 1 0 760 1 13 13 8
1 9 1 0 0 0 760 2 1 1 13
1 10 1 0 0 0 760 3 11 11 1
1 11 1 1 0 0 658 1 1 1 11
1 12 1 0 0 0 760 3 12 12 1
1 13 1 1 0 0 470 1 1 1 12
1 14 1 0 0 0 760 3 9 9 1
1 15 1 1 0 0 520 1 1 1 9
1 16 1 0 0 0 760 3 10 10 1
1 17 1 0 0 0 760 3 15 15 10
1 18 1 1 0 0 697 1 10 10 15
1 19 1 0 0 0 760 2 8 8 10
1 20 1 0 0 0 760 2 11 11 8
1 21 1 0 0 0 760 3 5 5 11
1 22 0 0 1 0 760 1 11 11 5
1 23 1 1 0 0 659 1 5 5 11
1 24 0 0 1 0 760 1 11 11 5
1 25 1 0 0 0 760 2 3 3 11
2 1 1 0 0 0 760 3 8 8 3
2 2 1 0 0 0 760 1 12 12 8
2 3 1 0 0 0 760 2 15 15 12
2 4 1 1 0 0 485 1 12 12 15
2 5 1 0 0 0 760 2 11 11 12
2 6 0 0 0 1 633 2 5 5 11
2 7 0 0 1 0 760 1 11 11 5
2 8 1 0 0 0 760 2 14 14 11
2 9 1 0 0 0 760 2 8 8 14
2 10 1 1 0 0 487 1 14 14 8
2 11 1 0 0 0 760 2 3 3 14
2 12 1 0 0 0 760 2 13 13 3
2 13 1 0 0 0 760 2 15 15 13
2 14 1 1 0 0 732 1 13 13 15
2 15 1 0 0 0 760 2 3 3 13
2 16 1 0 0 0 760 2 9 9 3
2 17 1 1 0 0 566 1 3 3 9
2 18 1 0 0 0 760 2 4 4 3
2 19 1 0 0 0 760 3 14 14 4
2 20 1 0 0 0 760 2 11 11 14
2 21 1 1 0 0 470 1 14 14 11
2 22 1 0 0 0 760 2 9 9 14
2 23 1 0 0 0 760 2 15 15 9
2 24 1 1 0 0 536 1 9 9 15
2 25 1 0 0 0 760 3 4 4 9
3 1 1 0 0 0 760 3 11 11 4
3 2 1 0 0 0 760 3 8 8 11
3 3 1 0 0 0 760 3 2 2 8
3 4 0 0 0 1 512 2 11 11 2
3 5 1 1 0 0 553 1 2 2 11
3 6 1 1 0 0 602 1 11 11 2
3 7 1 0 0 0 760 2 3 3 11
3 8 1 0 0 0 760 3 14 14 3
3 9 1 0 0 0 760 3 13 13 14
3 10 1 0 0 0 760 2 15 15 13
3 11 0 0 0 1 690 3 11 11 15
3 12 1 1 0 0 507 1 15 15 11
3 13 1 0 0 0 760 3 3 3 15
3 14 1 0 0 0 760 2 11 11 3
3 15 1 0 0 0 760 2 8 8 11
3 16 1 0 0 0 760 2 1 1 8
3 17 1 0 0 0 760 2 15 15 1
3 18 1 0 0 0 760 3 9 9 15
3 19 1 0 0 0 760 2 8 8 9
3 20 0 0 1 0 760 1 9 9 8
3 21 1 1 0 0 688 1 8 8 9
3 22 1 0 0 0 760 2 13 13 8
3 23 1 1 0 0 734 1 8 8 13
3 24 0 0 0 1 485 3 8 8 8
3 25 1 0 0 0 760 2 1 1 8
