1 1 1 0 0 0 760 1 4 4 0
1 2 1 0 0 0 760 3 2 2 4
1 3 1 1 0 0 583 1 4 4 2
1 4 1 1 0 0 572 1 2 2 4
1 5 1 1 0 0 564 1 4 4 2
1 6 1 0 0 0 760 3 11 11 4
1 7 1 1 0 0 561 1 4 4 11
1 8 1 0 0 0 760 3 2 2 4
1 9 1 1 0 0 504 1 4 4 2
1 10 1 0 0 0 760 3 7 7 4
1 11 1 0 0 0 760 2 15 15 7
1 12 1 1 0 0 553 1 7 7 15
1 13 1 1 0 0 545 1 15 15 7
1 14 1 0 0 0 760 3 13 13 15
1 15 1 0 0 0 760 2 2 2 13
1 16 1 0 0 0 760 2 11 11 2
1 17 1 1 0 0 530 1 2 2 11
1 18 1 1 0 0 538 1 11 11 2
1 19 1 0 0 0 760 2 8 8 11
1 20 1 1 0 0 535 1 11 11 8
1 21 1 0 0 0 760 3 9 9 11
1 22 1 0 0 0 760 3 14 14 9
1 23 1 1 0 0 635 1 9 9 14
1 24 1 0 0 0 760 2 4 4 9
1 25 1 1 0 0 515 1 9 9 4
2 1 1 0 0 0 760 2 13 13 9
2 2 1 0 0 0 760 3 10 10 13
2 3 1 1 0 0 606 1 13 13 10
2 4 1 0 0 0 760 2 11 11 13
2 5 1 0 0 0 760 3 12 12 11
2 6 1 0 0 0 760 3 9 9 12
2 7 1 0 0 0 760 2 5 5 9
2 8 1 0 0 0 760 2 15 15 5
2 9 1 0 0 0 760 3 7 7 15
2 10 1 0 0 0 760 2 14 14 7
2 11 1 0 0 0 760 3 12 12 14
2 12 1 1 0 0 521 1 14 14 12
2 13 0 0 1 0 760 1 12 12 14
2 14 1 0 0 0 760 2 3 3 12
2 15 1 1 0 0 614 1 12 12 3
2 16 1 0 0 0 760 2 14 14 12
2 17 1 1 0 0 534 1 12 12 14
2 18 1 0 0 0 760 3 5 5 12
2 19 1 0 0 0 760 2 4 4 5
2 20 0 0 1 0 760 1 5 5 4
2 21 1 1 0 0 571 1 4 4 5
2 22 1 1 0 0 504 1 5 5 4
2 23 1 0 0 0 760 3 8 8 5
2 24 1 1 0 0 620 1 5 5 8
2 25 1 0 0 0 760 2 1 1 5
3 1 1 0 0 0 760 3 13 13 1
3 2 1 0 0 0 760 2 12 12 13
3 3 0 0 0 1 682 2 12 12 12
3 4 1 1 0 0 582 1 12 12 12
3 5 1 1 0 0 498 1 12 12 12
3 6 1 0 0 0 760 2 11 11 12
3 7 1 1 0 0 586 1 12 12 11
3 8 1 1 0 0 496 1 11 11 12
3 9 1 1 0 0 527 1 12 12 11
3 10 1 1 0 0 520 1 11 11 12
3 11 1 0 0 0 760 2 1 1 11
3 12 1 0 0 0 760 2 8 8 1
3 13 1 0 0 0 760 3 14 14 8
3 14 1 0 0 0 760 3 1 1 14
3 15 1 0 0 0 760 2 6 6 1
3 16 1 0 0 0 760 2 15 15 6
3 17 1 1 0 0 538 1 6 6 15
3 18 1 1 0 0 532 1 15 15 6
3 19 1 0 0 0 760 2 7 7 15
3 20 1 0 0 0 760 3 1 1 7
3 21 1 0 0 0 760 3 13 13 1
3 22 1 0 0 0 760 2 7 7 13
3 23 1 0 0 0 760 2 6 6 7
3 24 1 0 0 0 760 2 10 10 6
3 25 1 0 0 0 760 2 2 2 10
