1 1 1 0 0 0 760 2 14 14 0
1 2 1 0 0 0 760 2 3 3 14
1 3 1 1 0 0 517 1 14 14 3
1 4 1 0 0 0 760 3 10 10 14
1 5 1 0 0 0 760 3 1 1 10
1 6 1 0 0 0 760 3 14 14 1
1 7 1 0 0 0 760 3 11 11 14
1 8 1 1 0 0 505 1 14 14 11
1 9 1 0 0 0 760 2 14 14 14
1 10 1 0 0 0 760 3 13 13 14
1 11 1 1 0 0 495 1 14 14 13
1 12 1 0 0 0 760 2 5 5 14
1 13 1 0 0 0 760 2 3 3 5
1 14 1 1 0 0 555 1 5 5 3
1 15 1 0 0 0 760 2 8 8 5
1 16 1 0 0 0 760 2 12 12 8
1 17 1 0 0 0 760 2 4 4 12
1 18 1 1 0 0 705 1 12 12 4
1 19 1 0 0 0 760 2 13 13 12
1 20 1 0 0 0 760 3 2 2 13
1 21 1 0 0 0 760 2 12 12 2
1 22 1 0 0 0 760 3 8 8 12
1 23 1 1 0 0 530 1 12 12 8
1 24 1 0 0 0 760 2 12 12 12
1 25 1 1 0 0 479 1 12 12 12
2 1 1 0 0 0 760 3 14 14 12
2 2 1 0 0 0 760 1 11 11 14
2 3 1 1 0 0 572 1 14 14 11
2 4 1 0 0 0 760 3 10 10 14
2 5 1 0 0 0 760 2 7 7 10
2 6 1 0 0 0 760 2 6 6 7
2 7 1 0 0 0 760 2 9 9 6
2 8 1 1 0 0 529 1 6 6 9
2 9 1 0 0 0 760 2 2 2 6
2 10 1 0 0 0 760 2 11 11 2
2 11 1 0 0 0 760 3 3 3 11
2 12 1 0 0 0 760 2 14 14 3
2 13 1 0 0 0 760 3 15 15 14
2 14 1 0 0 0 760 3 12 12 15
2 15 1 1 0 0 490 1 15 15 12
2 16 0 0 1 0 760 1 12 12 15
2 17 1 1 0 0 641 1 15 15 12
2 18 1 0 0 0 760 3 5 5 15
2 19 1 1 0 0 690 1 15 15 5
2 20 1 1 0 0 624 1 5 5 15
2 21 1 0 0 0 760 3 11 11 5
2 22 1 0 0 0 760 3 1 1 11
2 23 1 0 0 0 760 3 6 6 1
2 24 1 0 0 0 760 3 10 10 6
2 25 0 0 0 1 525 2 10 10 10
3 1 1 0 0 0 760 2 1 1 10
3 2 1 0 0 0 760 3 3 3 1
3 3 1 0 0 0 760 3 9 9 3
3 4 1 0 0 0 760 2 12 12 9
3 5 1 1 0 0 566 1 9 9 12
3 6 1 0 0 0 760 3 5 5 9
3 7 1 0 0 0 760 3 1 1 5
3 8 1 0 0 0 760 2 14 14 1
3 9 1 0 0 0 760 2 12 12 14
3 10 1 0 0 0 760 2 7 7 12
3 11 1 0 0 0 760 3 13 13 7
3 12 1 0 0 0 760 3 8 8 13
3 13 1 0 0 0 760 3 7 7 8
3 14 1 0 0 0 760 3 7 7 7
3 15 1 0 0 0 760 3 11 11 7
3 16 1 1 0 0 555 1 7 7 11
3 17 1 0 0 0 760 3 1 1 7
3 18 1 0 0 0 760 3 2 2 1
3 19 1 0 0 0 760 3 13 13 2
3 20 1 0 0 0 760 3 10 10 13
3 21 1 1 0 0 724 1 13 13 10
3 22 1 0 0 0 760 2 13 13 13
3 23 1 0 0 0 760 2 2 2 13
3 24 1 0 0 0 760 2 15 15 2
3 25 0 0 1 0 760 1 2 2 15
