1 1 1 0 0 0 232 1 13 13 0
1 2 1 0 0 0 760 2 5 5 13
1 3 1 1 0 0 490 1 13 13 5
1 4 0 0 0 1 457 3 8 8 13
1 5 1 0 0 0 760 2 1 1 8
1 6 1 1 0 0 478 1 8 8 1
1 7 1 1 0 0 483 1 1 1 8
1 8 1 0 0 0 760 3 15 15 1
1 9 1 0 0 0 760 3 7 7 15
1 10 1 0 0 0 760 2 1 1 7
1 11 1 0 0 0 760 3 1 1 1
1 12 1 0 0 0 760 3 14 14 1
1 13 1 1 0 0 469 1 1 1 14
1 14 1 0 0 0 760 2 1 1 1
1 15 1 1 0 0 449 1 1 1 1
1 16 1 0 0 0 760 3 11 11 1
1 17 1 1 0 0 468 1 1 1 11
1 18 1 1 0 0 701 1 11 11 1
1 19 1 1 0 0 677 1 1 1 11
1 20 1 0 0 0 760 2 10 10 1
1 21 1 1 0 0 564 1 1 1 10
1 22 1 0 0 0 760 3 13 13 1
1 23 1 1 0 0 594 1 1 1 13
1 24 1 1 0 0 500 1 13 13 1
1 25 1 0 0 0 760 3 14 14 13
2 1 1 0 0 0 760 2 6 6 14
2 2 1 0 0 0 760 3 9 9 6
2 3 1 0 0 0 760 3 9 9 9
2 4 1 0 0 0 760 3 14 14 9
2 5 1 0 0 0 760 2 5 5 14
2 6 1 0 0 0 760 2 5 5 5
2 7 1 1 0 0 485 1 5 5 5
2 8 1 0 0 0 760 3 9 9 5
2 9 1 1 0 0 463 1 5 5 9
2 10 1 1 0 0 514 1 9 9 5
2 11 1 1 0 0 486 1 5 5 9
2 12 1 0 0 0 760 2 3 3 5
2 13 1 1 0 0 480 1 5 5 3
2 14 1 0 0 0 760 3 7 7 5
2 15 1 1 0 0 673 1 5 5 7
2 16 1 0 0 0 760 2 12 12 5
2 17 1 1 0 0 444 1 5 5 12
2 18 1 0 0 0 760 2 3 3 5
2 19 1 0 0 0 760 2 13 13 3
2 20 1 1 0 0 737 1 3 3 13
2 21 1 1 0 0 565 1 13 13 3
2 22 1 0 0 0 760 2 14 14 13
2 23 1 0 0 0 760 3 15 15 14
2 24 1 0 0 0 760 3 2 2 15
2 25 1 0 0 0 760 3 7 7 2
3 1 1 0 0 0 760 2 14 14 7
3 2 1 0 0 0 760 1 1 1 14
3 3 1 0 0 0 760 2 2 2 1
3 4 1 1 0 0 645 1 1 1 2
3 5 1 0 0 0 760 3 15 15 1
3 6 1 1 0 0 557 1 1 1 15
3 7 1 0 0 0 760 2 14 14 1
3 8 1 0 0 0 760 3 11 11 14
3 9 1 0 0 0 760 3 7 7 11
3 10 1 0 0 0 760 2 8 8 7
3 11 1 0 0 0 760 3 13 13 8
3 12 1 0 0 0 760 2 11 11 13
3 13 1 1 0 0 534 1 13 13 11
3 14 1 1 0 0 475 1 11 11 13
3 15 1 0 0 0 760 2 1 1 11
3 16 1 1 0 0 445 1 11 11 1
3 17 1 1 0 0 496 1 1 1 11
3 18 1 0 0 0 760 2 15 15 1
3 19 1 1 0 0 691 1 1 1 15
3 20 1 0 0 0 760 3 3 3 1
3 21 1 0 0 0 760 2 10 10 3
3 22 1 0 0 0 760 3 11 11 10
3 23 1 0 0 0 760 2 4 4 11
3 24 1 0 0 0 760 2 9 9 4
3 25 1 0 0 0 760 3 9 9 9
