1 1 1 0 0 0 760 2 2 2 0
1 2 1 0 0 0 760 2 12 12 2
1 3 1 1 0 0 590 1 2 2 12
1 4 1 0 0 0 760 3 2 2 2
1 5 1 0 0 0 760 2 8 8 2
1 6 1 0 0 0 760 2 5 5 8
1 7 1 0 0 0 760 2 11 11 5
1 8 1 0 0 0 760 3 11 11 11
1 9 1 0 0 0 760 3 4 4 11
1 10 1 1 0 0 493 1 11 11 4
1 11 1 0 0 0 760 3 6 6 11
1 12 1 1 0 0 491 1 11 11 6
1 13 1 0 0 0 760 2 15 15 11
1 14 1 0 0 0 760 3 7 7 15
1 15 1 0 0 0 760 2 11 11 7
1 16 1 1 0 0 531 1 7 7 11
1 17 1 1 0 0 492 1 11 11 7
1 18 1 0 0 0 760 2 4 4 11
1 19 0 0 0 1 554 2 4 4 4
1 20 1 1 0 0 489 1 4 4 4
1 21 1 1 0 0 663 1 4 4 4
1 22 1 1 0 0 580 1 4 4 4
1 23 1 1 0 0 639 1 4 4 4
1 24 1 1 0 0 528 1 4 4 4
1 25 1 0 0 0 760 2 14 14 4
2 1 1 0 0 0 760 3 15 15 14
2 2 1 0 0 0 760 2 3 3 15
2 3 1 0 0 0 760 2 9 9 3
2 4 1 0 0 0 760 2 4 4 9
2 5 1 0 0 0 760 2 11 11 4
2 6 1 1 0 0 561 1 4 4 11
2 7 1 0 0 0 760 2 10 10 4
2 8 1 0 0 0 760 2 14 14 10
2 9 1 0 0 0 760 2 2 2 14
2 10 1 0 0 0 760 2 7 7 2
2 11 1 0 0 0 760 2 13 13 7
2 12 1 0 0 0 760 2 14 14 13
2 13 1 0 0 0 760 2 10 10 14
2 14 1 0 0 0 760 3 1 1 10
2 15 1 0 0 0 760 3 7 7 1
2 16 1 0 0 0 760 3 12 12 7
2 17 1 1 0 0 600 1 7 7 12
2 18 1 1 0 0 725 1 12 12 7
2 19 1 0 0 0 760 3 1 1 12
2 20 1 0 0 0 760 2 14 14 1
2 21 1 1 0 0 484 1 1 1 14
2 22 1 1 0 0 500 1 14 14 1
2 23 1 0 0 0 760 2 11 11 14
2 24 1 0 0 0 760 2 4 4 11
2 25 1 0 0 0 760 3 14 14 4
3 1 1 0 0 0 760 3 15 15 14
3 2 1 0 0 0 760 2 8 8 15
3 3 1 0 0 0 760 2 11 11 8
3 4 1 1 0 0 641 1 8 8 11
3 5 1 0 0 0 760 2 5 5 8
3 6 1 0 0 0 760 3 12 12 5
3 7 1 0 0 0 760 2 12 12 12
3 8 1 1 0 0 525 1 12 12 12
3 9 1 0 0 0 760 3 9 9 12
3 10 1 0 0 0 760 3 6 6 9
3 11 1 1 0 0 623 1 9 9 6
3 12 1 0 0 0 760 2 4 4 9
3 13 1 0 0 0 760 3 7 7 4
3 14 1 0 0 0 760 3 1 1 7
3 15 1 0 0 0 760 3 15 15 1
3 16 1 1 0 0 589 1 1 1 15
3 17 1 0 0 0 760 2 5 5 1
3 18 1 0 0 0 760 3 9 9 5
3 19 1 0 0 0 760 3 9 9 9
3 20 1 1 0 0 505 1 9 9 9
3 21 1 0 0 0 760 2 4 4 9
3 22 1 0 0 0 760 2 12 12 4
3 23 1 0 0 0 760 2 11 11 12
3 24 1 0 0 0 760 3 3 3 11
3 25 1 1 0 0 470 1 11 11 3
