1 1 1 0 0 0 505 3 8 8 0
1 2 1 0 0 0 760 1 14 14 8
1 3 1 0 0 0 760 3 12 12 14
1 4 0 0 1 0 760 1 14 14 12
1 5 0 0 1 0 760 1 12 12 14
1 6 1 0 0 0 760 3 11 11 12
1 7 1 0 0 0 760 2 9 9 11
1 8 0 0 1 0 760 1 11 11 9
1 9 0 0 1 0 760 1 9 9 11
1 10 1 0 0 0 760 2 4 4 9
1 11 0 0 1 0 760 1 9 9 4
1 12 1 1 0 0 718 1 4 4 9
1 13 1 0 0 0 760 2 5 5 4
1 14 1 1 0 0 645 1 4 4 5
1 15 0 0 0 1 664 3 10 10 4
1 16 1 1 0 0 656 1 4 4 10
1 17 1 0 0 0 760 3 12 12 4
1 18 1 1 0 0 677 1 4 4 12
1 19 0 0 1 0 760 1 12 12 4
1 20 1 0 0 0 760 2 6 6 12
1 21 1 0 0 0 760 2 13 13 6
1 22 1 0 0 0 760 3 8 8 13
1 23 1 0 0 0 760 2 6 6 8
1 24 1 0 0 0 760 3 2 2 6
1 25 1 1 0 0 688 1 6 6 2
2 1 1 0 0 0 760 3 9 9 6
2 2 1 0 0 0 760 2 10 10 9
2 3 1 0 0 0 760 3 11 11 10
2 4 0 0 1 0 760 1 10 10 11
2 5 1 1 0 0 671 1 11 11 10
2 6 1 0 0 0 760 3 5 5 11
2 7 1 0 0 0 760 3 4 4 5
2 8 0 0 0 1 658 2 4 4 4
2 9 1 1 0 0 742 1 4 4 4
2 10 1 0 0 0 760 3 7 7 4
2 11 1 1 0 0 634 1 4 4 7
2 12 1 0 0 0 760 3 9 9 4
2 13 1 0 0 0 760 3 8 8 9
2 14 0 0 1 0 760 1 9 9 8
2 15 1 1 0 0 661 1 8 8 9
2 16 0 0 1 0 760 1 9 9 8
2 17 1 1 0 0 711 1 8 8 9
2 18 1 0 0 0 760 2 14 14 8
2 19 0 0 1 0 760 1 8 8 14
2 20 1 0 0 0 760 3 5 5 8
2 21 1 1 0 0 594 1 8 8 5
2 22 1 0 0 0 760 3 2 2 8
2 23 1 0 0 0 760 2 2 2 2
2 24 1 0 0 0 760 2 11 11 2
2 25 0 0 0 1 654 3 6 6 11
3 1 1 0 0 0 760 3 3 3 6
3 2 1 0 0 0 760 2 10 10 3
3 3 1 0 0 0 760 3 6 6 10
3 4 1 0 0 0 760 2 15 15 6
3 5 1 0 0 0 760 2 12 12 15
3 6 1 0 0 0 760 2 5 5 12
3 7 1 0 0 0 760 3 14 14 5
3 8 1 0 0 0 760 3 10 10 14
3 9 1 0 0 0 760 3 3 3 10
3 10 1 0 0 0 760 3 3 3 3
3 11 1 1 0 0 632 1 3 3 3
3 12 1 0 0 0 760 2 13 13 3
3 13 1 0 0 0 760 2 5 5 13
3 14 0 0 1 0 760 1 13 13 5
3 15 0 0 0 1 622 2 8 8 13
3 16 0 0 1 0 760 1 13 13 8
3 17 1 0 0 0 760 2 12 12 13
3 18 1 1 0 0 643 1 13 13 12
3 19 1 0 0 0 760 2 2 2 13
3 20 1 1 0 0 703 1 13 13 2
3 21 1 0 0 0 760 3 10 10 13
3 22 0 0 1 0 760 1 13 13 10
3 23 1 0 0 0 760 3 7 7 13
3 24 1 0 0 0 760 3 14 14 7
3 25 1 0 0 0 760 2 15 15 14
