1 1 1 0 0 0 760 2 4 4 0
1 2 1 0 0 0 760 1 15 15 4
1 3 1 1 0 0 738 1 4 4 15
1 4 1 0 0 0 760 2 13 13 4
1 5 1 0 0 0 760 3 11 11 13
1 6 1 0 0 0 760 2 9 9 11
1 7 1 0 0 0 760 2 12 12 9
1 8 1 0 0 0 760 3 4 4 12
1 9 1 0 0 0 760 2 5 5 4
1 10 1 0 0 0 760 2 13 13 5
1 11 1 1 0 0 684 1 5 5 13
1 12 1 0 0 0 760 2 3 3 5
1 13 1 0 0 0 760 3 3 3 3
1 14 1 0 0 0 760 2 7 7 3
1 15 1 1 0 0 648 1 3 3 7
1 16 0 0 1 0 760 1 7 7 3
1 17 1 0 0 0 760 3 6 6 7
1 18 1 0 0 0 760 3 3 3 6
1 19 1 0 0 0 760 2 1 1 3
1 20 1 0 0 0 760 3 10 10 1
1 21 0 0 1 0 760 1 1 1 10
1 22 0 0 1 0 760 1 10 10 1
1 23 0 0 1 0 760 1 1 1 10
1 24 1 1 0 0 609 1 10 10 1
1 25 1 0 0 0 760 2 7 7 10
2 1 1 0 0 0 760 1 13 13 7
2 2 1 0 0 0 760 3 11 11 13
2 3 1 0 0 0 760 3 4 4 11
2 4 1 0 0 0 760 2 7 7 4
2 5 0 0 1 0 760 1 4 4 7
2 6 1 1 0 0 674 1 7 7 4
2 7 1 0 0 0 760 2 14 14 7
2 8 1 0 0 0 760 2 10 10 14
2 9 1 0 0 0 760 3 2 2 10
2 10 1 0 0 0 760 2 6 6 2
2 11 1 0 0 0 760 3 9 9 6
2 12 1 0 0 0 760 3 3 3 9
2 13 1 0 0 0 760 2 2 2 3
2 14 1 0 0 0 760 2 4 4 2
2 15 1 0 0 0 760 3 10 10 4
2 16 0 0 1 0 760 1 4 4 10
2 17 0 0 0 1 643 2 4 4 4
2 18 1 1 0 0 503 1 4 4 4
2 19 1 0 0 0 760 3 3 3 4
2 20 1 0 0 0 760 2 10 10 3
2 21 1 1 0 0 659 1 3 3 10
2 22 1 0 0 0 760 2 6 6 3
2 23 1 1 0 0 530 1 3 3 6
2 24 1 0 0 0 760 2 2 2 3
2 25 0 0 1 0 760 1 3 3 2
3 1 1 0 0 0 760 1 6 6 3
3 2 1 0 0 0 760 3 11 11 6
3 3 1 0 0 0 760 2 15 15 11
3 4 1 0 0 0 760 2 1 1 15
3 5 1 1 0 0 657 1 15 15 1
3 6 1 0 0 0 760 3 4 4 15
3 7 1 1 0 0 547 1 15 15 4
3 8 1 0 0 0 760 2 2 2 15
3 9 1 1 0 0 518 1 15 15 2
3 10 1 0 0 0 760 2 13 13 15
3 11 1 0 0 0 760 3 14 14 13
3 12 1 0 0 0 760 2 2 2 14
3 13 1 0 0 0 760 2 7 7 2
3 14 1 0 0 0 760 2 6 6 7
3 15 1 0 0 0 760 2 4 4 6
3 16 1 0 0 0 760 2 14 14 4
3 17 1 0 0 0 760 2 7 7 14
3 18 1 0 0 0 760 2 15 15 7
3 19 1 0 0 0 760 2 2 2 15
3 20 1 0 0 0 760 3 11 11 2
3 21 1 0 0 0 760 2 3 3 11
3 22 1 0 0 0 760 3 10 10 3
3 23 1 0 0 0 760 3 14 14 10
3 24 1 0 0 0 760 3 12 12 14
3 25 0 0 1 0 760 1 14 14 12
