1 1 1 0 0 0 760 3 9 9 0
1 2 1 0 0 0 760 2 7 7 9
1 3 1 1 0 0 687 1 9 9 7
1 4 1 1 0 0 534 1 7 7 9
1 5 1 1 0 0 512 1 9 9 7
1 6 1 1 0 0 554 1 7 7 9
1 7 1 0 0 0 760 3 5 5 7
1 8 1 0 0 0 760 3 1 1 5
1 9 1 0 0 0 760 2 6 6 1
1 10 1 0 0 0 760 2 11 11 6
1 11 1 0 0 0 760 2 1 1 11
1 12 1 0 0 0 760 3 6 6 1
1 13 0 0 0 1 667 3 6 6 6
1 14 1 1 0 0 593 1 6 6 6
1 15 1 1 0 0 652 1 6 6 6
1 16 1 0 0 0 760 2 7 7 6
1 17 1 0 0 0 760 3 3 3 7
1 18 0 0 0 1 608 2 3 3 3
1 19 1 1 0 0 558 1 3 3 3
1 20 1 1 0 0 642 1 3 3 3
1 21 1 0 0 0 760 2 9 9 3
1 22 1 1 0 0 677 1 3 3 9
1 23 1 0 0 0 760 2 5 5 3
1 24 1 0 0 0 760 2 15 15 5
1 25 1 1 0 0 676 1 5 5 15
2 1 1 0 0 0 760 3 11 11 5
2 2 1 0 0 0 760 1 15 15 11
2 3 1 0 0 0 760 3 10 10 15
2 4 1 1 0 0 535 1 15 15 10
2 5 1 0 0 0 760 3 9 9 15
2 6 1 1 0 0 682 1 15 15 9
2 7 1 1 0 0 606 1 9 9 15
2 8 1 1 0 0 531 1 15 15 9
2 9 1 1 0 0 522 1 9 9 15
2 10 1 0 0 0 760 3 12 12 9
2 11 1 0 0 0 760 3 3 3 12
2 12 1 0 0 0 760 3 14 14 3
2 13 1 0 0 0 760 2 4 4 14
2 14 1 0 0 0 760 2 8 8 4
2 15 1 0 0 0 760 3 11 11 8
2 16 1 0 0 0 760 2 10 10 11
2 17 1 0 0 0 760 3 6 6 10
2 18 1 0 0 0 760 2 5 5 6
2 19 1 0 0 0 760 2 13 13 5
2 20 1 0 0 0 760 3 7 7 13
2 21 1 1 0 0 714 1 13 13 7
2 22 1 0 0 0 760 2 5 5 13
2 23 1 0 0 0 760 3 2 2 5
2 24 1 0 0 0 760 2 14 14 2
2 25 1 0 0 0 760 2 5 5 14
3 1 1 0 0 0 760 2 15 15 5
3 2 1 0 0 0 760 3 3 3 15
3 3 1 1 0 0 480 1 15 15 3
3 4 1 0 0 0 760 2 5 5 15
3 5 1 0 0 0 760 3 13 13 5
3 6 1 0 0 0 760 3 13 13 13
3 7 1 0 0 0 760 3 9 9 13
3 8 1 0 0 0 760 2 11 11 9
3 9 1 0 0 0 760 3 3 3 11
3 10 1 0 0 0 760 2 10 10 3
3 11 1 1 0 0 570 1 3 3 10
3 12 1 0 0 0 760 2 2 2 3
3 13 1 0 0 0 760 3 10 10 2
3 14 0 0 1 0 760 1 2 2 10
3 15 1 1 0 0 696 1 10 10 2
3 16 1 1 0 0 461 1 2 2 10
3 17 1 1 0 0 591 1 10 10 2
3 18 1 1 0 0 569 1 2 2 10
3 19 1 0 0 0 760 2 11 11 2
3 20 1 0 0 0 760 3 1 1 11
3 21 1 0 0 0 760 2 8 8 1
3 22 1 0 0 0 760 2 15 15 8
3 23 1 0 0 0 760 3 9 9 15
3 24 0 0 1 0 760 1 15 15 9
3 25 0 0 1 0 760 1 9 9 15
