1 1 1 0 0 0 760 2 13 13 0
1 2 1 0 0 0 760 1 6 6 13
1 3 1 0 0 0 760 2 4 4 6
1 4 0 0 1 0 760 1 6 6 4
1 5 1 0 0 0 760 3 2 2 6
1 6 1 1 0 0 682 1 6 6 2
1 7 0 0 0 1 573 2 6 6 6
1 8 1 0 0 0 760 3 5 5 6
1 9 1 0 0 0 760 3 2 2 5
1 10 1 0 0 0 760 2 4 4 2
1 11 1 1 0 0 726 1 2 2 4
1 12 1 0 0 0 760 2 13 13 2
1 13 1 0 0 0 760 2 8 8 13
1 14 1 1 0 0 610 1 13 13 8
1 15 0 0 1 0 760 1 8 8 13
1 16 0 0 0 1 572 2 1 1 8
1 17 0 0 1 0 760 1 8 8 1
1 18 1 0 0 0 760 3 2 2 8
1 19 1 0 0 0 760 3 11 11 2
1 20 1 1 0 0 598 1 2 2 11
1 21 1 0 0 0 760 3 10 10 2
1 22 1 0 0 0 760 3 10 10 10
1 23 1 0 0 0 760 3 9 9 10
1 24 1 0 0 0 760 2 13 13 9
1 25 0 0 1 0 760 1 9 9 13
2 1 1 0 0 0 760 1 2 2 9
2 2 1 0 0 0 760 3 15 15 2
2 3 0 0 0 1 673 3 15 15 15
2 4 1 0 0 0 760 3 4 4 15
2 5 1 1 0 0 686 1 15 15 4
2 6 0 0 1 0 760 1 4 4 15
2 7 1 0 0 0 760 2 5 5 4
2 8 1 0 0 0 760 2 11 11 5
2 9 1 0 0 0 760 2 3 3 11
2 10 1 0 0 0 760 2 5 5 3
2 11 1 1 0 0 603 1 3 3 5
2 12 1 0 0 0 760 2 6 6 3
2 13 1 1 0 0 736 1 3 3 6
2 14 0 0 0 1 613 3 3 3 3
2 15 1 0 0 0 760 2 14 14 3
2 16 1 0 0 0 760 3 5 5 14
2 17 1 0 0 0 760 3 5 5 5
2 18 1 1 0 0 609 1 5 5 5
2 19 1 0 0 0 760 2 10 10 5
2 20 1 0 0 0 760 2 10 10 10
2 21 1 0 0 0 760 3 5 5 10
2 22 1 0 0 0 760 2 1 1 5
2 23 1 0 0 0 760 3 11 11 1
2 24 1 0 0 0 760 2 7 7 11
2 25 1 0 0 0 760 2 4 4 7
3 1 1 0 0 0 760 2 15 15 4
3 2 1 0 0 0 760 1 11 11 15
3 3 1 0 0 0 760 3 2 2 11
3 4 1 0 0 0 760 2 6 6 2
3 5 0 0 0 1 706 3 11 11 6
3 6 0 0 1 0 760 1 6 6 11
3 7 1 0 0 0 760 2 7 7 6
3 8 1 0 0 0 760 2 11 11 7
3 9 1 1 0 0 727 1 7 7 11
3 10 0 0 1 0 760 1 11 11 7
3 11 1 0 0 0 760 2 15 15 11
3 12 1 1 0 0 635 1 11 11 15
3 13 1 0 0 0 760 2 5 5 11
3 14 1 0 0 0 760 2 2 2 5
3 15 1 0 0 0 760 2 6 6 2
3 16 0 0 1 0 760 1 2 2 6
3 17 1 1 0 0 715 1 6 6 2
3 18 1 0 0 0 760 3 9 9 6
3 19 1 0 0 0 760 3 7 7 9
3 20 1 0 0 0 760 2 1 1 7
3 21 1 0 0 0 760 2 5 5 1
3 22 1 0 0 0 760 2 2 2 5
3 23 1 1 0 0 733 1 5 5 2
3 24 1 0 0 0 760 3 10 10 5
3 25 1 1 0 0 657 1 5 5 10
