1 1 1 0 0 0 760 2 5 5 0
1 2 0 0 0 1 582 1 14 14 5
1 3 1 0 0 0 760 2 11 11 14
1 4 1 0 0 0 760 3 15 15 11
1 5 1 1 0 0 608 1 11 11 15
1 6 0 0 1 0 760 1 15 15 11
1 7 1 0 0 0 760 3 5 5 15
1 8 1 1 0 0 688 1 15 15 5
1 9 1 0 0 0 760 2 10 10 15
1 10 1 1 0 0 724 1 15 15 10
1 11 1 0 0 0 760 3 11 11 15
1 12 1 0 0 0 760 2 13 13 11
1 13 1 1 0 0 701 1 11 11 13
1 14 1 0 0 0 760 3 3 3 11
1 15 1 0 0 0 760 2 9 9 3
1 16 0 0 1 0 760 1 3 3 9
1 17 1 0 0 0 760 3 4 4 3
1 18 0 0 0 1 756 3 11 11 4
1 19 1 0 0 0 760 3 12 12 11
1 20 1 0 0 0 760 3 13 13 12
1 21 1 0 0 0 760 3 6 6 13
1 22 1 0 0 0 760 3 4 4 6
1 23 1 0 0 0 760 2 15 15 4
1 24 1 0 0 0 760 2 10 10 15
1 25 0 0 1 0 760 1 15 15 10
2 1 1 0 0 0 760 1 1 1 15
2 2 1 0 0 0 760 3 4 4 1
2 3 1 0 0 0 760 3 10 10 4
2 4 0 0 1 0 760 1 4 4 10
2 5 1 0 0 0 760 3 15 15 4
2 6 0 0 0 1 685 2 15 15 15
2 7 1 0 0 0 760 2 13 13 15
2 8 1 0 0 0 760 2 2 2 13
2 9 1 0 0 0 760 2 7 7 2
2 10 1 0 0 0 760 2 11 11 7
2 11 1 1 0 0 711 1 7 7 11
2 12 1 0 0 0 760 2 9 9 7
2 13 1 0 0 0 760 2 5 5 9
2 14 1 0 0 0 760 3 15 15 5
2 15 1 0 0 0 760 3 12 12 15
2 16 0 0 1 0 760 1 15 15 12
2 17 1 0 0 0 760 2 5 5 15
2 18 1 0 0 0 760 2 12 12 5
2 19 0 0 1 0 760 1 5 5 12
2 20 1 0 0 0 760 3 3 3 5
2 21 1 0 0 0 760 2 12 12 3
2 22 1 0 0 0 760 3 9 9 12
2 23 0 0 0 1 644 3 5 5 9
2 24 1 1 0 0 739 1 9 9 5
2 25 1 0 0 0 760 3 8 8 9
3 1 1 0 0 0 760 1 6 6 8
3 2 1 0 0 0 760 1 11 11 6
3 3 1 0 0 0 760 2 1 1 11
3 4 1 0 0 0 760 3 15 15 1
3 5 1 1 0 0 709 1 1 1 15
3 6 1 0 0 0 760 3 9 9 1
3 7 0 0 1 0 760 1 1 1 9
3 8 0 0 0 1 758 3 1 1 1
3 9 1 0 0 0 760 3 2 2 1
3 10 1 1 0 0 535 1 1 1 2
3 11 1 0 0 0 760 3 1 1 1
3 12 1 0 0 0 760 3 9 9 1
3 13 1 1 0 0 542 1 1 1 9
3 14 0 0 1 0 760 1 9 9 1
3 15 1 0 0 0 760 2 15 15 9
3 16 1 1 0 0 707 1 9 9 15
3 17 1 0 0 0 760 2 14 14 9
3 18 1 0 0 0 760 3 7 7 14
3 19 1 0 0 0 760 3 1 1 7
3 20 1 0 0 0 760 3 3 3 1
3 21 1 0 0 0 760 3 10 10 3
3 22 1 1 0 0 714 1 3 3 10
3 23 1 0 0 0 760 2 9 9 3
3 24 1 0 0 0 760 2 6 6 9
3 25 1 0 0 0 760 2 7 7 6
