1 1 1 0 0 0 760 3 2 2 0
1 2 1 0 0 0 760 1 8 8 2
1 3 1 0 0 0 760 3 3 3 8
1 4 1 0 0 0 760 2 14 14 3
1 5 1 0 0 0 760 2 14 14 14
1 6 1 0 0 0 760 2 11 11 14
1 7 1 0 0 0 760 2 11 11 11
1 8 1 1 0 0 698 1 11 11 11
1 9 1 1 0 0 730 1 11 11 11
1 10 1 0 0 0 760 2 6 6 11
1 11 1 1 0 0 693 1 11 11 6
1 12 1 0 0 0 760 3 13 13 11
1 13 1 0 0 0 760 2 4 4 13
1 14 1 1 0 0 666 1 13 13 4
1 15 1 1 0 0 609 1 4 4 13
1 16 1 0 0 0 760 3 11 11 4
1 17 1 0 0 0 760 3 14 14 11
1 18 1 0 0 0 760 2 2 2 14
1 19 1 0 0 0 760 2 11 11 2
1 20 1 0 0 0 760 2 8 8 11
1 21 1 0 0 0 760 3 10 10 8
1 22 0 0 1 0 760 1 8 8 10
1 23 1 1 0 0 556 1 10 10 8
1 24 1 0 0 0 760 2 2 2 10
1 25 1 0 0 0 760 3 13 13 2
2 1 1 0 0 0 760 3 1 1 13
2 2 1 0 0 0 760 3 12 12 1
2 3 1 0 0 0 760 3 6 6 12
2 4 1 1 0 0 708 1 12 12 6
2 5 1 0 0 0 760 2 13 13 12
2 6 1 0 0 0 760 3 2 2 13
2 7 1 0 0 0 760 3 2 2 2
2 8 1 1 0 0 566 1 2 2 2
2 9 1 0 0 0 760 2 6 6 2
2 10 1 0 0 0 760 3 15 15 6
2 11 1 0 0 0 760 2 4 4 15
2 12 1 1 0 0 522 1 15 15 4
2 13 1 0 0 0 760 2 14 14 15
2 14 1 0 0 0 760 3 7 7 14
2 15 1 0 0 0 760 2 11 11 7
2 16 1 0 0 0 760 2 4 4 11
2 17 1 1 0 0 610 1 11 11 4
2 18 1 1 0 0 636 1 4 4 11
2 19 1 0 0 0 760 2 1 1 4
2 20 1 0 0 0 760 2 8 8 1
2 21 1 0 0 0 760 3 10 10 8
2 22 0 0 1 0 760 1 8 8 10
2 23 1 0 0 0 760 3 11 11 8
2 24 1 1 0 0 665 1 8 8 11
2 25 1 0 0 0 760 3 12 12 8
3 1 1 0 0 0 760 1 4 4 12
3 2 1 0 0 0 760 2 3 3 4
3 3 1 1 0 0 631 1 4 4 3
3 4 1 1 0 0 581 1 3 3 4
3 5 1 0 0 0 760 3 2 2 3
3 6 1 1 0 0 578 1 3 3 2
3 7 1 0 0 0 760 2 14 14 3
3 8 1 0 0 0 760 3 6 6 14
3 9 1 1 0 0 664 1 14 14 6
3 10 1 0 0 0 760 3 3 3 14
3 11 1 0 0 0 760 2 2 2 3
3 12 1 0 0 0 760 3 8 8 2
3 13 1 0 0 0 760 2 6 6 8
3 14 1 1 0 0 589 1 8 8 6
3 15 1 0 0 0 760 3 14 14 8
3 16 1 1 0 0 520 1 8 8 14
3 17 1 0 0 0 760 2 11 11 8
3 18 1 1 0 0 645 1 8 8 11
3 19 1 0 0 0 760 3 9 9 8
3 20 1 0 0 0 760 3 13 13 9
3 21 1 1 0 0 700 1 9 9 13
3 22 1 0 0 0 760 3 9 9 9
3 23 1 0 0 0 760 2 13 13 9
3 24 1 0 0 0 760 2 8 8 13
3 25 1 0 0 0 760 3 1 1 8
