1 1 1 0 0 0 760 3 9 9 0
1 2 1 0 0 0 760 2 14 14 9
1 3 1 0 0 0 760 3 3 3 14
1 4 1 0 0 0 760 3 15 15 3
1 5 1 0 0 0 760 2 8 8 15
1 6 1 0 0 0 760 3 4 4 8
1 7 1 0 0 0 760 2 7 7 4
1 8 1 1 0 0 716 1 4 4 7
1 9 1 0 0 0 760 2 5 5 4
1 10 1 0 0 0 760 2 15 15 5
1 11 1 0 0 0 760 3 2 2 15
1 12 1 0 0 0 760 3 7 7 2
1 13 1 0 0 0 760 3 13 13 7
1 14 1 0 0 0 760 2 12 12 13
1 15 1 0 0 0 760 2 3 3 12
1 16 1 0 0 0 760 3 9 9 3
1 17 1 0 0 0 760 2 7 7 9
1 18 1 0 0 0 760 2 12 12 7
1 19 1 1 0 0 717 1 7 7 12
1 20 1 0 0 0 760 3 6 6 7
1 21 1 1 0 0 614 1 7 7 6
1 22 1 0 0 0 760 3 15 15 7
1 23 1 0 0 0 760 3 10 10 15
1 24 1 0 0 0 760 3 8 8 10
1 25 1 0 0 0 760 2 3 3 8
2 1 1 0 0 0 760 3 5 5 3
2 2 1 0 0 0 760 3 1 1 5
2 3 1 0 0 0 760 2 14 14 1
2 4 1 0 0 0 760 3 2 2 14
2 5 0 0 1 0 760 1 14 14 2
2 6 0 0 1 0 760 1 2 2 14
2 7 1 0 0 0 760 3 3 3 2
2 8 1 1 0 0 731 1 2 2 3
2 9 1 0 0 0 760 2 7 7 2
2 10 1 1 0 0 663 1 2 2 7
2 11 1 0 0 0 760 2 12 12 2
2 12 1 0 0 0 760 3 8 8 12
2 13 1 0 0 0 760 2 5 5 8
2 14 1 0 0 0 760 2 15 15 5
2 15 1 0 0 0 760 2 14 14 15
2 16 0 0 1 0 760 1 15 15 14
2 17 1 0 0 0 760 3 13 13 15
2 18 1 1 0 0 675 1 15 15 13
2 19 1 0 0 0 760 2 14 14 15
2 20 1 0 0 0 760 2 12 12 14
2 21 1 0 0 0 760 2 6 6 12
2 22 1 0 0 0 760 2 3 3 6
2 23 0 0 0 1 734 2 3 3 3
2 24 1 1 0 0 711 1 3 3 3
2 25 1 0 0 0 760 3 15 15 3
3 1 1 0 0 0 760 3 14 14 15
3 2 1 0 0 0 760 1 6 6 14
3 3 0 0 1 0 760 1 14 14 6
3 4 1 1 0 0 633 1 6 6 14
3 5 1 1 0 0 607 1 14 14 6
3 6 0 0 0 1 650 3 12 12 14
3 7 1 0 0 0 760 2 2 2 12
3 8 1 1 0 0 708 1 12 12 2
3 9 1 0 0 0 760 2 8 8 12
3 10 1 0 0 0 760 2 4 4 8
3 11 1 1 0 0 670 1 8 8 4
3 12 1 0 0 0 760 2 7 7 8
3 13 1 1 0 0 677 1 8 8 7
3 14 1 0 0 0 760 2 6 6 8
3 15 1 0 0 0 760 3 1 1 6
3 16 0 0 1 0 760 1 6 6 1
3 17 1 0 0 0 760 2 9 9 6
3 18 0 0 1 0 760 1 6 6 9
3 19 0 0 1 0 760 1 9 9 6
3 20 1 1 0 0 580 1 6 6 9
3 21 1 0 0 0 760 3 14 14 6
3 22 1 0 0 0 760 2 1 1 14
3 23 1 0 0 0 760 3 13 13 1
3 24 1 0 0 0 760 2 8 8 13
3 25 1 0 0 0 760 3 5 5 8
