1 1 1 0 0 0 760 2 4 4 0
1 2 1 0 0 0 760 1 8 8 4
1 3 0 0 1 0 760 1 4 4 8
1 4 1 0 0 0 760 2 15 15 4
1 5 1 1 0 0 629 1 4 4 15
1 6 1 0 0 0 760 3 4 4 4
1 7 1 1 0 0 624 1 4 4 4
1 8 1 0 0 0 760 2 6 6 4
1 9 1 0 0 0 760 3 15 15 6
1 10 0 0 1 0 760 1 6 6 15
1 11 1 0 0 0 760 3 5 5 6
1 12 1 1 0 0 689 1 6 6 5
1 13 1 0 0 0 760 2 4 4 6
1 14 0 0 0 1 560 3 5 5 4
1 15 1 0 0 0 760 3 14 14 5
1 16 1 1 0 0 706 1 5 5 14
1 17 1 0 0 0 760 3 8 8 5
1 18 1 1 0 0 577 1 5 5 8
1 19 1 1 0 0 652 1 8 8 5
1 20 1 1 0 0 754 1 5 5 8
1 21 1 0 0 0 760 3 10 10 5
1 22 1 1 0 0 600 1 5 5 10
1 23 1 0 0 0 760 2 3 3 5
1 24 1 0 0 0 760 2 12 12 3
1 25 1 0 0 0 760 3 4 4 12
2 1 1 0 0 0 760 1 3 3 4
2 2 1 0 0 0 760 3 9 9 3
2 3 1 0 0 0 760 3 4 4 9
2 4 1 0 0 0 760 2 3 3 4
2 5 1 1 0 0 636 1 4 4 3
2 6 1 1 0 0 576 1 3 3 4
2 7 1 1 0 0 562 1 4 4 3
2 8 1 1 0 0 587 1 3 3 4
2 9 1 0 0 0 760 3 7 7 3
2 10 1 0 0 0 760 3 5 5 7
2 11 1 0 0 0 760 2 9 9 5
2 12 1 1 0 0 708 1 5 5 9
2 13 1 0 0 0 760 3 2 2 5
2 14 1 0 0 0 760 3 3 3 2
2 15 1 0 0 0 760 3 3 3 3
2 16 1 0 0 0 760 3 1 1 3
2 17 1 0 0 0 760 2 15 15 1
2 18 1 0 0 0 760 3 4 4 15
2 19 0 0 1 0 760 1 15 15 4
2 20 1 0 0 0 760 2 5 5 15
2 21 1 0 0 0 760 3 11 11 5
2 22 1 0 0 0 760 3 12 12 11
2 23 1 1 0 0 615 1 11 11 12
2 24 1 1 0 0 504 1 12 12 11
2 25 1 0 0 0 760 3 3 3 12
3 1 1 0 0 0 760 3 7 7 3
3 2 1 0 0 0 760 3 1 1 7
3 3 1 1 0 0 581 1 7 7 1
3 4 1 0 0 0 760 3 15 15 7
3 5 0 0 0 1 664 2 1 1 15
3 6 1 1 0 0 598 1 15 15 1
3 7 1 0 0 0 760 2 10 10 15
3 8 1 0 0 0 760 2 2 2 10
3 9 1 0 0 0 760 2 9 9 2
3 10 1 1 0 0 561 1 2 2 9
3 11 1 1 0 0 753 1 9 9 2
3 12 1 0 0 0 760 2 10 10 9
3 13 1 0 0 0 760 3 1 1 10
3 14 1 0 0 0 760 3 9 9 1
3 15 1 0 0 0 760 2 4 4 9
3 16 1 1 0 0 577 1 9 9 4
3 17 0 0 0 1 657 3 15 15 9
3 18 1 0 0 0 760 3 6 6 15
3 19 1 0 0 0 760 3 8 8 6
3 20 1 0 0 0 760 2 15 15 8
3 21 0 0 1 0 760 1 8 8 15
3 22 1 0 0 0 760 2 1 1 8
3 23 1 1 0 0 751 1 8 8 1
3 24 1 0 0 0 760 3 9 9 8
3 25 1 0 0 0 760 3 13 13 9
