1 1 1 0 0 0 760 3 9 9 0
1 2 1 0 0 0 760 1 6 6 9
1 3 1 0 0 0 760 3 11 11 6
1 4 1 1 0 0 715 1 6 6 11
1 5 1 0 0 0 760 3 10 10 6
1 6 1 0 0 0 760 2 4 4 10
1 7 0 0 1 0 760 1 10 10 4
1 8 0 0 1 0 760 1 4 4 10
1 9 0 0 0 1 563 2 4 4 4
1 10 1 1 0 0 532 1 4 4 4
1 11 1 1 0 0 698 1 4 4 4
1 12 1 1 0 0 523 1 4 4 4
1 13 1 1 0 0 480 1 4 4 4
1 14 1 0 0 0 760 3 3 3 4
1 15 1 0 0 0 760 3 15 15 3
1 16 0 0 1 0 760 1 3 3 15
1 17 0 0 1 0 760 1 15 15 3
1 18 0 0 0 1 591 2 4 4 15
1 19 1 0 0 0 760 3 10 10 4
1 20 0 0 1 0 760 1 4 4 10
1 21 1 1 0 0 620 1 10 10 4
1 22 0 0 0 1 677 2 11 11 10
1 23 1 0 0 0 760 3 6 6 11
1 24 1 0 0 0 760 2 12 12 6
1 25 1 0 0 0 760 3 3 3 12
2 1 1 0 0 0 760 1 1 1 3
2 2 1 0 0 0 760 2 15 15 1
2 3 1 0 0 0 760 3 10 10 15
2 4 1 0 0 0 760 2 13 13 10
2 5 1 0 0 0 760 2 5 5 13
2 6 1 0 0 0 760 2 3 3 5
2 7 1 0 0 0 760 2 6 6 3
2 8 1 0 0 0 760 3 13 13 6
2 9 1 0 0 0 760 2 2 2 13
2 10 1 0 0 0 760 3 2 2 2
2 11 1 0 0 0 760 2 11 11 2
2 12 1 0 0 0 760 2 14 14 11
2 13 1 0 0 0 760 3 4 4 14
2 14 0 0 1 0 760 1 14 14 4
2 15 1 1 0 0 741 1 4 4 14
2 16 1 0 0 0 760 3 6 6 4
2 17 1 0 0 0 760 3 13 13 6
2 18 1 0 0 0 760 2 13 13 13
2 19 1 0 0 0 760 3 9 9 13
2 20 1 0 0 0 760 2 7 7 9
2 21 0 0 1 0 760 1 9 9 7
2 22 1 1 0 0 729 1 7 7 9
2 23 0 0 1 0 760 1 9 9 7
2 24 1 0 0 0 760 2 2 2 9
2 25 1 1 0 0 751 1 9 9 2
3 1 1 0 0 0 760 3 6 6 9
3 2 1 0 0 0 760 2 3 3 6
3 3 1 0 0 0 760 3 12 12 3
3 4 1 1 0 0 636 1 3 3 12
3 5 1 0 0 0 760 2 10 10 3
3 6 1 0 0 0 760 3 2 2 10
3 7 1 1 0 0 640 1 10 10 2
3 8 1 1 0 0 733 1 2 2 10
3 9 1 0 0 0 760 2 12 12 2
3 10 1 0 0 0 760 3 4 4 12
3 11 1 0 0 0 760 3 6 6 4
3 12 0 0 1 0 760 1 4 4 6
3 13 1 0 0 0 760 3 2 2 4
3 14 1 0 0 0 760 3 1 1 2
3 15 0 0 1 0 760 1 2 2 1
3 16 0 0 1 0 760 1 1 1 2
3 17 1 0 0 0 760 3 13 13 1
3 18 1 0 0 0 760 2 9 9 13
3 19 0 0 1 0 760 1 13 13 9
3 20 1 0 0 0 760 2 3 3 13
3 21 1 0 0 0 760 2 4 4 3
3 22 1 0 0 0 760 3 6 6 4
3 23 1 1 0 0 699 1 4 4 6
3 24 0 0 0 1 568 3 4 4 4
3 25 1 0 0 0 760 2 10 10 4
