1 1 1 0 0 0 760 3 7 7 0
1 2 1 0 0 0 760 2 6 6 7
1 3 1 0 0 0 760 3 1 1 6
1 4 1 0 0 0 760 3 13 13 1
1 5 1 0 0 0 760 3 13 13 13
1 6 1 0 0 0 760 3 8 8 13
1 7 1 0 0 0 760 3 3 3 8
1 8 1 0 0 0 760 3 15 15 3
1 9 1 1 0 0 750 1 3 3 15
1 10 1 0 0 0 760 3 12 12 3
1 11 1 0 0 0 760 3 9 9 12
1 12 1 0 0 0 760 3 7 7 9
1 13 1 0 0 0 760 3 2 2 7
1 14 0 0 1 0 760 1 7 7 2
1 15 1 1 0 0 741 1 2 2 7
1 16 1 0 0 0 760 3 13 13 2
1 17 0 0 1 0 760 1 2 2 13
1 18 1 0 0 0 760 3 5 5 2
1 19 1 0 0 0 760 2 1 1 5
1 20 1 0 0 0 760 3 6 6 1
1 21 0 0 1 0 760 1 1 1 6
1 22 0 0 1 0 760 1 6 6 1
1 23 1 0 0 0 760 3 9 9 6
1 24 1 0 0 0 760 3 5 5 9
1 25 1 0 0 0 760 2 5 5 5
2 1 1 0 0 0 760 2 2 2 5
2 2 1 0 0 0 760 1 13 13 2
2 3 1 0 0 0 760 2 14 14 13
2 4 1 0 0 0 760 3 3 3 14
2 5 1 0 0 0 760 2 13 13 3
2 6 1 1 0 0 691 1 3 3 13
2 7 1 0 0 0 760 2 1 1 3
2 8 1 0 0 0 760 2 12 12 1
2 9 1 0 0 0 760 2 2 2 12
2 10 1 0 0 0 760 2 15 15 2
2 11 1 0 0 0 760 3 3 3 15
2 12 1 0 0 0 760 3 1 1 3
2 13 1 0 0 0 760 2 13 13 1
2 14 1 0 0 0 760 3 9 9 13
2 15 1 0 0 0 760 3 14 14 9
2 16 0 0 0 1 729 2 3 3 14
2 17 1 0 0 0 760 2 4 4 3
2 18 0 0 1 0 760 1 3 3 4
2 19 1 0 0 0 760 3 6 6 3
2 20 1 0 0 0 760 2 15 15 6
2 21 1 0 0 0 760 3 11 11 15
2 22 1 0 0 0 760 2 14 14 11
2 23 1 0 0 0 760 3 13 13 14
2 24 0 0 1 0 760 1 14 14 13
2 25 1 0 0 0 760 2 10 10 14
3 1 1 0 0 0 760 3 8 8 10
3 2 1 0 0 0 760 1 2 2 8
3 3 1 0 0 0 760 3 14 14 2
3 4 1 0 0 0 760 2 3 3 14
3 5 0 0 1 0 760 1 14 14 3
3 6 0 0 0 1 618 2 14 14 14
3 7 1 0 0 0 760 2 1 1 14
3 8 1 0 0 0 760 3 10 10 1
3 9 1 1 0 0 693 1 1 1 10
3 10 1 0 0 0 760 2 9 9 1
3 11 1 0 0 0 760 3 3 3 9
3 12 0 0 1 0 760 1 9 9 3
3 13 1 1 0 0 673 1 3 3 9
3 14 1 0 0 0 760 3 5 5 3
3 15 0 0 1 0 760 1 3 3 5
3 16 1 0 0 0 760 2 15 15 3
3 17 1 0 0 0 760 2 13 13 15
3 18 1 0 0 0 760 2 11 11 13
3 19 1 0 0 0 760 2 15 15 11
3 20 1 0 0 0 760 3 10 10 15
3 21 1 0 0 0 760 3 5 5 10
3 22 0 0 1 0 760 1 10 10 5
3 23 0 0 1 0 760 1 5 5 10
3 24 1 1 0 0 631 1 10 10 5
3 25 1 0 0 0 760 3 12 12 10
