1 1 1 0 0 0 760 2 1 1 0
1 2 1 0 0 0 760 2 12 12 1
1 3 0 0 1 0 760 1 1 1 12
1 4 1 1 0 0 761 1 12 12 1
1 5 1 0 0 0 760 3 4 4 12
1 6 1 0 0 0 760 2 9 9 4
1 7 1 1 0 0 529 1 4 4 9
1 8 1 0 0 0 760 3 5 5 4
1 9 1 1 0 0 535 1 4 4 5
1 10 1 0 0 0 760 3 11 11 4
1 11 0 0 1 0 760 1 4 4 11
1 12 1 0 0 0 760 2 12 12 4
1 13 1 0 0 0 760 2 5 5 12
1 14 1 0 0 0 760 3 3 3 5
1 15 1 0 0 0 760 3 15 15 3
1 16 1 0 0 0 760 2 10 10 15
1 17 0 0 1 0 760 1 15 15 10
1 18 0 0 1 0 760 1 10 10 15
1 19 1 0 0 0 760 3 11 11 10
1 20 1 0 0 0 760 3 3 3 11
1 21 1 1 0 0 733 1 11 11 3
1 22 1 1 0 0 742 1 3 3 11
1 23 1 0 0 0 760 3 14 14 3
1 24 1 1 0 0 681 1 3 3 14
1 25 1 0 0 0 760 3 11 11 3
2 1 1 0 0 0 760 3 12 12 11
2 2 1 0 0 0 760 2 3 3 12
2 3 1 0 0 0 760 3 9 9 3
2 4 1 1 0 0 664 1 3 3 9
2 5 1 0 0 0 760 2 15 15 3
2 6 1 0 0 0 760 3 4 4 15
2 7 1 0 0 0 760 2 6 6 4
2 8 1 0 0 0 760 3 8 8 6
2 9 1 0 0 0 760 3 10 10 8
2 10 1 0 0 0 760 2 10 10 10
2 11 1 0 0 0 760 3 4 4 10
2 12 1 1 0 0 681 1 10 10 4
2 13 1 1 0 0 572 1 4 4 10
2 14 1 0 0 0 760 3 4 4 4
2 15 1 0 0 0 760 2 9 9 4
2 16 1 0 0 0 760 3 1 1 9
2 17 1 0 0 0 760 2 10 10 1
2 18 0 0 1 0 760 1 1 1 10
2 19 1 1 0 0 719 1 10 10 1
2 20 0 0 1 0 760 1 1 1 10
2 21 1 0 0 0 760 2 12 12 1
2 22 1 0 0 0 760 2 2 2 12
2 23 1 1 0 0 695 1 12 12 2
2 24 1 0 0 0 760 3 13 13 12
2 25 1 0 0 0 760 2 9 9 13
3 1 1 0 0 0 760 2 15 15 9
3 2 1 0 0 0 760 2 8 8 15
3 3 1 0 0 0 760 2 12 12 8
3 4 1 0 0 0 760 3 10 10 12
3 5 1 0 0 0 760 3 4 4 10
3 6 0 0 1 0 760 1 10 10 4
3 7 1 0 0 0 760 2 13 13 10
3 8 1 0 0 0 760 2 7 7 13
3 9 1 0 0 0 760 2 9 9 7
3 10 1 0 0 0 760 3 10 10 9
3 11 1 0 0 0 760 2 3 3 10
3 12 1 0 0 0 760 2 6 6 3
3 13 1 0 0 0 760 3 11 11 6
3 14 1 0 0 0 760 2 15 15 11
3 15 0 0 1 0 760 1 11 11 15
3 16 1 0 0 0 760 2 3 3 11
3 17 1 0 0 0 760 3 14 14 3
3 18 1 0 0 0 760 2 12 12 14
3 19 1 0 0 0 760 2 11 11 12
3 20 1 0 0 0 760 2 13 13 11
3 21 1 0 0 0 760 2 5 5 13
3 22 1 0 0 0 760 3 14 14 5
3 23 1 0 0 0 760 2 14 14 14
3 24 1 0 0 0 760 3 1 1 14
3 25 1 0 0 0 760 2 1 1 1
