1 1 1 0 0 0 760 2 8 8 0
1 2 1 0 0 0 760 2 4 4 8
1 3 1 0 0 0 760 3 15 15 4
1 4 1 0 0 0 760 3 9 9 15
1 5 1 0 0 0 760 3 1 1 9
1 6 0 0 1 0 760 1 9 9 1
1 7 0 0 1 0 760 1 1 1 9
1 8 1 0 0 0 760 2 14 14 1
1 9 1 0 0 0 760 3 3 3 14
1 10 1 0 0 0 760 2 11 11 3
1 11 1 1 0 0 749 1 3 3 11
1 12 1 0 0 0 760 2 12 12 3
1 13 1 0 0 0 760 3 4 4 12
1 14 1 1 0 0 741 1 12 12 4
1 15 1 0 0 0 760 3 10 10 12
1 16 1 0 0 0 760 3 9 9 10
1 17 1 0 0 0 760 2 11 11 9
1 18 1 1 0 0 700 1 9 9 11
1 19 1 1 0 0 759 1 11 11 9
1 20 1 0 0 0 760 3 15 15 11
1 21 1 0 0 0 760 2 15 15 15
1 22 0 0 1 0 760 1 15 15 15
1 23 1 0 0 0 760 2 3 3 15
1 24 1 0 0 0 760 2 2 2 3
1 25 1 0 0 0 760 3 5 5 2
2 1 1 0 0 0 760 3 15 15 5
2 2 1 0 0 0 760 3 10 10 15
2 3 1 0 0 0 760 3 1 1 10
2 4 1 0 0 0 760 2 9 9 1
2 5 1 1 0 0 566 1 1 1 9
2 6 1 0 0 0 760 3 2 2 1
2 7 1 0 0 0 760 2 2 2 2
2 8 1 0 0 0 760 3 12 12 2
2 9 1 0 0 0 760 3 13 13 12
2 10 1 0 0 0 760 3 7 7 13
2 11 1 0 0 0 760 2 4 4 7
2 12 0 0 1 0 760 1 7 7 4
2 13 1 0 0 0 760 3 11 11 7
2 14 0 0 1 0 760 1 7 7 11
2 15 1 0 0 0 760 3 7 7 7
2 16 1 0 0 0 760 3 12 12 7
2 17 1 0 0 0 760 3 11 11 12
2 18 0 0 1 0 760 1 12 12 11
2 19 1 0 0 0 760 3 6 6 12
2 20 0 0 1 0 760 1 12 12 6
2 21 1 0 0 0 760 3 12 12 12
2 22 1 0 0 0 760 2 4 4 12
2 23 1 0 0 0 760 3 5 5 4
2 24 1 0 0 0 760 3 5 5 5
2 25 1 0 0 0 760 3 7 7 5
3 1 0 0 0 1 146 3 6 6 7
3 2 1 0 0 0 760 1 1 1 6
3 3 1 0 0 0 760 2 12 12 1
3 4 1 0 0 0 760 3 5 5 12
3 5 1 0 0 0 760 2 1 1 5
3 6 1 0 0 0 760 3 10 10 1
3 7 0 0 1 0 760 1 1 1 10
3 8 1 0 0 0 760 2 1 1 1
3 9 1 0 0 0 760 2 9 9 1
3 10 1 0 0 0 760 3 10 10 9
3 11 1 0 0 0 760 2 11 11 10
3 12 0 0 1 0 760 1 10 10 11
3 13 1 0 0 0 760 2 7 7 10
3 14 1 0 0 0 760 3 11 11 7
3 15 1 0 0 0 760 3 15 15 11
3 16 1 0 0 0 760 3 9 9 15
3 17 1 0 0 0 760 2 2 2 9
3 18 1 0 0 0 760 2 3 3 2
3 19 1 0 0 0 760 2 12 12 3
3 20 1 0 0 0 760 3 12 12 12
3 21 1 1 0 0 757 1 12 12 12
3 22 1 0 0 0 760 3 9 9 12
3 23 1 0 0 0 760 2 7 7 9
3 24 1 1 0 0 644 1 9 9 7
3 25 1 0 0 0 760 2 2 2 9
