1 1 1 0 0 0 760 1 9 9 0
1 2 1 0 0 0 760 1 11 11 9
1 3 0 0 1 0 760 1 9 9 11
1 4 1 0 0 0 760 2 13 13 9
1 5 1 0 0 0 760 2 1 1 13
1 6 1 1 0 0 651 1 13 13 1
1 7 1 0 0 0 760 3 12 12 13
1 8 1 1 0 0 543 1 13 13 12
1 9 1 0 0 0 760 3 3 3 13
1 10 1 1 0 0 745 1 13 13 3
1 11 1 0 0 0 760 2 14 14 13
1 12 0 0 0 1 647 2 14 14 14
1 13 1 0 0 0 760 2 6 6 14
1 14 1 0 0 0 760 3 7 7 6
1 15 1 1 0 0 738 1 6 6 7
1 16 1 1 0 0 723 1 7 7 6
1 17 1 0 0 0 760 3 11 11 7
1 18 1 0 0 0 760 2 15 15 11
1 19 1 0 0 0 760 3 5 5 15
1 20 1 1 0 0 653 1 15 15 5
1 21 1 0 0 0 760 2 14 14 15
1 22 1 0 0 0 760 2 3 3 14
1 23 1 0 0 0 760 3 10 10 3
1 24 1 0 0 0 760 3 5 5 10
1 25 1 0 0 0 760 3 14 14 5
2 1 1 0 0 0 760 2 15 15 14
2 2 1 0 0 0 760 2 13 13 15
2 3 1 0 0 0 760 3 8 8 13
2 4 1 0 0 0 760 3 4 4 8
2 5 1 0 0 0 760 2 4 4 4
2 6 1 1 0 0 735 1 4 4 4
2 7 1 1 0 0 635 1 4 4 4
2 8 1 0 0 0 760 2 10 10 4
2 9 0 0 1 0 760 1 4 4 10
2 10 1 0 0 0 760 2 6 6 4
2 11 1 1 0 0 706 1 4 4 6
2 12 1 1 0 0 649 1 6 6 4
2 13 1 1 0 0 532 1 4 4 6
2 14 1 0 0 0 760 3 11 11 4
2 15 0 0 1 0 760 1 4 4 11
2 16 1 0 0 0 760 2 9 9 4
2 17 1 0 0 0 760 2 3 3 9
2 18 1 0 0 0 760 2 10 10 3
2 19 1 0 0 0 760 2 10 10 10
2 20 1 0 0 0 760 2 6 6 10
2 21 1 1 0 0 590 1 10 10 6
2 22 1 0 0 0 760 2 13 13 10
2 23 1 1 0 0 546 1 10 10 13
2 24 1 0 0 0 760 2 12 12 10
2 25 1 0 0 0 760 3 15 15 12
3 1 1 0 0 0 760 1 15 15 15
3 2 1 0 0 0 760 1 1 1 15
3 3 1 0 0 0 760 2 1 1 1
3 4 1 0 0 0 760 2 12 12 1
3 5 1 0 0 0 760 2 8 8 12
3 6 0 0 1 0 760 1 12 12 8
3 7 1 1 0 0 683 1 8 8 12
3 8 0 0 0 1 607 2 8 8 8
3 9 1 0 0 0 760 3 14 14 8
3 10 1 0 0 0 760 3 10 10 14
3 11 1 0 0 0 760 2 15 15 10
3 12 1 0 0 0 760 2 2 2 15
3 13 0 0 1 0 760 1 15 15 2
3 14 1 0 0 0 760 3 5 5 15
3 15 1 0 0 0 760 2 11 11 5
3 16 1 0 0 0 760 2 1 1 11
3 17 0 0 1 0 760 1 11 11 1
3 18 1 0 0 0 760 3 14 14 11
3 19 1 0 0 0 760 2 7 7 14
3 20 1 1 0 0 743 1 14 14 7
3 21 1 0 0 0 760 2 1 1 14
3 22 1 1 0 0 732 1 14 14 1
3 23 1 0 0 0 760 2 12 12 14
3 24 1 0 0 0 760 3 9 9 12
3 25 1 1 0 0 759 1 12 12 9
