1 1 1 0 0 0 760 3 14 14 0
1 2 1 0 0 0 760 3 15 15 14
1 3 1 0 0 0 760 3 7 7 15
1 4 1 0 0 0 760 3 11 11 7
1 5 0 0 1 0 760 1 7 7 11
1 6 1 0 0 0 760 3 8 8 7
1 7 1 0 0 0 760 2 14 14 8
1 8 1 0 0 0 760 2 2 2 14
1 9 0 0 1 0 760 1 14 14 2
1 10 1 0 0 0 760 3 5 5 14
1 11 0 0 1 0 760 1 14 14 5
1 12 1 0 0 0 760 2 15 15 14
1 13 1 0 0 0 760 3 12 12 15
1 14 1 0 0 0 760 2 6 6 12
1 15 1 0 0 0 760 3 10 10 6
1 16 1 0 0 0 760 3 15 15 10
1 17 0 0 1 0 760 1 10 10 15
1 18 1 0 0 0 760 2 10 10 10
1 19 1 0 0 0 760 3 3 3 10
1 20 0 0 1 0 760 1 10 10 3
1 21 1 0 0 0 760 2 10 10 10
1 22 1 0 0 0 760 2 11 11 10
1 23 1 0 0 0 760 3 1 1 11
1 24 1 0 0 0 760 2 9 9 1
1 25 0 0 1 0 760 1 1 1 9
2 1 1 0 0 0 760 3 8 8 1
2 2 1 0 0 0 760 2 3 3 8
2 3 0 0 1 0 760 1 8 8 3
2 4 1 0 0 0 760 2 9 9 8
2 5 1 0 0 0 760 2 14 14 9
2 6 1 0 0 0 760 2 11 11 14
2 7 0 0 0 1 706 3 11 11 11
2 8 1 0 0 0 760 2 15 15 11
2 9 0 0 1 0 760 1 11 11 15
2 10 1 0 0 0 760 3 9 9 11
2 11 1 0 0 0 760 2 3 3 9
2 12 1 0 0 0 760 3 2 2 3
2 13 1 0 0 0 760 2 9 9 2
2 14 1 0 0 0 760 2 6 6 9
2 15 1 0 0 0 760 2 14 14 6
2 16 1 0 0 0 760 3 15 15 14
2 17 1 0 0 0 760 3 10 10 15
2 18 1 0 0 0 760 2 2 2 10
2 19 0 0 1 0 760 1 10 10 2
2 20 0 0 1 0 760 1 2 2 10
2 21 0 0 1 0 760 1 10 10 2
2 22 1 0 0 0 760 3 14 14 10
2 23 1 0 0 0 760 3 5 5 14
2 24 1 1 0 0 691 1 14 14 5
2 25 0 0 1 0 760 1 5 5 14
3 1 1 0 0 0 760 1 6 6 5
3 2 1 0 0 0 760 3 2 2 6
3 3 1 0 0 0 760 2 11 11 2
3 4 1 0 0 0 760 2 3 3 11
3 5 1 0 0 0 760 2 12 12 3
3 6 0 0 1 0 760 1 3 3 12
3 7 1 0 0 0 760 3 6 6 3
3 8 1 0 0 0 760 2 11 11 6
3 9 1 1 0 0 754 1 6 6 11
3 10 0 0 1 0 760 1 11 11 6
3 11 1 0 0 0 760 2 13 13 11
3 12 0 0 1 0 760 1 11 11 13
3 13 0 0 1 0 760 1 13 13 11
3 14 1 0 0 0 760 2 10 10 13
3 15 0 0 1 0 760 1 13 13 10
3 16 0 0 1 0 760 1 10 10 13
3 17 1 0 0 0 760 2 14 14 10
3 18 1 0 0 0 760 2 5 5 14
3 19 1 1 0 0 704 1 14 14 5
3 20 0 0 1 0 760 1 5 5 14
3 21 1 0 0 0 760 3 11 11 5
3 22 1 0 0 0 760 2 11 11 11
3 23 0 0 1 0 760 1 11 11 11
3 24 0 0 1 0 760 1 11 11 11
3 25 0 0 1 0 760 1 11 11 11
