1 1 1 0 0 0 760 1 14 14 0
1 2 1 0 0 0 760 3 10 10 14
1 3 1 0 0 0 760 3 3 3 10
1 4 0 0 1 0 760 1 10 10 3
1 5 1 0 0 0 760 2 5 5 10
1 6 1 0 0 0 760 2 11 11 5
1 7 1 0 0 0 760 3 13 13 11
1 8 0 0 1 0 760 1 11 11 13
1 9 0 0 1 0 760 1 13 13 11
1 10 0 0 0 1 685 3 13 13 13
1 11 1 0 0 0 760 3 4 4 13
1 12 1 0 0 0 760 3 3 3 4
1 13 0 0 1 0 760 1 4 4 3
1 14 1 0 0 0 760 3 5 5 4
1 15 1 0 0 0 760 2 5 5 5
1 16 1 1 0 0 717 1 5 5 5
1 17 1 1 0 0 760 1 5 5 5
1 18 1 0 0 0 760 2 7 7 5
1 19 1 0 0 0 760 3 14 14 7
1 20 1 0 0 0 760 3 13 13 14
1 21 1 0 0 0 760 3 7 7 13
1 22 1 0 0 0 760 2 11 11 7
1 23 0 0 1 0 760 1 7 7 11
1 24 1 0 0 0 760 3 8 8 7
1 25 1 0 0 0 760 3 3 3 8
2 1 1 0 0 0 760 1 1 1 3
2 2 1 0 0 0 760 3 7 7 1
2 3 1 0 0 0 760 3 5 5 7
2 4 1 0 0 0 760 2 12 12 5
2 5 1 1 0 0 676 1 5 5 12
2 6 0 0 1 0 760 1 12 12 5
2 7 0 0 1 0 760 1 5 5 12
2 8 0 0 1 0 760 1 12 12 5
2 9 1 1 0 0 733 1 5 5 12
2 10 0 0 1 0 760 1 12 12 5
2 11 1 0 0 0 760 3 9 9 12
2 12 1 0 0 0 760 2 10 10 9
2 13 1 1 0 0 623 1 9 9 10
2 14 0 0 1 0 760 1 10 10 9
2 15 1 0 0 0 760 2 6 6 10
2 16 0 0 1 0 760 1 10 10 6
2 17 0 0 1 0 760 1 6 6 10
2 18 1 1 0 0 758 1 10 10 6
2 19 1 0 0 0 760 3 11 11 10
2 20 1 0 0 0 760 3 15 15 11
2 21 0 0 0 1 704 2 7 7 15
2 22 1 0 0 0 760 2 4 4 7
2 23 1 0 0 0 760 3 15 15 4
2 24 1 0 0 0 760 2 2 2 15
2 25 1 1 0 0 752 1 15 15 2
3 1 1 0 0 0 760 2 8 8 15
3 2 1 0 0 0 760 1 11 11 8
3 3 1 0 0 0 760 3 15 15 11
3 4 1 0 0 0 760 2 2 2 15
3 5 0 0 1 0 760 1 15 15 2
3 6 1 0 0 0 760 3 6 6 15
3 7 0 0 1 0 760 1 15 15 6
3 8 1 0 0 0 760 2 13 13 15
3 9 0 0 1 0 760 1 15 15 13
3 10 1 0 0 0 760 3 10 10 15
3 11 0 0 1 0 760 1 15 15 10
3 12 1 0 0 0 760 3 11 11 15
3 13 1 0 0 0 760 3 4 4 11
3 14 1 1 0 0 671 1 11 11 4
3 15 1 0 0 0 760 2 8 8 11
3 16 0 0 1 0 760 1 11 11 8
3 17 1 0 0 0 760 2 13 13 11
3 18 0 0 1 0 760 1 11 11 13
3 19 1 0 0 0 760 3 1 1 11
3 20 0 0 1 0 760 1 11 11 1
3 21 1 0 0 0 760 2 6 6 11
3 22 1 0 0 0 760 2 7 7 6
3 23 1 0 0 0 760 3 14 14 7
3 24 1 0 0 0 760 3 15 15 14
3 25 1 0 0 0 760 3 10 10 15
