1 1 1 0 0 0 530 3 4 4 0
1 2 1 0 0 0 760 3 4 4 4
1 3 1 0 0 0 760 3 6 6 4
1 4 1 0 0 0 760 2 3 3 6
1 5 1 0 0 0 760 2 11 11 3
1 6 1 0 0 0 760 2 2 2 11
1 7 1 0 0 0 760 3 1 1 2
1 8 1 0 0 0 760 3 15 15 1
1 9 0 0 0 1 637 2 15 15 15
1 10 1 0 0 0 760 2 12 12 15
1 11 0 0 1 0 760 1 15 15 12
1 12 0 0 0 1 653 3 13 13 15
1 13 1 0 0 0 760 2 1 1 13
1 14 1 1 0 0 651 1 13 13 1
1 15 1 1 0 0 704 1 1 1 13
1 16 1 0 0 0 760 2 7 7 1
1 17 0 0 0 1 192 3 6 6 7
1 18 0 0 1 0 760 1 7 7 6
1 19 1 0 0 0 760 3 4 4 7
1 20 0 0 1 0 760 1 7 7 4
1 21 1 1 0 0 515 1 4 4 7
1 22 1 0 0 0 760 2 1 1 4
1 23 1 0 0 0 760 2 2 2 1
1 24 1 0 0 0 760 2 3 3 2
1 25 0 0 1 0 760 1 2 2 3
2 1 1 0 0 0 760 3 9 9 2
2 2 1 0 0 0 760 3 10 10 9
2 3 1 0 0 0 760 2 5 5 10
2 4 1 0 0 0 760 2 4 4 5
2 5 1 0 0 0 760 2 9 9 4
2 6 1 0 0 0 760 3 13 13 9
2 7 1 0 0 0 760 2 8 8 13
2 8 1 1 0 0 753 1 13 13 8
2 9 1 0 0 0 760 2 3 3 13
2 10 1 0 0 0 760 2 12 12 3
2 11 1 0 0 0 760 2 7 7 12
2 12 0 0 0 1 443 3 4 4 7
2 13 0 0 1 0 760 1 7 7 4
2 14 1 0 0 0 760 2 13 13 7
2 15 1 0 0 0 760 3 5 5 13
2 16 0 0 1 0 760 1 13 13 5
2 17 0 0 1 0 760 1 5 5 13
2 18 1 1 0 0 566 1 13 13 5
2 19 1 0 0 0 760 2 14 14 13
2 20 1 0 0 0 760 3 15 15 14
2 21 0 0 0 1 517 3 2 2 15
2 22 0 0 0 1 632 3 11 11 2
2 23 0 0 1 0 760 1 2 2 11
2 24 1 0 0 0 760 3 1 1 2
2 25 1 0 0 0 760 3 12 12 1
3 1 1 0 0 0 760 3 10 10 12
3 2 1 0 0 0 760 2 7 7 10
3 3 1 0 0 0 760 3 14 14 7
3 4 1 0 0 0 760 3 5 5 14
3 5 1 0 0 0 760 2 1 1 5
3 6 1 0 0 0 760 3 13 13 1
3 7 1 0 0 0 760 2 7 7 13
3 8 1 0 0 0 760 2 7 7 7
3 9 1 0 0 0 760 3 9 9 7
3 10 1 0 0 0 760 3 1 1 9
3 11 1 0 0 0 760 3 12 12 1
3 12 1 1 0 0 586 1 1 1 12
3 13 1 0 0 0 760 2 4 4 1
3 14 0 0 0 1 660 2 12 12 4
3 15 1 0 0 0 760 3 13 13 12
3 16 1 0 0 0 760 2 4 4 13
3 17 0 0 1 0 760 1 13 13 4
3 18 1 0 0 0 760 2 14 14 13
3 19 1 0 0 0 760 2 6 6 14
3 20 0 0 0 1 744 2 4 4 6
3 21 0 0 1 0 760 1 6 6 4
3 22 0 0 1 0 760 1 4 4 6
3 23 0 0 1 0 760 1 6 6 4
3 24 1 0 0 0 760 3 2 2 6
3 25 1 0 0 0 760 3 15 15 2
