1 1 1 0 0 0 760 3 11 11 0
1 2 1 0 0 0 760 1 15 15 11
1 3 1 0 0 0 760 3 9 9 15
1 4 1 0 0 0 760 3 13 13 9
1 5 1 0 0 0 760 3 14 14 13
1 6 1 1 0 0 664 1 13 13 14
1 7 1 0 0 0 760 3 4 4 13
1 8 1 1 0 0 688 1 13 13 4
1 9 0 0 0 1 605 2 14 14 13
1 10 1 0 0 0 760 2 1 1 14
1 11 1 1 0 0 635 1 14 14 1
1 12 1 0 0 0 760 3 4 4 14
1 13 1 0 0 0 760 2 12 12 4
1 14 1 0 0 0 760 3 11 11 12
1 15 0 0 1 0 760 1 12 12 11
1 16 1 1 0 0 625 1 11 11 12
1 17 1 1 0 0 619 1 12 12 11
1 18 1 1 0 0 742 1 11 11 12
1 19 1 0 0 0 760 2 5 5 11
1 20 1 0 0 0 760 3 3 3 5
1 21 1 0 0 0 760 3 12 12 3
1 22 1 0 0 0 760 3 4 4 12
1 23 1 0 0 0 760 2 3 3 4
1 24 0 0 1 0 760 1 4 4 3
1 25 1 0 0 0 760 2 7 7 4
2 1 1 0 0 0 760 3 15 15 7
2 2 1 0 0 0 760 1 14 14 15
2 3 1 0 0 0 760 2 4 4 14
2 4 0 0 1 0 760 1 14 14 4
2 5 1 0 0 0 760 2 12 12 14
2 6 1 0 0 0 760 3 4 4 12
2 7 1 0 0 0 760 2 4 4 4
2 8 1 0 0 0 760 2 11 11 4
2 9 0 0 1 0 760 1 4 4 11
2 10 1 1 0 0 748 1 11 11 4
2 11 1 0 0 0 760 2 2 2 11
2 12 1 0 0 0 760 3 13 13 2
2 13 1 0 0 0 760 3 7 7 13
2 14 0 0 1 0 760 1 13 13 7
2 15 1 0 0 0 760 2 3 3 13
2 16 1 0 0 0 760 3 14 14 3
2 17 0 0 1 0 760 1 3 3 14
2 18 1 0 0 0 760 2 10 10 3
2 19 0 0 0 1 479 2 6 6 10
2 20 1 0 0 0 760 2 12 12 6
2 21 1 0 0 0 760 2 1 1 12
2 22 1 0 0 0 760 3 5 5 1
2 23 1 0 0 0 760 3 3 3 5
2 24 1 0 0 0 760 2 3 3 3
2 25 1 0 0 0 760 3 9 9 3
3 1 1 0 0 0 760 3 4 4 9
3 2 1 0 0 0 760 2 8 8 4
3 3 0 0 1 0 760 1 4 4 8
3 4 1 0 0 0 760 2 12 12 4
3 5 1 0 0 0 760 2 11 11 12
3 6 1 0 0 0 760 3 5 5 11
3 7 0 0 1 0 760 1 11 11 5
3 8 1 0 0 0 760 2 10 10 11
3 9 1 0 0 0 760 3 15 15 10
3 10 0 0 1 0 760 1 10 10 15
3 11 0 0 0 1 692 2 10 10 10
3 12 1 0 0 0 760 2 11 11 10
3 13 0 0 1 0 760 1 10 10 11
3 14 0 0 1 0 760 1 11 11 10
3 15 0 0 0 1 545 2 6 6 11
3 16 1 0 0 0 760 3 14 14 6
3 17 1 1 0 0 575 1 6 6 14
3 18 0 0 1 0 760 1 14 14 6
3 19 0 0 1 0 760 1 6 6 14
3 20 1 0 0 0 760 2 10 10 6
3 21 1 0 0 0 760 3 7 7 10
3 22 0 0 1 0 760 1 10 10 7
3 23 1 0 0 0 760 2 11 11 10
3 24 1 0 0 0 760 2 5 5 11
3 25 1 0 0 0 760 2 9 9 5
