1 1 1 0 0 0 760 3 8 8 0
1 2 1 0 0 0 760 1 2 2 8
1 3 1 0 0 0 760 3 12 12 2
1 4 1 0 0 0 760 2 10 10 12
1 5 1 0 0 0 760 2 7 7 10
1 6 1 0 0 0 760 3 11 11 7
1 7 1 0 0 0 760 2 1 1 11
1 8 1 0 0 0 760 3 9 9 1
1 9 1 1 0 0 654 1 1 1 9
1 10 1 1 0 0 624 1 9 9 1
1 11 1 0 0 0 760 3 3 3 9
1 12 1 0 0 0 760 3 2 2 3
1 13 1 0 0 0 760 3 8 8 2
1 14 1 0 0 0 760 2 11 11 8
1 15 0 0 1 0 760 1 8 8 11
1 16 1 0 0 0 760 2 9 9 8
1 17 1 0 0 0 760 3 6 6 9
1 18 1 0 0 0 760 3 4 4 6
1 19 1 0 0 0 760 2 15 15 4
1 20 1 0 0 0 760 3 10 10 15
1 21 1 0 0 0 760 2 9 9 10
1 22 0 0 1 0 760 1 10 10 9
1 23 0 0 1 0 760 1 9 9 10
1 24 1 0 0 0 760 3 14 14 9
1 25 1 0 0 0 760 3 14 14 14
2 1 1 0 0 0 760 1 12 12 14
2 2 1 0 0 0 760 3 11 11 12
2 3 1 1 0 0 732 1 12 12 11
2 4 1 0 0 0 760 3 2 2 12
2 5 1 0 0 0 760 3 9 9 2
2 6 1 1 0 0 548 1 2 2 9
2 7 0 0 1 0 760 1 9 9 2
2 8 1 0 0 0 760 2 7 7 9
2 9 1 1 0 0 631 1 9 9 7
2 10 1 0 0 0 760 2 2 2 9
2 11 1 0 0 0 760 2 1 1 2
2 12 1 0 0 0 760 2 11 11 1
2 13 1 1 0 0 456 1 1 1 11
2 14 0 0 1 0 760 1 11 11 1
2 15 1 0 0 0 760 3 15 15 11
2 16 1 0 0 0 760 2 2 2 15
2 17 1 0 0 0 760 2 5 5 2
2 18 1 0 0 0 760 3 3 3 5
2 19 1 0 0 0 760 3 2 2 3
2 20 1 1 0 0 750 1 3 3 2
2 21 1 0 0 0 760 3 4 4 3
2 22 0 0 1 0 760 1 3 3 4
2 23 0 0 1 0 760 1 4 4 3
2 24 1 0 0 0 760 2 14 14 4
2 25 1 0 0 0 760 3 14 14 14
3 1 1 0 0 0 760 1 1 1 14
3 2 1 0 0 0 760 2 3 3 1
3 3 1 1 0 0 700 1 1 1 3
3 4 0 0 1 0 760 1 3 3 1
3 5 1 0 0 0 760 2 3 3 3
3 6 1 0 0 0 760 2 4 4 3
3 7 0 0 1 0 760 1 3 3 4
3 8 1 0 0 0 760 3 11 11 3
3 9 1 0 0 0 760 3 1 1 11
3 10 1 0 0 0 760 3 7 7 1
3 11 1 0 0 0 760 2 7 7 7
3 12 1 0 0 0 760 3 12 12 7
3 13 1 0 0 0 760 2 11 11 12
3 14 0 0 1 0 760 1 12 12 11
3 15 1 0 0 0 760 3 12 12 12
3 16 0 0 1 0 760 1 12 12 12
3 17 1 0 0 0 760 3 1 1 12
3 18 1 0 0 0 760 2 10 10 1
3 19 1 0 0 0 760 3 12 12 10
3 20 1 1 0 0 562 1 10 10 12
3 21 1 0 0 0 760 2 3 3 10
3 22 1 0 0 0 760 2 14 14 3
3 23 0 0 1 0 760 1 3 3 14
3 24 1 0 0 0 760 2 4 4 3
3 25 1 0 0 0 760 2 7 7 4
