1 1 1 0 0 0 760 1 15 15 0
1 2 1 0 0 0 760 1 13 13 15
1 3 1 0 0 0 760 2 5 5 13
1 4 1 1 0 0 620 1 13 13 5
1 5 1 1 0 0 604 1 5 5 13
1 6 1 0 0 0 760 3 15 15 5
1 7 1 0 0 0 760 3 11 11 15
1 8 1 0 0 0 760 3 7 7 11
1 9 1 0 0 0 760 2 2 2 7
1 10 1 1 0 0 640 1 7 7 2
1 11 1 0 0 0 760 2 9 9 7
1 12 0 0 1 0 760 1 7 7 9
1 13 1 0 0 0 760 2 3 3 7
1 14 1 0 0 0 760 3 15 15 3
1 15 1 0 0 0 760 3 13 13 15
1 16 1 0 0 0 760 3 11 11 13
1 17 0 0 0 1 565 3 15 15 11
1 18 0 0 1 0 760 1 11 11 15
1 19 1 0 0 0 760 3 5 5 11
1 20 1 0 0 0 760 3 3 3 5
1 21 1 1 0 0 590 1 5 5 3
1 22 1 0 0 0 760 2 7 7 5
1 23 1 0 0 0 760 3 15 15 7
1 24 1 1 0 0 552 1 7 7 15
1 25 1 0 0 0 760 2 11 11 7
2 1 1 0 0 0 760 3 4 4 11
2 2 1 0 0 0 760 3 10 10 4
2 3 1 0 0 0 760 3 8 8 10
2 4 1 0 0 0 760 3 11 11 8
2 5 1 0 0 0 760 2 5 5 11
2 6 1 0 0 0 760 3 12 12 5
2 7 1 0 0 0 760 3 4 4 12
2 8 1 1 0 0 737 1 12 12 4
2 9 0 0 0 1 611 2 12 12 12
2 10 1 1 0 0 596 1 12 12 12
2 11 1 0 0 0 760 3 4 4 12
2 12 1 1 0 0 528 1 12 12 4
2 13 1 1 0 0 459 1 4 4 12
2 14 0 0 0 1 742 3 4 4 4
2 15 1 0 0 0 760 3 10 10 4
2 16 1 0 0 0 760 3 14 14 10
2 17 1 0 0 0 760 3 13 13 14
2 18 1 0 0 0 760 3 15 15 13
2 19 1 0 0 0 760 3 9 9 15
2 20 1 0 0 0 760 2 2 2 9
2 21 0 0 0 1 733 3 15 15 2
2 22 0 0 1 0 760 1 2 2 15
2 23 1 0 0 0 760 2 8 8 2
2 24 1 0 0 0 760 3 4 4 8
2 25 1 1 0 0 589 1 8 8 4
3 1 1 0 0 0 760 3 15 15 8
3 2 1 0 0 0 760 3 6 6 15
3 3 1 0 0 0 760 2 11 11 6
3 4 1 1 0 0 584 1 6 6 11
3 5 1 1 0 0 568 1 11 11 6
3 6 1 1 0 0 511 1 6 6 11
3 7 1 0 0 0 760 3 4 4 6
3 8 1 0 0 0 760 2 5 5 4
3 9 1 1 0 0 565 1 4 4 5
3 10 1 0 0 0 760 2 3 3 4
3 11 1 0 0 0 760 3 13 13 3
3 12 0 0 0 1 598 3 5 5 13
3 13 0 0 1 0 760 1 13 13 5
3 14 1 1 0 0 605 1 5 5 13
3 15 1 0 0 0 760 3 9 9 5
3 16 1 0 0 0 760 3 12 12 9
3 17 0 0 1 0 760 1 9 9 12
3 18 1 0 0 0 760 2 10 10 9
3 19 0 0 0 1 631 3 5 5 10
3 20 1 0 0 0 760 2 4 4 5
3 21 1 0 0 0 760 2 7 7 4
3 22 1 1 0 0 626 1 4 4 7
3 23 1 0 0 0 760 3 1 1 4
3 24 1 1 0 0 536 1 4 4 1
3 25 1 0 0 0 760 2 5 5 4
