1 1 1 0 0 0 760 3 3 3 0
1 2 1 0 0 0 760 3 14 14 3
1 3 1 0 0 0 760 2 8 8 14
1 4 1 0 0 0 760 2 13 13 8
1 5 1 1 0 0 695 1 8 8 13
1 6 1 1 0 0 582 1 13 13 8
1 7 1 1 0 0 603 1 8 8 13
1 8 1 0 0 0 760 2 12 12 8
1 9 1 0 0 0 760 2 11 11 12
1 10 1 0 0 0 760 3 3 3 11
1 11 1 0 0 0 760 3 13 13 3
1 12 1 1 0 0 720 1 3 3 13
1 13 1 1 0 0 585 1 13 13 3
1 14 1 1 0 0 551 1 3 3 13
1 15 1 0 0 0 760 2 10 10 3
1 16 1 0 0 0 760 3 9 9 10
1 17 1 1 0 0 476 1 10 10 9
1 18 1 0 0 0 760 3 15 15 10
1 19 1 0 0 0 760 3 8 8 15
1 20 1 0 0 0 760 2 8 8 8
1 21 1 0 0 0 760 2 1 1 8
1 22 1 0 0 0 760 2 9 9 1
1 23 1 0 0 0 760 3 13 13 9
1 24 1 0 0 0 760 3 12 12 13
1 25 1 0 0 0 760 3 1 1 12
2 1 1 0 0 0 760 1 7 7 1
2 2 1 0 0 0 760 2 12 12 7
2 3 1 0 0 0 760 2 4 4 12
2 4 1 0 0 0 760 3 2 2 4
2 5 1 0 0 0 760 2 3 3 2
2 6 1 0 0 0 760 3 14 14 3
2 7 0 0 1 0 760 1 3 3 14
2 8 1 0 0 0 760 3 10 10 3
2 9 0 0 1 0 760 1 3 3 10
2 10 1 0 0 0 760 3 5 5 3
2 11 0 0 0 1 686 2 10 10 5
2 12 1 0 0 0 760 2 13 13 10
2 13 1 0 0 0 760 3 12 12 13
2 14 1 1 0 0 565 1 13 13 12
2 15 1 0 0 0 760 3 5 5 13
2 16 1 0 0 0 760 2 3 3 5
2 17 1 0 0 0 760 3 1 1 3
2 18 1 0 0 0 760 2 13 13 1
2 19 1 1 0 0 667 1 1 1 13
2 20 1 1 0 0 491 1 13 13 1
2 21 1 1 0 0 625 1 1 1 13
2 22 1 1 0 0 624 1 13 13 1
2 23 1 0 0 0 760 3 9 9 13
2 24 1 0 0 0 760 3 6 6 9
2 25 1 0 0 0 760 3 11 11 6
3 1 1 0 0 0 760 3 15 15 11
3 2 1 0 0 0 760 2 2 2 15
3 3 1 0 0 0 760 3 5 5 2
3 4 1 0 0 0 760 3 10 10 5
3 5 1 1 0 0 575 1 5 5 10
3 6 1 0 0 0 760 3 15 15 5
3 7 1 0 0 0 760 2 11 11 15
3 8 1 0 0 0 760 2 1 1 11
3 9 0 0 0 1 665 3 15 15 1
3 10 1 0 0 0 760 3 13 13 15
3 11 1 1 0 0 566 1 15 15 13
3 12 1 0 0 0 760 3 1 1 15
3 13 1 0 0 0 760 3 7 7 1
3 14 0 0 1 0 760 1 1 1 7
3 15 1 1 0 0 680 1 7 7 1
3 16 1 1 0 0 731 1 1 1 7
3 17 1 1 0 0 646 1 7 7 1
3 18 1 1 0 0 628 1 1 1 7
3 19 0 0 1 0 760 1 7 7 1
3 20 0 0 0 1 571 2 7 7 7
3 21 1 0 0 0 760 3 8 8 7
3 22 1 0 0 0 760 2 3 3 8
3 23 1 1 0 0 504 1 8 8 3
3 24 1 1 0 0 651 1 3 3 8
3 25 1 1 0 0 718 1 8 8 3
