1 1 1 0 0 0 760 2 6 6 0
1 2 1 0 0 0 760 2 7 7 6
1 3 1 0 0 0 760 3 13 13 7
1 4 1 0 0 0 760 2 5 5 13
1 5 0 0 1 0 760 1 13 13 5
1 6 1 0 0 0 760 2 12 12 13
1 7 1 1 0 0 730 1 13 13 12
1 8 0 0 1 0 760 1 12 12 13
1 9 1 0 0 0 760 2 1 1 12
1 10 0 0 1 0 760 1 12 12 1
1 11 1 0 0 0 760 3 11 11 12
1 12 1 0 0 0 760 3 15 15 11
1 13 1 1 0 0 678 1 11 11 15
1 14 1 0 0 0 760 2 1 1 11
1 15 1 1 0 0 633 1 11 11 1
1 16 1 0 0 0 760 2 4 4 11
1 17 1 0 0 0 760 3 14 14 4
1 18 1 0 0 0 760 2 8 8 14
1 19 1 0 0 0 760 2 5 5 8
1 20 1 1 0 0 567 1 8 8 5
1 21 1 1 0 0 584 1 5 5 8
1 22 1 1 0 0 683 1 8 8 5
1 23 1 0 0 0 760 2 1 1 8
1 24 1 0 0 0 760 3 7 7 1
1 25 1 0 0 0 760 3 9 9 7
2 1 1 0 0 0 760 2 8 8 9
2 2 1 0 0 0 760 1 8 8 8
2 3 1 0 0 0 760 3 2 2 8
2 4 1 0 0 0 760 3 10 10 2
2 5 0 0 1 0 760 1 2 2 10
2 6 0 0 0 1 734 3 8 8 2
2 7 0 0 0 1 525 3 8 8 8
2 8 1 1 0 0 465 1 8 8 8
2 9 1 1 0 0 629 1 8 8 8
2 10 1 0 0 0 760 3 2 2 8
2 11 1 0 0 0 760 3 6 6 2
2 12 1 0 0 0 760 2 12 12 6
2 13 1 1 0 0 636 1 6 6 12
2 14 1 0 0 0 760 2 5 5 6
2 15 1 0 0 0 760 3 14 14 5
2 16 0 0 0 1 667 2 14 14 14
2 17 1 1 0 0 684 1 14 14 14
2 18 1 0 0 0 760 3 11 11 14
2 19 0 0 1 0 760 1 14 14 11
2 20 1 1 0 0 658 1 11 11 14
2 21 1 1 0 0 710 1 14 14 11
2 22 1 0 0 0 760 3 12 12 14
2 23 0 0 1 0 760 1 14 14 12
2 24 0 0 0 1 607 2 6 6 14
2 25 0 0 1 0 760 1 14 14 6
3 1 1 0 0 0 760 1 11 11 14
3 2 1 0 0 0 760 3 13 13 11
3 3 1 1 0 0 680 1 11 11 13
3 4 1 0 0 0 760 2 5 5 11
3 5 1 1 0 0 752 1 11 11 5
3 6 0 0 1 0 760 1 5 5 11
3 7 1 0 0 0 760 2 14 14 5
3 8 1 0 0 0 760 2 1 1 14
3 9 1 0 0 0 760 3 9 9 1
3 10 0 0 0 1 605 2 9 9 9
3 11 1 1 0 0 694 1 9 9 9
3 12 1 0 0 0 760 3 10 10 9
3 13 1 0 0 0 760 3 7 7 10
3 14 1 1 0 0 570 1 10 10 7
3 15 1 0 0 0 760 2 9 9 10
3 16 1 1 0 0 541 1 10 10 9
3 17 1 0 0 0 760 3 4 4 10
3 18 1 1 0 0 614 1 10 10 4
3 19 1 1 0 0 665 1 4 4 10
3 20 1 0 0 0 760 2 3 3 4
3 21 0 0 1 0 760 1 4 4 3
3 22 1 0 0 0 760 2 1 1 4
3 23 0 0 0 1 647 2 10 10 1
3 24 1 0 0 0 760 3 14 14 10
3 25 1 1 0 0 605 1 10 10 14
