1 1 1 0 0 0 331 3 3 3 0
1 2 1 0 0 0 760 1 3 3 3
1 3 1 0 0 0 760 3 9 9 3
1 4 1 0 0 0 760 2 4 4 9
1 5 1 0 0 0 760 3 1 1 4
1 6 1 0 0 0 760 2 10 10 1
1 7 1 0 0 0 760 3 7 7 10
1 8 0 0 0 1 587 2 3 3 7
1 9 1 0 0 0 760 3 10 10 3
1 10 1 0 0 0 760 2 13 13 10
1 11 1 0 0 0 760 3 14 14 13
1 12 1 0 0 0 760 2 7 7 14
1 13 1 0 0 0 760 3 10 10 7
1 14 0 0 1 0 760 1 7 7 10
1 15 0 0 1 0 760 1 10 10 7
1 16 1 0 0 0 760 3 8 8 10
1 17 1 0 0 0 760 2 2 2 8
1 18 0 0 1 0 760 1 8 8 2
1 19 1 0 0 0 760 3 4 4 8
1 20 0 0 1 0 760 1 8 8 4
1 21 1 0 0 0 760 3 14 14 8
1 22 1 0 0 0 760 3 12 12 14
1 23 0 0 1 0 760 1 14 14 12
1 24 1 0 0 0 760 3 3 3 14
1 25 0 0 1 0 760 1 14 14 3
2 1 1 0 0 0 760 2 1 1 14
2 2 1 0 0 0 760 3 12 12 1
2 3 0 0 1 0 760 1 1 1 12
2 4 1 0 0 0 760 3 7 7 1
2 5 1 0 0 0 760 3 13 13 7
2 6 1 0 0 0 760 3 8 8 13
2 7 0 0 1 0 760 1 13 13 8
2 8 0 0 1 0 760 1 8 8 13
2 9 0 0 1 0 760 1 13 13 8
2 10 0 0 1 0 760 1 8 8 13
2 11 1 0 0 0 760 3 3 3 8
2 12 1 0 0 0 760 2 10 10 3
2 13 1 0 0 0 760 2 6 6 10
2 14 1 0 0 0 760 2 15 15 6
2 15 1 0 0 0 760 3 1 1 15
2 16 1 0 0 0 760 3 11 11 1
2 17 0 0 1 0 760 1 1 1 11
2 18 0 0 1 0 760 1 11 11 1
2 19 0 0 1 0 760 1 1 1 11
2 20 1 0 0 0 760 3 9 9 1
2 21 0 0 1 0 760 1 1 1 9
2 22 1 0 0 0 760 2 12 12 1
2 23 0 0 1 0 760 1 1 1 12
2 24 0 0 1 0 760 1 12 12 1
2 25 1 0 0 0 760 2 10 10 12
3 1 0 0 0 1 235 2 15 15 10
3 2 1 0 0 0 760 1 3 3 15
3 3 1 0 0 0 760 2 11 11 3
3 4 1 0 0 0 760 3 7 7 11
3 5 1 0 0 0 760 3 3 3 7
3 6 0 0 1 0 760 1 7 7 3
3 7 0 0 1 0 760 1 3 3 7
3 8 0 0 1 0 760 1 7 7 3
3 9 1 0 0 0 760 2 10 10 7
3 10 1 0 0 0 760 2 6 6 10
3 11 1 0 0 0 760 2 3 3 6
3 12 1 0 0 0 760 3 5 5 3
3 13 1 0 0 0 760 2 13 13 5
3 14 0 0 1 0 760 1 5 5 13
3 15 1 0 0 0 760 3 3 3 5
3 16 0 0 1 0 760 1 5 5 3
3 17 0 0 1 0 760 1 3 3 5
3 18 1 0 0 0 760 2 12 12 3
3 19 1 0 0 0 760 2 5 5 12
3 20 1 0 0 0 760 3 13 13 5
3 21 1 0 0 0 760 3 4 4 13
3 22 1 0 0 0 760 3 7 7 4
3 23 1 0 0 0 760 2 13 13 7
3 24 0 0 1 0 760 1 7 7 13
3 25 0 0 1 0 760 1 13 13 7
