1 1 1 0 0 0 760 1 5 5 0
1 2 1 0 0 0 760 1 2 2 5
1 3 1 0 0 0 760 3 6 6 2
1 4 1 1 0 0 754 1 2 2 6
1 5 1 0 0 0 760 3 10 10 2
1 6 1 0 0 0 760 3 14 14 10
1 7 1 1 0 0 603 1 10 10 14
1 8 1 0 0 0 760 2 5 5 10
1 9 1 0 0 0 760 3 7 7 5
1 10 1 1 0 0 652 1 5 5 7
1 11 1 1 0 0 660 1 7 7 5
1 12 1 0 0 0 760 3 2 2 7
1 13 1 0 0 0 760 3 6 6 2
1 14 1 1 0 0 575 1 2 2 6
1 15 1 0 0 0 760 2 10 10 2
1 16 0 0 0 1 556 2 4 4 10
1 17 1 0 0 0 760 3 9 9 4
1 18 1 0 0 0 760 3 8 8 9
1 19 1 1 0 0 631 1 9 9 8
1 20 0 0 1 0 760 1 8 8 9
1 21 1 0 0 0 760 3 4 4 8
1 22 1 1 0 0 656 1 8 8 4
1 23 1 0 0 0 760 3 8 8 8
1 24 0 0 1 0 760 1 8 8 8
1 25 1 0 0 0 760 3 5 5 8
2 1 0 0 0 1 481 1 14 14 5
2 2 1 0 0 0 760 3 12 12 14
2 3 1 0 0 0 760 3 3 3 12
2 4 1 0 0 0 760 3 6 6 3
2 5 1 0 0 0 760 3 9 9 6
2 6 1 0 0 0 760 3 7 7 9
2 7 1 0 0 0 760 2 14 14 7
2 8 1 1 0 0 599 1 7 7 14
2 9 1 0 0 0 760 2 4 4 7
2 10 1 0 0 0 760 3 1 1 4
2 11 1 0 0 0 760 3 2 2 1
2 12 0 0 0 1 716 3 2 2 2
2 13 1 1 0 0 634 1 2 2 2
2 14 1 1 0 0 617 1 2 2 2
2 15 1 1 0 0 573 1 2 2 2
2 16 1 0 0 0 760 3 1 1 2
2 17 1 0 0 0 760 2 1 1 1
2 18 1 0 0 0 760 2 13 13 1
2 19 1 1 0 0 630 1 1 1 13
2 20 1 1 0 0 655 1 13 13 1
2 21 1 0 0 0 760 3 6 6 13
2 22 0 0 1 0 760 1 13 13 6
2 23 1 0 0 0 760 3 11 11 13
2 24 0 0 1 0 760 1 13 13 11
2 25 1 0 0 0 760 2 6 6 13
3 1 1 0 0 0 760 3 12 12 6
3 2 1 0 0 0 760 1 15 15 12
3 3 0 0 1 0 760 1 12 12 15
3 4 0 0 0 1 538 3 12 12 12
3 5 1 0 0 0 760 2 7 7 12
3 6 1 0 0 0 760 3 1 1 7
3 7 1 0 0 0 760 3 9 9 1
3 8 1 0 0 0 760 3 10 10 9
3 9 1 1 0 0 751 1 9 9 10
3 10 1 1 0 0 643 1 10 10 9
3 11 1 1 0 0 677 1 9 9 10
3 12 1 0 0 0 760 2 5 5 9
3 13 1 1 0 0 708 1 9 9 5
3 14 1 0 0 0 760 3 10 10 9
3 15 1 0 0 0 760 3 13 13 10
3 16 1 0 0 0 760 2 8 8 13
3 17 0 0 0 1 681 2 9 9 8
3 18 0 0 1 0 760 1 8 8 9
3 19 1 0 0 0 760 3 15 15 8
3 20 1 1 0 0 540 1 8 8 15
3 21 0 0 1 0 760 1 15 15 8
3 22 1 1 0 0 575 1 8 8 15
3 23 1 0 0 0 760 2 14 14 8
3 24 0 0 1 0 760 1 8 8 14
3 25 1 0 0 0 760 2 4 4 8
