1 1 1 0 0 0 760 3 13 13 0
1 2 1 0 0 0 760 3 9 9 13
1 3 1 0 0 0 760 2 3 3 9
1 4 1 0 0 0 760 3 11 11 3
1 5 1 0 0 0 760 3 8 8 11
1 6 0 0 1 0 760 1 11 11 8
1 7 1 1 0 0 741 1 8 8 11
1 8 1 1 0 0 509 1 11 11 8
1 9 1 0 0 0 760 2 5 5 11
1 10 1 0 0 0 760 2 14 14 5
1 11 1 0 0 0 760 2 11 11 14
1 12 1 0 0 0 760 2 15 15 11
1 13 1 0 0 0 760 2 6 6 15
1 14 1 0 0 0 760 3 12 12 6
1 15 1 0 0 0 760 3 11 11 12
1 16 1 0 0 0 760 2 9 9 11
1 17 1 0 0 0 760 2 12 12 9
1 18 1 1 0 0 704 1 9 9 12
1 19 1 0 0 0 760 2 4 4 9
1 20 1 0 0 0 760 2 6 6 4
1 21 1 1 0 0 650 1 4 4 6
1 22 1 0 0 0 760 3 4 4 4
1 23 1 0 0 0 760 2 15 15 4
1 24 1 0 0 0 760 3 14 14 15
1 25 1 0 0 0 760 2 7 7 14
2 1 1 0 0 0 760 2 3 3 7
2 2 1 0 0 0 760 3 9 9 3
2 3 1 0 0 0 760 3 11 11 9
2 4 1 0 0 0 760 2 4 4 11
2 5 0 0 0 1 680 3 4 4 4
2 6 1 0 0 0 760 3 12 12 4
2 7 1 0 0 0 760 2 10 10 12
2 8 1 0 0 0 760 2 14 14 10
2 9 1 0 0 0 760 3 15 15 14
2 10 1 0 0 0 760 2 13 13 15
2 11 1 0 0 0 760 3 7 7 13
2 12 0 0 1 0 760 1 13 13 7
2 13 1 0 0 0 760 2 5 5 13
2 14 1 0 0 0 760 3 10 10 5
2 15 1 0 0 0 760 3 8 8 10
2 16 0 0 0 1 652 2 5 5 8
2 17 0 0 0 1 621 3 10 10 5
2 18 0 0 0 1 609 3 10 10 10
2 19 1 1 0 0 716 1 10 10 10
2 20 1 0 0 0 760 2 5 5 10
2 21 1 1 0 0 692 1 10 10 5
2 22 1 0 0 0 760 3 9 9 10
2 23 1 0 0 0 760 2 14 14 9
2 24 1 0 0 0 760 3 14 14 14
2 25 1 1 0 0 550 1 14 14 14
3 1 1 0 0 0 760 1 10 10 14
3 2 1 0 0 0 760 3 13 13 10
3 3 1 0 0 0 760 3 14 14 13
3 4 1 0 0 0 760 3 3 3 14
3 5 1 0 0 0 760 3 15 15 3
3 6 1 0 0 0 760 2 12 12 15
3 7 1 0 0 0 760 2 5 5 12
3 8 1 0 0 0 760 3 9 9 5
3 9 1 0 0 0 760 2 4 4 9
3 10 1 1 0 0 516 1 9 9 4
3 11 1 0 0 0 760 2 9 9 9
3 12 1 0 0 0 760 2 7 7 9
3 13 1 0 0 0 760 2 4 4 7
3 14 1 0 0 0 760 2 10 10 4
3 15 1 0 0 0 760 2 8 8 10
3 16 1 0 0 0 760 3 2 2 8
3 17 1 0 0 0 760 2 14 14 2
3 18 1 1 0 0 699 1 2 2 14
3 19 0 0 1 0 760 1 14 14 2
3 20 1 1 0 0 673 1 2 2 14
3 21 1 0 0 0 760 2 9 9 2
3 22 1 1 0 0 614 1 2 2 9
3 23 1 1 0 0 629 1 9 9 2
3 24 1 1 0 0 655 1 2 2 9
3 25 1 0 0 0 760 2 7 7 2
