1 1 1 0 0 0 760 1 1 1 0
1 2 1 0 0 0 760 2 7 7 1
1 3 1 0 0 0 760 3 15 15 7
1 4 1 1 0 0 759 1 7 7 15
1 5 1 0 0 0 760 2 11 11 7
1 6 1 0 0 0 760 2 4 4 11
1 7 1 0 0 0 760 3 9 9 4
1 8 1 0 0 0 760 2 13 13 9
1 9 0 0 1 0 760 1 9 9 13
1 10 1 0 0 0 760 3 10 10 9
1 11 1 0 0 0 760 3 10 10 10
1 12 1 0 0 0 760 3 5 5 10
1 13 1 0 0 0 760 3 6 6 5
1 14 1 0 0 0 760 3 4 4 6
1 15 1 0 0 0 760 3 15 15 4
1 16 0 0 1 0 760 1 4 4 15
1 17 1 1 0 0 681 1 15 15 4
1 18 1 0 0 0 760 3 7 7 15
1 19 1 0 0 0 760 3 2 2 7
1 20 1 1 0 0 673 1 7 7 2
1 21 1 0 0 0 760 2 1 1 7
1 22 1 0 0 0 760 2 11 11 1
1 23 1 1 0 0 697 1 1 1 11
1 24 1 0 0 0 760 2 10 10 1
1 25 0 0 1 0 760 1 1 1 10
2 1 1 0 0 0 760 1 15 15 1
2 2 1 0 0 0 760 3 11 11 15
2 3 1 0 0 0 760 2 14 14 11
2 4 1 0 0 0 760 2 7 7 14
2 5 1 0 0 0 760 2 5 5 7
2 6 1 0 0 0 760 2 5 5 5
2 7 1 0 0 0 760 3 6 6 5
2 8 1 0 0 0 760 3 10 10 6
2 9 1 0 0 0 760 2 8 8 10
2 10 1 0 0 0 760 2 8 8 8
2 11 0 0 1 0 760 1 8 8 8
2 12 1 0 0 0 760 3 14 14 8
2 13 1 0 0 0 760 3 13 13 14
2 14 1 0 0 0 760 3 7 7 13
2 15 1 1 0 0 653 1 13 13 7
2 16 1 0 0 0 760 2 1 1 13
2 17 1 0 0 0 760 3 11 11 1
2 18 1 0 0 0 760 3 6 6 11
2 19 1 0 0 0 760 3 2 2 6
2 20 1 0 0 0 760 3 14 14 2
2 21 1 0 0 0 760 2 10 10 14
2 22 1 0 0 0 760 3 15 15 10
2 23 0 0 1 0 760 1 10 10 15
2 24 1 0 0 0 760 2 6 6 10
2 25 1 0 0 0 760 2 14 14 6
3 1 1 0 0 0 760 3 13 13 14
3 2 1 0 0 0 760 1 3 3 13
3 3 0 0 1 0 760 1 13 13 3
3 4 1 0 0 0 760 2 7 7 13
3 5 1 0 0 0 760 3 7 7 7
3 6 1 0 0 0 760 2 8 8 7
3 7 1 0 0 0 760 3 5 5 8
3 8 1 0 0 0 760 3 9 9 5
3 9 1 0 0 0 760 3 15 15 9
3 10 1 0 0 0 760 2 4 4 15
3 11 1 0 0 0 760 2 9 9 4
3 12 1 0 0 0 760 3 1 1 9
3 13 1 0 0 0 760 3 14 14 1
3 14 1 0 0 0 760 2 5 5 14
3 15 1 0 0 0 760 3 7 7 5
3 16 0 0 1 0 760 1 5 5 7
3 17 1 0 0 0 760 2 6 6 5
3 18 1 0 0 0 760 3 9 9 6
3 19 1 0 0 0 760 2 7 7 9
3 20 1 1 0 0 661 1 9 9 7
3 21 0 0 1 0 760 1 7 7 9
3 22 1 0 0 0 760 3 11 11 7
3 23 1 0 0 0 760 2 12 12 11
3 24 1 0 0 0 760 2 12 12 12
3 25 1 1 0 0 608 1 12 12 12
