1 1 1 0 0 0 760 3 13 13 0
1 2 1 0 0 0 760 3 12 12 13
1 3 1 1 0 0 537 1 13 13 12
1 4 1 0 0 0 760 3 14 14 13
1 5 0 0 1 0 760 1 13 13 14
1 6 1 0 0 0 760 2 10 10 13
1 7 0 0 1 0 463 1 13 13 10
1 8 1 0 0 0 760 2 9 9 13
1 9 1 0 0 0 760 3 15 15 9
1 10 1 0 0 0 760 3 10 10 15
1 11 1 0 0 0 760 3 2 2 10
1 12 1 0 0 0 760 3 5 5 2
1 13 1 1 0 0 597 1 2 2 5
1 14 1 1 0 0 488 1 5 5 2
1 15 1 1 0 0 513 1 2 2 5
1 16 1 1 0 0 462 1 5 5 2
1 17 1 1 0 0 498 1 2 2 5
1 18 1 0 0 0 760 2 10 10 2
1 19 1 0 0 0 760 2 5 5 10
1 20 1 1 0 0 528 1 10 10 5
1 21 1 0 0 0 760 3 6 6 10
1 22 1 0 0 0 760 2 11 11 6
1 23 1 1 0 0 759 1 6 6 11
1 24 1 1 0 0 499 1 11 11 6
1 25 1 1 0 0 535 1 6 6 11
2 1 1 0 0 0 760 2 12 12 6
2 2 1 0 0 0 760 2 4 4 12
2 3 1 1 0 0 500 1 12 12 4
2 4 1 0 0 0 760 3 9 9 12
2 5 1 0 0 0 760 2 3 3 9
2 6 1 1 0 0 424 1 9 9 3
2 7 1 0 0 0 760 3 12 12 9
2 8 1 0 0 0 760 2 15 15 12
2 9 1 1 0 0 472 1 12 12 15
2 10 1 0 0 0 760 3 9 9 12
2 11 1 1 0 0 497 1 12 12 9
2 12 1 1 0 0 489 1 9 9 12
2 13 1 1 0 0 420 1 12 12 9
2 14 1 0 0 0 760 2 6 6 12
2 15 1 0 0 0 760 3 10 10 6
2 16 1 1 0 0 502 1 6 6 10
2 17 1 0 0 0 760 3 13 13 6
2 18 1 1 0 0 510 1 6 6 13
2 19 1 0 0 0 760 3 7 7 6
2 20 1 1 0 0 560 1 6 6 7
2 21 1 0 0 0 760 3 5 5 6
2 22 1 1 0 0 460 1 6 6 5
2 23 1 0 0 0 760 2 7 7 6
2 24 1 0 0 0 760 3 12 12 7
2 25 1 0 0 0 760 3 9 9 12
3 1 1 0 0 0 760 1 14 14 9
3 2 1 0 0 0 760 2 15 15 14
3 3 1 0 0 0 760 2 10 10 15
3 4 1 0 0 0 760 3 12 12 10
3 5 1 1 0 0 475 1 10 10 12
3 6 1 0 0 0 760 2 7 7 10
3 7 1 0 0 0 760 3 11 11 7
3 8 1 1 0 0 417 1 7 7 11
3 9 1 1 0 0 425 1 11 11 7
3 10 1 0 0 0 760 3 15 15 11
3 11 1 0 0 0 760 2 9 9 15
3 12 0 0 1 0 760 1 15 15 9
3 13 0 0 0 1 431 2 12 12 15
3 14 1 0 0 0 760 2 14 14 12
3 15 1 0 0 0 760 2 13 13 14
3 16 0 0 0 1 504 3 13 13 13
3 17 1 0 0 0 760 3 8 8 13
3 18 1 1 0 0 487 1 13 13 8
3 19 1 1 0 0 472 1 8 8 13
3 20 1 0 0 0 760 2 11 11 8
3 21 1 0 0 0 760 2 12 12 11
3 22 1 0 0 0 760 2 15 15 12
3 23 1 0 0 0 760 2 15 15 15
3 24 1 1 0 0 558 1 15 15 15
3 25 1 0 0 0 760 2 11 11 15
