1 1 1 0 0 0 760 2 12 12 0
1 2 1 0 0 0 760 3 6 6 12
1 3 1 0 0 0 760 3 11 11 6
1 4 1 0 0 0 760 3 4 4 11
1 5 1 0 0 0 760 2 12 12 4
1 6 1 0 0 0 760 2 1 1 12
1 7 1 0 0 0 760 3 9 9 1
1 8 1 0 0 0 760 3 14 14 9
1 9 1 0 0 0 760 3 11 11 14
1 10 1 0 0 0 760 3 9 9 11
1 11 1 0 0 0 760 3 12 12 9
1 12 1 1 0 0 494 1 9 9 12
1 13 1 1 0 0 459 1 12 12 9
1 14 1 0 0 0 760 2 7 7 12
1 15 1 0 0 0 760 2 10 10 7
1 16 1 0 0 0 760 3 2 2 10
1 17 1 0 0 0 760 3 14 14 2
1 18 1 1 0 0 507 1 2 2 14
1 19 1 0 0 0 760 3 15 15 2
1 20 1 0 0 0 760 3 8 8 15
1 21 0 0 0 1 466 3 2 2 8
1 22 1 0 0 0 760 2 7 7 2
1 23 1 1 0 0 565 1 2 2 7
1 24 1 0 0 0 760 2 9 9 2
1 25 1 0 0 0 760 3 10 10 9
2 1 1 0 0 0 760 3 2 2 10
2 2 1 0 0 0 760 3 5 5 2
2 3 1 0 0 0 760 2 15 15 5
2 4 1 1 0 0 468 1 5 5 15
2 5 1 0 0 0 760 3 10 10 5
2 6 1 0 0 0 760 2 14 14 10
2 7 1 0 0 0 760 3 3 3 14
2 8 1 0 0 0 760 3 8 8 3
2 9 1 0 0 0 760 2 15 15 8
2 10 1 1 0 0 589 1 8 8 15
2 11 0 0 0 1 715 3 5 5 8
2 12 1 0 0 0 760 3 14 14 5
2 13 1 0 0 0 760 2 6 6 14
2 14 1 0 0 0 760 3 3 3 6
2 15 1 0 0 0 760 3 4 4 3
2 16 1 0 0 0 760 3 8 8 4
2 17 1 0 0 0 760 3 3 3 8
2 18 0 0 0 1 404 2 14 14 3
2 19 1 1 0 0 623 1 3 3 14
2 20 1 0 0 0 760 3 13 13 3
2 21 1 1 0 0 485 1 3 3 13
2 22 1 1 0 0 463 1 13 13 3
2 23 1 0 0 0 760 2 15 15 13
2 24 1 0 0 0 760 2 12 12 15
2 25 1 1 0 0 451 1 15 15 12
3 1 0 0 0 1 244 1 7 7 15
3 2 1 0 0 0 760 1 11 11 7
3 3 1 0 0 0 760 3 15 15 11
3 4 1 0 0 0 760 2 4 4 15
3 5 1 1 0 0 571 1 15 15 4
3 6 1 1 0 0 631 1 4 4 15
3 7 1 1 0 0 447 1 15 15 4
3 8 1 1 0 0 456 1 4 4 15
3 9 1 0 0 0 760 2 10 10 4
3 10 1 1 0 0 629 1 4 4 10
3 11 1 1 0 0 504 1 10 10 4
3 12 1 0 0 0 760 3 9 9 10
3 13 1 0 0 0 760 2 13 13 9
3 14 1 1 0 0 529 1 9 9 13
3 15 1 0 0 0 760 2 14 14 9
3 16 1 0 0 0 760 3 1 1 14
3 17 1 1 0 0 426 1 14 14 1
3 18 1 0 0 0 760 2 4 4 14
3 19 1 0 0 0 760 3 15 15 4
3 20 0 0 1 0 760 1 4 4 15
3 21 1 0 0 0 760 2 2 2 4
3 22 1 0 0 0 760 2 8 8 2
3 23 1 0 0 0 760 2 11 11 8
3 24 1 1 0 0 499 1 8 8 11
3 25 1 0 0 0 760 3 10 10 8
