1 1 1 0 0 0 760 1 6 6 0
1 2 1 0 0 0 760 1 15 15 6
1 3 0 0 1 0 760 1 6 6 15
1 4 1 0 0 0 760 3 4 4 6
1 5 1 0 0 0 760 2 13 13 4
1 6 1 0 0 0 760 2 13 13 13
1 7 1 0 0 0 760 3 11 11 13
1 8 1 0 0 0 760 3 8 8 11
1 9 1 0 0 0 760 3 4 4 8
1 10 0 0 1 0 760 1 8 8 4
1 11 1 0 0 0 760 3 2 2 8
1 12 1 0 0 0 760 3 7 7 2
1 13 1 0 0 0 760 2 8 8 7
1 14 1 0 0 0 760 2 15 15 8
1 15 1 0 0 0 760 2 4 4 15
1 16 1 0 0 0 760 3 14 14 4
1 17 1 0 0 0 760 3 2 2 14
1 18 1 0 0 0 760 3 4 4 2
1 19 1 1 0 0 711 1 2 2 4
1 20 1 0 0 0 760 3 3 3 2
1 21 1 0 0 0 760 3 1 1 3
1 22 1 1 0 0 653 1 3 3 1
1 23 1 1 0 0 569 1 1 1 3
1 24 0 0 0 1 661 3 4 4 1
1 25 1 0 0 0 760 2 10 10 4
2 1 1 0 0 0 760 2 8 8 10
2 2 1 0 0 0 760 1 6 6 8
2 3 1 0 0 0 760 2 1 1 6
2 4 0 0 1 0 760 1 6 6 1
2 5 1 0 0 0 760 2 15 15 6
2 6 0 0 1 0 760 1 6 6 15
2 7 1 0 0 0 760 3 9 9 6
2 8 1 1 0 0 637 1 6 6 9
2 9 1 1 0 0 611 1 9 9 6
2 10 1 1 0 0 701 1 6 6 9
2 11 1 1 0 0 500 1 9 9 6
2 12 1 0 0 0 760 3 2 2 9
2 13 1 0 0 0 760 3 7 7 2
2 14 1 0 0 0 760 3 14 14 7
2 15 1 0 0 0 760 3 6 6 14
2 16 0 0 1 0 760 1 14 14 6
2 17 1 0 0 0 760 2 3 3 14
2 18 1 0 0 0 760 3 4 4 3
2 19 0 0 0 1 617 3 14 14 4
2 20 1 0 0 0 760 3 6 6 14
2 21 1 0 0 0 760 2 4 4 6
2 22 1 1 0 0 523 1 6 6 4
2 23 1 0 0 0 760 2 5 5 6
2 24 1 1 0 0 547 1 6 6 5
2 25 1 0 0 0 760 2 15 15 6
3 1 1 0 0 0 760 3 11 11 15
3 2 1 0 0 0 760 1 4 4 11
3 3 1 0 0 0 760 2 10 10 4
3 4 0 0 1 0 760 1 4 4 10
3 5 1 0 0 0 760 3 9 9 4
3 6 1 0 0 0 760 3 5 5 9
3 7 0 0 1 0 760 1 9 9 5
3 8 1 0 0 0 760 3 3 3 9
3 9 0 0 1 0 760 1 9 9 3
3 10 1 1 0 0 702 1 3 3 9
3 11 1 0 0 0 760 3 1 1 3
3 12 1 0 0 0 760 2 15 15 1
3 13 1 0 0 0 760 3 7 7 15
3 14 1 1 0 0 661 1 15 15 7
3 15 1 0 0 0 760 3 8 8 15
3 16 1 0 0 0 760 3 3 3 8
3 17 1 1 0 0 592 1 8 8 3
3 18 1 0 0 0 760 2 1 1 8
3 19 1 0 0 0 760 3 5 5 1
3 20 1 0 0 0 760 3 6 6 5
3 21 1 0 0 0 760 3 4 4 6
3 22 1 1 0 0 600 1 6 6 4
3 23 1 0 0 0 760 2 12 12 6
3 24 1 0 0 0 760 3 13 13 12
3 25 1 1 0 0 632 1 12 12 13
