1 1 1 0 0 0 760 2 2 2 0
1 2 1 0 0 0 760 2 8 8 2
1 3 1 0 0 0 760 2 5 5 8
1 4 1 0 0 0 760 2 13 13 5
1 5 1 0 0 0 760 2 13 13 13
1 6 1 0 0 0 760 3 3 3 13
1 7 1 0 0 0 760 3 11 11 3
1 8 1 0 0 0 760 3 8 8 11
1 9 0 0 1 0 760 1 11 11 8
1 10 1 0 0 0 760 2 7 7 11
1 11 0 0 1 0 760 1 11 11 7
1 12 0 0 1 0 760 1 7 7 11
1 13 1 0 0 0 760 2 9 9 7
1 14 1 0 0 0 760 3 4 4 9
1 15 1 0 0 0 760 2 14 14 4
1 16 0 0 1 0 760 1 4 4 14
1 17 1 0 0 0 760 3 3 3 4
1 18 1 0 0 0 760 3 2 2 3
1 19 1 0 0 0 760 3 1 1 2
1 20 1 0 0 0 760 3 11 11 1
1 21 0 0 1 0 760 1 1 1 11
1 22 1 0 0 0 760 2 6 6 1
1 23 1 0 0 0 760 3 6 6 6
1 24 1 0 0 0 760 2 4 4 6
1 25 1 0 0 0 760 2 3 3 4
2 1 1 0 0 0 760 1 5 5 3
2 2 1 0 0 0 760 2 1 1 5
2 3 0 0 1 0 760 1 5 5 1
2 4 1 0 0 0 760 2 12 12 5
2 5 1 0 0 0 760 3 3 3 12
2 6 1 0 0 0 760 3 8 8 3
2 7 1 0 0 0 760 2 7 7 8
2 8 1 1 0 0 715 1 8 8 7
2 9 1 1 0 0 592 1 7 7 8
2 10 1 0 0 0 760 2 3 3 7
2 11 1 0 0 0 760 3 14 14 3
2 12 1 0 0 0 760 2 7 7 14
2 13 1 1 0 0 713 1 14 14 7
2 14 1 0 0 0 760 2 11 11 14
2 15 1 0 0 0 760 3 12 12 11
2 16 1 0 0 0 760 2 14 14 12
2 17 1 0 0 0 760 2 5 5 14
2 18 1 0 0 0 760 2 2 2 5
2 19 1 0 0 0 760 2 12 12 2
2 20 1 0 0 0 760 3 10 10 12
2 21 1 0 0 0 760 2 5 5 10
2 22 1 1 0 0 726 1 10 10 5
2 23 0 0 1 0 760 1 5 5 10
2 24 1 1 0 0 577 1 10 10 5
2 25 1 0 0 0 760 2 1 1 10
3 1 1 0 0 0 760 1 6 6 1
3 2 1 0 0 0 760 1 5 5 6
3 3 1 0 0 0 760 2 3 3 5
3 4 0 0 1 0 760 1 5 5 3
3 5 0 0 1 0 760 1 3 3 5
3 6 1 0 0 0 760 2 10 10 3
3 7 1 0 0 0 760 3 7 7 10
3 8 1 1 0 0 695 1 10 10 7
3 9 1 0 0 0 760 2 1 1 10
3 10 1 0 0 0 760 2 8 8 1
3 11 1 0 0 0 760 2 4 4 8
3 12 1 1 0 0 719 1 8 8 4
3 13 0 0 1 0 760 1 4 4 8
3 14 1 0 0 0 760 2 6 6 4
3 15 1 1 0 0 561 1 4 4 6
3 16 1 0 0 0 760 2 8 8 4
3 17 1 1 0 0 682 1 4 4 8
3 18 1 1 0 0 602 1 8 8 4
3 19 1 0 0 0 760 3 2 2 8
3 20 1 0 0 0 760 2 10 10 2
3 21 1 0 0 0 760 3 8 8 10
3 22 1 0 0 0 760 3 15 15 8
3 23 1 0 0 0 760 2 15 15 15
3 24 0 0 1 0 760 1 15 15 15
3 25 1 1 0 0 546 1 15 15 15
