1 1 1 0 0 0 760 3 15 15 0
1 2 1 0 0 0 760 2 7 7 15
1 3 1 0 0 0 760 3 1 1 7
1 4 1 0 0 0 760 2 11 11 1
1 5 1 0 0 0 760 3 7 7 11
1 6 1 0 0 0 760 3 15 15 7
1 7 1 0 0 0 760 2 3 3 15
1 8 1 0 0 0 760 2 9 9 3
1 9 1 0 0 0 760 2 7 7 9
1 10 1 0 0 0 760 3 6 6 7
1 11 1 0 0 0 760 3 10 10 6
1 12 1 0 0 0 760 2 8 8 10
1 13 0 0 1 0 760 1 10 10 8
1 14 1 1 0 0 716 1 8 8 10
1 15 1 1 0 0 608 1 10 10 8
1 16 1 0 0 0 760 3 14 14 10
1 17 1 1 0 0 658 1 10 10 14
1 18 0 0 0 1 548 3 12 12 10
1 19 1 1 0 0 615 1 10 10 12
1 20 1 0 0 0 760 3 13 13 10
1 21 1 0 0 0 760 2 2 2 13
1 22 1 0 0 0 760 2 14 14 2
1 23 0 0 1 0 760 1 2 2 14
1 24 1 1 0 0 720 1 14 14 2
1 25 1 0 0 0 760 3 3 3 14
2 1 1 0 0 0 760 3 7 7 3
2 2 1 0 0 0 760 3 10 10 7
2 3 1 0 0 0 760 3 4 4 10
2 4 1 0 0 0 760 3 5 5 4
2 5 1 0 0 0 760 2 6 6 5
2 6 0 0 1 0 760 1 5 5 6
2 7 1 0 0 0 760 2 11 11 5
2 8 1 0 0 0 760 3 14 14 11
2 9 1 1 0 0 574 1 11 11 14
2 10 1 0 0 0 760 3 3 3 11
2 11 1 0 0 0 760 3 13 13 3
2 12 1 0 0 0 760 2 2 2 13
2 13 1 1 0 0 658 1 13 13 2
2 14 0 0 1 0 760 1 2 2 13
2 15 1 1 0 0 635 1 13 13 2
2 16 0 0 1 0 760 1 2 2 13
2 17 1 0 0 0 760 3 10 10 2
2 18 1 1 0 0 746 1 2 2 10
2 19 1 0 0 0 760 2 12 12 2
2 20 1 1 0 0 664 1 2 2 12
2 21 1 1 0 0 580 1 12 12 2
2 22 1 1 0 0 739 1 2 2 12
2 23 1 1 0 0 573 1 12 12 2
2 24 1 0 0 0 760 2 4 4 12
2 25 0 0 1 0 760 1 12 12 4
3 1 1 0 0 0 760 2 5 5 12
3 2 1 0 0 0 760 3 1 1 5
3 3 1 1 0 0 576 1 5 5 1
3 4 1 0 0 0 760 3 8 8 5
3 5 1 0 0 0 760 3 12 12 8
3 6 1 0 0 0 760 2 13 13 12
3 7 1 0 0 0 760 2 10 10 13
3 8 1 0 0 0 760 2 12 12 10
3 9 1 0 0 0 760 3 15 15 12
3 10 1 0 0 0 760 3 8 8 15
3 11 0 0 1 0 760 1 15 15 8
3 12 1 0 0 0 760 3 9 9 15
3 13 1 1 0 0 630 1 15 15 9
3 14 0 0 0 1 540 2 4 4 15
3 15 0 0 1 0 760 1 15 15 4
3 16 1 0 0 0 760 2 6 6 15
3 17 1 0 0 0 760 3 5 5 6
3 18 0 0 0 1 755 3 15 15 5
3 19 1 0 0 0 760 3 8 8 15
3 20 1 0 0 0 760 3 10 10 8
3 21 1 0 0 0 760 3 7 7 10
3 22 0 0 1 0 760 1 10 10 7
3 23 0 0 1 0 760 1 7 7 10
3 24 1 0 0 0 760 2 8 8 7
3 25 1 0 0 0 760 3 15 15 8
