1 1 1 0 0 0 760 2 13 13 0
1 2 1 0 0 0 760 2 5 5 13
1 3 1 1 0 0 514 1 13 13 5
1 4 1 1 0 0 466 1 5 5 13
1 5 1 0 0 0 760 3 10 10 5
1 6 0 0 0 1 497 2 10 10 10
1 7 1 0 0 0 760 2 8 8 10
1 8 1 1 0 0 481 1 10 10 8
1 9 1 0 0 0 760 3 6 6 10
1 10 0 0 0 1 480 3 6 6 6
1 11 0 0 1 0 760 1 6 6 6
1 12 1 0 0 0 760 2 2 2 6
1 13 1 1 0 0 497 1 6 6 2
1 14 1 0 0 0 760 2 12 12 6
1 15 1 1 0 0 469 1 6 6 12
1 16 1 0 0 0 760 2 6 6 6
1 17 0 0 1 0 760 1 6 6 6
1 18 1 1 0 0 528 1 6 6 6
1 19 1 1 0 0 667 1 6 6 6
1 20 0 0 0 1 453 3 14 14 6
1 21 1 0 0 0 760 2 11 11 14
1 22 1 1 0 0 467 1 14 14 11
1 23 1 0 0 0 760 3 13 13 14
1 24 1 1 0 0 456 1 14 14 13
1 25 1 0 0 0 760 2 1 1 14
2 1 1 0 0 0 760 3 11 11 1
2 2 1 0 0 0 760 3 10 10 11
2 3 1 1 0 0 481 1 11 11 10
2 4 1 1 0 0 540 1 10 10 11
2 5 1 1 0 0 446 1 11 11 10
2 6 1 0 0 0 760 2 4 4 11
2 7 1 0 0 0 760 2 2 2 4
2 8 1 1 0 0 403 1 4 4 2
2 9 1 0 0 0 760 2 10 10 4
2 10 1 0 0 0 760 2 7 7 10
2 11 1 0 0 0 760 3 4 4 7
2 12 1 1 0 0 461 1 7 7 4
2 13 1 0 0 0 760 2 8 8 7
2 14 1 0 0 0 760 2 10 10 8
2 15 1 1 0 0 664 1 8 8 10
2 16 1 0 0 0 760 2 4 4 8
2 17 1 0 0 0 760 2 7 7 4
2 18 1 0 0 0 760 2 12 12 7
2 19 1 0 0 0 760 2 6 6 12
2 20 1 0 0 0 760 2 15 15 6
2 21 1 1 0 0 474 1 6 6 15
2 22 1 0 0 0 760 2 2 2 6
2 23 1 1 0 0 441 1 6 6 2
2 24 1 1 0 0 524 1 2 2 6
2 25 1 0 0 0 760 3 7 7 2
3 1 1 0 0 0 760 2 13 13 7
3 2 1 0 0 0 760 2 5 5 13
3 3 1 0 0 0 760 3 12 12 5
3 4 1 0 0 0 760 3 11 11 12
3 5 1 0 0 0 760 2 4 4 11
3 6 1 1 0 0 406 1 11 11 4
3 7 1 1 0 0 647 1 4 4 11
3 8 1 0 0 0 760 2 15 15 4
3 9 1 0 0 0 760 2 9 9 15
3 10 1 0 0 0 760 2 2 2 9
3 11 1 0 0 0 760 3 13 13 2
3 12 1 1 0 0 477 1 2 2 13
3 13 1 1 0 0 643 1 13 13 2
3 14 1 1 0 0 491 1 2 2 13
3 15 1 1 0 0 494 1 13 13 2
3 16 1 0 0 0 760 2 1 1 13
3 17 1 0 0 0 760 3 12 12 1
3 18 1 1 0 0 528 1 1 1 12
3 19 1 0 0 0 760 2 8 8 1
3 20 1 1 0 0 450 1 1 1 8
3 21 1 0 0 0 760 2 5 5 1
3 22 1 0 0 0 760 3 9 9 5
3 23 1 0 0 0 760 2 10 10 9
3 24 1 1 0 0 630 1 9 9 10
3 25 1 0 0 0 760 3 3 3 9
