1 1 1 0 0 0 760 1 15 15 0
1 2 1 0 0 0 760 3 8 8 15
1 3 0 0 1 0 760 1 15 15 8
1 4 1 1 0 0 739 1 8 8 15
1 5 1 0 0 0 760 3 11 11 8
1 6 1 0 0 0 760 2 11 11 11
1 7 1 0 0 0 760 3 5 5 11
1 8 1 1 0 0 656 1 11 11 5
1 9 0 0 0 1 531 3 15 15 11
1 10 0 0 0 1 439 3 4 4 15
1 11 1 1 0 0 590 1 15 15 4
1 12 1 0 0 0 760 3 1 1 15
1 13 1 0 0 0 760 2 6 6 1
1 14 1 0 0 0 760 2 7 7 6
1 15 1 0 0 0 760 2 15 15 7
1 16 1 0 0 0 760 3 10 10 15
1 17 1 0 0 0 760 3 13 13 10
1 18 1 0 0 0 760 3 4 4 13
1 19 1 0 0 0 760 2 3 3 4
1 20 1 0 0 0 760 3 13 13 3
1 21 1 0 0 0 760 3 1 1 13
1 22 1 0 0 0 760 2 2 2 1
1 23 1 0 0 0 760 3 9 9 2
1 24 1 1 0 0 656 1 2 2 9
1 25 0 0 1 0 760 1 9 9 2
2 1 1 0 0 0 760 3 4 4 9
2 2 1 0 0 0 760 1 7 7 4
2 3 1 1 0 0 543 1 4 4 7
2 4 1 0 0 0 760 3 2 2 4
2 5 1 0 0 0 760 3 14 14 2
2 6 1 0 0 0 760 2 4 4 14
2 7 1 0 0 0 760 3 10 10 4
2 8 1 1 0 0 582 1 4 4 10
2 9 1 0 0 0 760 2 12 12 4
2 10 1 1 0 0 480 1 4 4 12
2 11 1 1 0 0 582 1 12 12 4
2 12 1 0 0 0 760 3 9 9 12
2 13 1 0 0 0 760 3 9 9 9
2 14 1 0 0 0 760 2 11 11 9
2 15 0 0 0 1 598 3 4 4 11
2 16 1 0 0 0 760 2 8 8 4
2 17 1 0 0 0 760 2 2 2 8
2 18 1 1 0 0 554 1 8 8 2
2 19 1 1 0 0 471 1 2 2 8
2 20 1 0 0 0 760 3 3 3 2
2 21 1 0 0 0 760 3 4 4 3
2 22 1 0 0 0 760 3 7 7 4
2 23 1 0 0 0 760 3 12 12 7
2 24 1 0 0 0 760 2 11 11 12
2 25 1 0 0 0 760 2 3 3 11
3 1 1 0 0 0 760 1 9 9 3
3 2 1 0 0 0 760 1 9 9 9
3 3 1 0 0 0 760 3 1 1 9
3 4 1 1 0 0 606 1 9 9 1
3 5 0 0 1 0 760 1 1 1 9
3 6 1 0 0 0 760 2 13 13 1
3 7 0 0 1 0 760 1 1 1 13
3 8 1 0 0 0 760 2 3 3 1
3 9 1 1 0 0 482 1 1 1 3
3 10 1 0 0 0 760 3 8 8 1
3 11 1 1 0 0 563 1 1 1 8
3 12 0 0 0 1 595 2 1 1 1
3 13 1 1 0 0 494 1 1 1 1
3 14 1 1 0 0 497 1 1 1 1
3 15 1 1 0 0 470 1 1 1 1
3 16 0 0 0 1 678 2 8 8 1
3 17 1 0 0 0 760 3 14 14 8
3 18 1 0 0 0 760 2 5 5 14
3 19 1 1 0 0 458 1 14 14 5
3 20 1 0 0 0 760 3 12 12 14
3 21 1 0 0 0 760 3 2 2 12
3 22 1 0 0 0 760 2 10 10 2
3 23 1 1 0 0 646 1 2 2 10
3 24 1 1 0 0 491 1 10 10 2
3 25 1 0 0 0 760 3 14 14 10
