1 1 1 0 0 0 760 3 12 12 0
1 2 1 0 0 0 760 1 7 7 12
1 3 1 0 0 0 760 2 15 15 7
1 4 0 0 1 0 760 1 7 7 15
1 5 0 0 1 0 760 1 15 15 7
1 6 1 1 0 0 645 1 7 7 15
1 7 1 0 0 0 760 2 3 3 7
1 8 1 1 0 0 643 1 7 7 3
1 9 1 0 0 0 760 2 2 2 7
1 10 1 0 0 0 760 3 8 8 2
1 11 1 0 0 0 760 2 11 11 8
1 12 1 0 0 0 760 2 2 2 11
1 13 1 0 0 0 760 3 10 10 2
1 14 1 0 0 0 760 3 13 13 10
1 15 1 0 0 0 760 3 15 15 13
1 16 1 0 0 0 760 2 8 8 15
1 17 1 0 0 0 760 2 9 9 8
1 18 1 0 0 0 760 3 4 4 9
1 19 1 0 0 0 760 2 7 7 4
1 20 0 0 1 0 760 1 4 4 7
1 21 1 0 0 0 760 3 10 10 4
1 22 1 0 0 0 760 2 8 8 10
1 23 1 0 0 0 760 2 13 13 8
1 24 1 0 0 0 760 3 13 13 13
1 25 0 0 1 0 760 1 13 13 13
2 1 0 0 0 1 303 2 14 14 13
2 2 1 0 0 0 760 2 8 8 14
2 3 1 0 0 0 760 2 1 1 8
2 4 1 0 0 0 760 2 3 3 1
2 5 1 0 0 0 760 2 4 4 3
2 6 1 0 0 0 760 3 6 6 4
2 7 1 0 0 0 760 3 3 3 6
2 8 1 1 0 0 510 1 6 6 3
2 9 0 0 0 1 636 2 6 6 6
2 10 1 0 0 0 760 2 12 12 6
2 11 1 1 0 0 550 1 6 6 12
2 12 1 0 0 0 760 3 9 9 6
2 13 1 1 0 0 515 1 6 6 9
2 14 1 1 0 0 618 1 9 9 6
2 15 1 1 0 0 541 1 6 6 9
2 16 1 1 0 0 517 1 9 9 6
2 17 1 0 0 0 760 3 12 12 9
2 18 1 0 0 0 760 3 4 4 12
2 19 1 1 0 0 596 1 12 12 4
2 20 1 1 0 0 597 1 4 4 12
2 21 1 0 0 0 760 2 3 3 4
2 22 0 0 1 0 760 1 4 4 3
2 23 1 1 0 0 730 1 3 3 4
2 24 1 0 0 0 760 3 13 13 3
2 25 1 0 0 0 760 2 14 14 13
3 1 1 0 0 0 760 1 9 9 14
3 2 1 0 0 0 760 1 3 3 9
3 3 1 0 0 0 760 2 13 13 3
3 4 0 0 1 0 760 1 3 3 13
3 5 1 0 0 0 760 2 7 7 3
3 6 1 0 0 0 760 2 8 8 7
3 7 1 1 0 0 559 1 7 7 8
3 8 1 1 0 0 624 1 8 8 7
3 9 1 1 0 0 548 1 7 7 8
3 10 1 0 0 0 760 2 15 15 7
3 11 0 0 1 0 760 1 7 7 15
3 12 1 0 0 0 760 3 3 3 7
3 13 0 0 1 0 760 1 7 7 3
3 14 1 0 0 0 760 3 15 15 7
3 15 1 0 0 0 760 3 11 11 15
3 16 1 0 0 0 760 3 12 12 11
3 17 1 0 0 0 760 2 5 5 12
3 18 1 1 0 0 547 1 12 12 5
3 19 1 0 0 0 760 3 4 4 12
3 20 0 0 1 0 760 1 12 12 4
3 21 1 0 0 0 760 3 8 8 12
3 22 1 0 0 0 760 2 4 4 8
3 23 1 0 0 0 760 2 6 6 4
3 24 1 0 0 0 760 3 5 5 6
3 25 1 1 0 0 710 1 6 6 5
