1 1 1 0 0 0 760 3 8 8 0
1 2 1 0 0 0 760 1 12 12 8
1 3 1 0 0 0 760 2 10 10 12
1 4 0 0 1 0 760 1 12 12 10
1 5 1 0 0 0 760 3 5 5 12
1 6 1 0 0 0 760 3 14 14 5
1 7 1 1 0 0 570 1 5 5 14
1 8 1 0 0 0 760 3 9 9 5
1 9 1 0 0 0 760 2 8 8 9
1 10 1 1 0 0 702 1 9 9 8
1 11 1 0 0 0 760 2 5 5 9
1 12 0 0 1 0 760 1 9 9 5
1 13 1 0 0 0 760 2 3 3 9
1 14 1 0 0 0 760 2 6 6 3
1 15 1 0 0 0 760 2 4 4 6
1 16 1 0 0 0 760 2 11 11 4
1 17 0 0 1 0 760 1 4 4 11
1 18 1 0 0 0 760 2 12 12 4
1 19 1 1 0 0 560 1 4 4 12
1 20 1 0 0 0 760 2 11 11 4
1 21 1 0 0 0 760 2 12 12 11
1 22 1 0 0 0 760 3 9 9 12
1 23 1 0 0 0 760 2 8 8 9
1 24 1 0 0 0 760 3 11 11 8
1 25 1 0 0 0 760 3 1 1 11
2 1 1 0 0 0 760 1 12 12 1
2 2 1 0 0 0 760 1 12 12 12
2 3 1 0 0 0 760 2 1 1 12
2 4 1 1 0 0 589 1 12 12 1
2 5 1 0 0 0 760 3 12 12 12
2 6 1 0 0 0 760 3 1 1 12
2 7 0 0 1 0 760 1 12 12 1
2 8 1 0 0 0 760 2 13 13 12
2 9 1 0 0 0 760 3 5 5 13
2 10 1 0 0 0 760 3 11 11 5
2 11 1 0 0 0 760 2 1 1 11
2 12 0 0 1 0 760 1 11 11 1
2 13 1 1 0 0 586 1 1 1 11
2 14 1 0 0 0 760 2 14 14 1
2 15 0 0 1 0 760 1 1 1 14
2 16 1 1 0 0 553 1 14 14 1
2 17 1 0 0 0 760 3 5 5 14
2 18 1 0 0 0 760 3 5 5 5
2 19 1 0 0 0 760 2 3 3 5
2 20 1 0 0 0 760 3 3 3 3
2 21 1 1 0 0 583 1 3 3 3
2 22 0 0 1 0 760 1 3 3 3
2 23 1 0 0 0 760 3 7 7 3
2 24 1 0 0 0 760 3 9 9 7
2 25 1 1 0 0 583 1 7 7 9
3 1 1 0 0 0 760 3 3 3 7
3 2 1 0 0 0 760 2 9 9 3
3 3 1 0 0 0 760 2 7 7 9
3 4 1 0 0 0 760 2 4 4 7
3 5 1 0 0 0 760 3 8 8 4
3 6 1 0 0 0 760 2 9 9 8
3 7 1 0 0 0 760 3 13 13 9
3 8 1 0 0 0 760 3 15 15 13
3 9 1 1 0 0 629 1 13 13 15
3 10 0 0 1 0 760 1 15 15 13
3 11 1 0 0 0 760 2 5 5 15
3 12 1 0 0 0 760 3 7 7 5
3 13 1 0 0 0 760 2 1 1 7
3 14 1 0 0 0 760 2 1 1 1
3 15 1 1 0 0 561 1 1 1 1
3 16 1 0 0 0 760 2 12 12 1
3 17 1 0 0 0 760 2 3 3 12
3 18 1 0 0 0 760 2 15 15 3
3 19 1 0 0 0 760 3 13 13 15
3 20 1 0 0 0 760 3 9 9 13
3 21 1 0 0 0 760 3 6 6 9
3 22 1 0 0 0 760 3 12 12 6
3 23 1 1 0 0 591 1 6 6 12
3 24 1 1 0 0 594 1 12 12 6
3 25 1 1 0 0 541 1 6 6 12
