1 1 1 0 0 0 760 1 14 14 0
1 2 1 0 0 0 760 3 7 7 14
1 3 0 0 1 0 760 1 14 14 7
1 4 1 0 0 0 760 2 12 12 14
1 5 1 0 0 0 760 2 9 9 12
1 6 1 1 0 0 715 1 12 12 9
1 7 1 1 0 0 593 1 9 9 12
1 8 1 0 0 0 760 2 7 7 9
1 9 1 0 0 0 760 2 7 7 7
1 10 1 0 0 0 760 2 10 10 7
1 11 0 0 1 0 760 1 7 7 10
1 12 1 1 0 0 563 1 10 10 7
1 13 1 1 0 0 688 1 7 7 10
1 14 1 0 0 0 760 2 3 3 7
1 15 1 0 0 0 760 2 14 14 3
1 16 1 0 0 0 760 3 7 7 14
1 17 1 1 0 0 520 1 14 14 7
1 18 1 0 0 0 760 2 5 5 14
1 19 1 0 0 0 760 3 13 13 5
1 20 1 0 0 0 760 3 13 13 13
1 21 1 0 0 0 760 2 14 14 13
1 22 1 0 0 0 760 2 2 2 14
1 23 1 1 0 0 726 1 14 14 2
1 24 1 0 0 0 760 3 13 13 14
1 25 0 0 1 0 760 1 14 14 13
2 1 1 0 0 0 760 2 4 4 14
2 2 1 0 0 0 760 1 13 13 4
2 3 1 0 0 0 760 2 2 2 13
2 4 1 0 0 0 760 3 7 7 2
2 5 1 0 0 0 760 3 4 4 7
2 6 1 0 0 0 760 3 13 13 4
2 7 1 0 0 0 760 3 1 1 13
2 8 1 0 0 0 760 3 14 14 1
2 9 1 0 0 0 760 2 6 6 14
2 10 1 0 0 0 760 3 4 4 6
2 11 1 1 0 0 557 1 6 6 4
2 12 1 1 0 0 567 1 4 4 6
2 13 1 1 0 0 515 1 6 6 4
2 14 1 1 0 0 549 1 4 4 6
2 15 1 0 0 0 760 2 5 5 4
2 16 0 0 1 0 760 1 4 4 5
2 17 1 0 0 0 760 2 1 1 4
2 18 1 0 0 0 760 3 12 12 1
2 19 1 0 0 0 760 2 14 14 12
2 20 1 0 0 0 760 2 13 13 14
2 21 1 0 0 0 760 2 3 3 13
2 22 1 0 0 0 760 3 6 6 3
2 23 1 0 0 0 760 3 13 13 6
2 24 1 0 0 0 760 3 14 14 13
2 25 1 0 0 0 760 3 5 5 14
3 1 1 0 0 0 760 3 1 1 5
3 2 1 0 0 0 760 2 6 6 1
3 3 0 0 1 0 760 1 1 1 6
3 4 1 0 0 0 760 3 12 12 1
3 5 1 0 0 0 760 3 11 11 12
3 6 0 0 1 0 760 1 12 12 11
3 7 1 0 0 0 760 2 4 4 12
3 8 1 0 0 0 760 3 9 9 4
3 9 0 0 1 0 760 1 4 4 9
3 10 1 0 0 0 760 2 13 13 4
3 11 1 0 0 0 760 2 5 5 13
3 12 1 0 0 0 760 3 7 7 5
3 13 1 1 0 0 600 1 5 5 7
3 14 1 0 0 0 760 2 3 3 5
3 15 1 0 0 0 760 2 6 6 3
3 16 1 0 0 0 760 2 12 12 6
3 17 1 0 0 0 760 2 2 2 12
3 18 1 0 0 0 760 2 11 11 2
3 19 1 0 0 0 760 3 7 7 11
3 20 1 0 0 0 760 3 4 4 7
3 21 1 0 0 0 760 3 10 10 4
3 22 1 0 0 0 760 2 7 7 10
3 23 1 0 0 0 760 2 7 7 7
3 24 1 1 0 0 547 1 7 7 7
3 25 1 0 0 0 760 3 15 15 7
