1 1 1 0 0 0 760 1 12 12 0
1 2 1 0 0 0 760 1 6 6 12
1 3 1 0 0 0 760 2 14 14 6
1 4 0 0 1 0 760 1 6 6 14
1 5 1 0 0 0 760 3 10 10 6
1 6 1 0 0 0 760 3 8 8 10
1 7 0 0 1 0 760 1 10 10 8
1 8 1 1 0 0 683 1 8 8 10
1 9 1 0 0 0 760 2 13 13 8
1 10 1 0 0 0 760 2 7 7 13
1 11 1 1 0 0 728 1 13 13 7
1 12 1 1 0 0 652 1 7 7 13
1 13 0 0 0 1 630 3 8 8 7
1 14 1 0 0 0 760 2 2 2 8
1 15 1 0 0 0 760 3 6 6 2
1 16 1 1 0 0 643 1 2 2 6
1 17 1 0 0 0 760 3 15 15 2
1 18 1 1 0 0 619 1 2 2 15
1 19 0 0 0 1 601 3 2 2 2
1 20 0 0 0 1 486 2 11 11 2
1 21 1 0 0 0 760 3 3 3 11
1 22 0 0 0 1 708 2 5 5 3
1 23 1 0 0 0 282 2 10 10 5
1 24 1 0 0 0 760 2 15 15 10
1 25 0 0 1 0 760 1 10 10 15
2 1 1 0 0 0 760 1 7 7 10
2 2 1 0 0 0 760 3 8 8 7
2 3 1 0 0 0 760 2 5 5 8
2 4 1 0 0 0 760 3 14 14 5
2 5 1 0 0 0 760 2 15 15 14
2 6 0 0 1 0 760 1 14 14 15
2 7 1 1 0 0 588 1 15 15 14
2 8 1 0 0 0 760 3 13 13 15
2 9 1 0 0 0 760 2 9 9 13
2 10 1 0 0 0 760 3 14 14 9
2 11 0 0 1 0 760 1 9 9 14
2 12 1 0 0 0 760 3 4 4 9
2 13 1 0 0 0 760 3 7 7 4
2 14 1 0 0 0 760 3 1 1 7
2 15 1 0 0 0 760 3 6 6 1
2 16 1 0 0 0 760 2 3 3 6
2 17 1 0 0 0 760 2 2 2 3
2 18 1 0 0 0 760 3 14 14 2
2 19 1 1 0 0 549 1 2 2 14
2 20 1 0 0 0 760 2 1 1 2
2 21 1 0 0 0 760 3 12 12 1
2 22 1 0 0 0 760 3 15 15 12
2 23 1 0 0 0 760 3 1 1 15
2 24 1 0 0 0 760 2 13 13 1
2 25 1 1 0 0 741 1 1 1 13
3 1 1 0 0 0 760 2 5 5 1
3 2 1 0 0 0 760 2 10 10 5
3 3 0 0 0 1 644 3 10 10 10
3 4 1 0 0 0 760 3 6 6 10
3 5 1 0 0 0 760 2 13 13 6
3 6 1 0 0 0 760 3 7 7 13
3 7 1 0 0 0 760 2 4 4 7
3 8 1 1 0 0 675 1 7 7 4
3 9 1 1 0 0 690 1 4 4 7
3 10 1 0 0 0 760 3 12 12 4
3 11 1 0 0 0 760 2 10 10 12
3 12 1 0 0 0 760 3 3 3 10
3 13 1 0 0 0 760 2 5 5 3
3 14 1 0 0 0 760 2 13 13 5
3 15 0 0 1 0 760 1 5 5 13
3 16 1 0 0 0 760 2 11 11 5
3 17 1 0 0 0 760 2 9 9 11
3 18 1 1 0 0 704 1 11 11 9
3 19 1 0 0 0 760 3 10 10 11
3 20 1 0 0 0 760 3 3 3 10
3 21 1 0 0 0 760 2 14 14 3
3 22 1 0 0 0 760 2 6 6 14
3 23 0 0 1 0 760 1 14 14 6
3 24 0 0 0 1 711 2 14 14 14
3 25 1 0 0 0 760 2 8 8 14
