1 1 1 0 0 0 760 1 10 10 0
1 2 1 0 0 0 760 3 6 6 10
1 3 1 0 0 0 760 2 2 2 6
1 4 1 0 0 0 760 2 12 12 2
1 5 1 0 0 0 760 2 4 4 12
1 6 1 0 0 0 760 3 6 6 4
1 7 1 0 0 0 760 3 13 13 6
1 8 1 0 0 0 760 3 5 5 13
1 9 0 0 1 0 760 1 13 13 5
1 10 1 0 0 0 760 2 2 2 13
1 11 1 0 0 0 760 3 10 10 2
1 12 1 0 0 0 760 3 12 12 10
1 13 1 0 0 0 760 2 2 2 12
1 14 1 0 0 0 760 2 7 7 2
1 15 0 0 1 0 760 1 2 2 7
1 16 1 0 0 0 760 3 6 6 2
1 17 1 0 0 0 760 3 1 1 6
1 18 1 0 0 0 760 2 1 1 1
1 19 1 0 0 0 760 3 11 11 1
1 20 1 1 0 0 550 1 1 1 11
1 21 1 0 0 0 760 3 14 14 1
1 22 1 0 0 0 760 3 11 11 14
1 23 0 0 0 1 641 3 11 11 11
1 24 1 1 0 0 592 1 11 11 11
1 25 1 1 0 0 667 1 11 11 11
2 1 1 0 0 0 760 1 4 4 11
2 2 1 0 0 0 760 3 5 5 4
2 3 1 0 0 0 760 3 2 2 5
2 4 0 0 1 0 760 1 5 5 2
2 5 1 0 0 0 760 3 13 13 5
2 6 1 0 0 0 760 3 8 8 13
2 7 1 1 0 0 598 1 13 13 8
2 8 1 0 0 0 760 3 14 14 13
2 9 1 1 0 0 605 1 13 13 14
2 10 0 0 1 0 760 1 14 14 13
2 11 1 1 0 0 572 1 13 13 14
2 12 1 0 0 0 760 3 5 5 13
2 13 1 0 0 0 760 3 5 5 5
2 14 1 0 0 0 760 3 12 12 5
2 15 1 1 0 0 576 1 5 5 12
2 16 1 0 0 0 760 3 4 4 5
2 17 1 0 0 0 760 2 6 6 4
2 18 1 0 0 0 760 3 6 6 6
2 19 1 0 0 0 760 3 2 2 6
2 20 1 0 0 0 760 2 15 15 2
2 21 1 0 0 0 760 3 8 8 15
2 22 1 0 0 0 760 2 4 4 8
2 23 1 0 0 0 760 2 2 2 4
2 24 1 0 0 0 760 3 12 12 2
2 25 1 0 0 0 760 2 3 3 12
3 1 1 0 0 0 760 3 14 14 3
3 2 1 0 0 0 760 2 9 9 14
3 3 1 0 0 0 760 3 12 12 9
3 4 0 0 1 0 760 1 9 9 12
3 5 1 0 0 0 760 2 15 15 9
3 6 1 0 0 0 760 3 13 13 15
3 7 1 0 0 0 760 2 1 1 13
3 8 1 0 0 0 760 3 14 14 1
3 9 1 0 0 0 760 3 4 4 14
3 10 1 0 0 0 760 3 13 13 4
3 11 1 0 0 0 760 3 11 11 13
3 12 0 0 1 0 760 1 13 13 11
3 13 0 0 1 0 760 1 11 11 13
3 14 1 0 0 0 760 3 2 2 11
3 15 1 0 0 0 760 3 3 3 2
3 16 0 0 1 0 760 1 2 2 3
3 17 1 0 0 0 760 3 12 12 2
3 18 1 0 0 0 760 3 13 13 12
3 19 1 0 0 0 760 2 2 2 13
3 20 1 1 0 0 701 1 13 13 2
3 21 1 1 0 0 660 1 2 2 13
3 22 1 0 0 0 760 2 7 7 2
3 23 1 0 0 0 760 3 13 13 7
3 24 1 0 0 0 760 3 14 14 13
3 25 1 0 0 0 760 2 9 9 14
