1 1 1 0 0 0 760 3 15 15 0
1 2 1 0 0 0 760 2 14 14 15
1 3 1 1 0 0 550 1 15 15 14
1 4 1 0 0 0 760 3 10 10 15
1 5 1 0 0 0 760 2 10 10 10
1 6 1 0 0 0 760 3 3 3 10
1 7 1 0 0 0 760 3 1 1 3
1 8 1 0 0 0 760 3 12 12 1
1 9 1 0 0 0 760 3 15 15 12
1 10 1 0 0 0 760 3 3 3 15
1 11 1 0 0 0 760 2 1 1 3
1 12 1 1 0 0 468 1 3 3 1
1 13 1 0 0 0 760 3 7 7 3
1 14 1 0 0 0 760 3 5 5 7
1 15 1 0 0 0 760 3 2 2 5
1 16 1 1 0 0 468 1 5 5 2
1 17 1 1 0 0 683 1 2 2 5
1 18 0 0 0 1 465 3 9 9 2
1 19 1 1 0 0 398 1 2 2 9
1 20 1 0 0 0 760 2 13 13 2
1 21 1 0 0 0 760 2 6 6 13
1 22 0 0 0 1 763 2 1 1 6
1 23 1 0 0 0 760 3 13 13 1
1 24 1 0 0 0 760 3 2 2 13
1 25 1 0 0 0 760 3 3 3 2
2 1 1 0 0 0 760 2 15 15 3
2 2 1 0 0 0 760 1 8 8 15
2 3 1 0 0 0 760 3 6 6 8
2 4 1 1 0 0 502 1 8 8 6
2 5 1 0 0 0 760 3 14 14 8
2 6 1 0 0 0 760 2 6 6 14
2 7 1 1 0 0 452 1 14 14 6
2 8 1 0 0 0 760 3 15 15 14
2 9 1 0 0 0 760 2 13 13 15
2 10 1 0 0 0 760 2 7 7 13
2 11 1 1 0 0 624 1 13 13 7
2 12 1 1 0 0 557 1 7 7 13
2 13 1 1 0 0 616 1 13 13 7
2 14 0 0 0 1 448 3 9 9 13
2 15 1 1 0 0 438 1 13 13 9
2 16 1 0 0 0 760 3 14 14 13
2 17 0 0 0 1 669 2 15 15 14
2 18 1 1 0 0 480 1 14 14 15
2 19 1 1 0 0 497 1 15 15 14
2 20 1 0 0 0 760 2 11 11 15
2 21 1 1 0 0 419 1 15 15 11
2 22 1 0 0 0 760 2 12 12 15
2 23 1 0 0 0 760 3 4 4 12
2 24 1 1 0 0 508 1 12 12 4
2 25 1 0 0 0 760 3 7 7 12
3 1 1 0 0 0 760 2 9 9 7
3 2 1 0 0 0 760 1 5 5 9
3 3 0 0 1 0 760 1 9 9 5
3 4 1 0 0 0 760 2 3 3 9
3 5 1 0 0 0 760 3 2 2 3
3 6 1 0 0 0 760 2 10 10 2
3 7 1 0 0 0 760 3 5 5 10
3 8 1 1 0 0 598 1 10 10 5
3 9 1 0 0 0 760 3 7 7 10
3 10 1 1 0 0 739 1 10 10 7
3 11 1 0 0 0 760 3 1 1 10
3 12 1 1 0 0 480 1 10 10 1
3 13 1 1 0 0 472 1 1 1 10
3 14 1 0 0 0 760 2 14 14 1
3 15 1 0 0 0 760 3 2 2 14
3 16 1 0 0 0 760 2 12 12 2
3 17 1 1 0 0 536 1 2 2 12
3 18 1 0 0 0 760 3 8 8 2
3 19 1 1 0 0 591 1 2 2 8
3 20 1 1 0 0 519 1 8 8 2
3 21 0 0 0 1 468 3 8 8 8
3 22 1 0 0 0 760 2 6 6 8
3 23 1 0 0 0 760 2 2 2 6
3 24 1 0 0 0 760 2 11 11 2
3 25 1 0 0 0 760 3 13 13 11
