1 1 1 0 0 0 760 1 14 14 0
1 2 1 0 0 0 760 2 2 2 14
1 3 1 0 0 0 760 2 15 15 2
1 4 1 0 0 0 760 2 14 14 15
1 5 0 0 1 0 503 1 15 15 14
1 6 0 0 1 0 760 1 14 14 15
1 7 1 0 0 0 760 3 14 14 14
1 8 0 0 0 1 461 3 9 9 14
1 9 1 0 0 0 760 2 12 12 9
1 10 1 0 0 0 760 2 6 6 12
1 11 1 0 0 0 760 2 10 10 6
1 12 1 0 0 0 760 3 3 3 10
1 13 1 0 0 0 760 3 12 12 3
1 14 1 0 0 0 760 3 12 12 12
1 15 1 0 0 0 760 3 2 2 12
1 16 1 1 0 0 526 1 12 12 2
1 17 1 0 0 0 760 2 4 4 12
1 18 1 0 0 0 760 3 10 10 4
1 19 1 1 0 0 585 1 4 4 10
1 20 1 0 0 0 760 2 12 12 4
1 21 0 0 1 0 760 1 4 4 12
1 22 0 0 0 1 523 2 4 4 4
1 23 0 0 1 0 760 1 4 4 4
1 24 0 0 0 1 699 2 9 9 4
1 25 1 1 0 0 579 1 4 4 9
2 1 1 0 0 0 760 3 1 1 4
2 2 1 0 0 0 760 2 10 10 1
2 3 1 0 0 0 760 2 13 13 10
2 4 0 0 1 0 760 1 10 10 13
2 5 1 0 0 0 760 3 14 14 10
2 6 1 0 0 0 760 2 14 14 14
2 7 1 1 0 0 432 1 14 14 14
2 8 1 0 0 0 760 3 8 8 14
2 9 1 0 0 0 760 2 4 4 8
2 10 1 0 0 0 760 2 4 4 4
2 11 1 0 0 0 760 2 15 15 4
2 12 1 0 0 0 760 2 15 15 15
2 13 1 0 0 0 760 2 2 2 15
2 14 1 0 0 0 760 3 6 6 2
2 15 1 0 0 0 760 3 15 15 6
2 16 1 0 0 0 760 3 2 2 15
2 17 1 1 0 0 428 1 15 15 2
2 18 1 0 0 0 760 3 13 13 15
2 19 1 0 0 0 760 3 8 8 13
2 20 1 0 0 0 760 3 5 5 8
2 21 1 1 0 0 544 1 8 8 5
2 22 1 0 0 0 760 3 9 9 8
2 23 1 0 0 0 760 2 5 5 9
2 24 1 0 0 0 760 3 13 13 5
2 25 1 1 0 0 609 1 5 5 13
3 1 0 0 0 1 230 2 6 6 5
3 2 1 0 0 0 760 3 8 8 6
3 3 1 0 0 0 760 2 1 1 8
3 4 1 0 0 0 760 2 3 3 1
3 5 1 0 0 0 760 2 13 13 3
3 6 1 0 0 0 760 2 12 12 13
3 7 1 0 0 0 760 3 10 10 12
3 8 1 0 0 0 760 2 6 6 10
3 9 1 1 0 0 621 1 10 10 6
3 10 1 0 0 0 760 3 14 14 10
3 11 1 0 0 0 760 3 14 14 14
3 12 1 0 0 0 760 2 9 9 14
3 13 1 0 0 0 760 3 15 15 9
3 14 1 0 0 0 760 3 15 15 15
3 15 1 0 0 0 760 3 10 10 15
3 16 1 0 0 0 760 2 11 11 10
3 17 1 1 0 0 541 1 10 10 11
3 18 1 0 0 0 760 3 5 5 10
3 19 0 0 0 1 753 3 4 4 5
3 20 1 0 0 0 760 3 2 2 4
3 21 1 0 0 0 760 2 13 13 2
3 22 0 0 0 1 553 3 11 11 13
3 23 1 0 0 0 760 3 6 6 11
3 24 1 1 0 0 561 1 11 11 6
3 25 1 1 0 0 591 1 6 6 11
