1 1 1 0 0 0 760 1 10 10 0
1 2 1 0 0 0 760 1 14 14 10
1 3 1 0 0 0 760 3 4 4 14
1 4 0 0 0 1 480 3 9 9 4
1 5 1 0 0 0 760 2 10 10 9
1 6 1 0 0 0 760 2 12 12 10
1 7 1 0 0 0 760 2 13 13 12
1 8 1 0 0 0 760 2 11 11 13
1 9 0 0 1 0 760 1 13 13 11
1 10 0 0 1 0 760 1 11 11 13
1 11 1 0 0 0 760 3 14 14 11
1 12 0 0 0 1 503 3 1 1 14
1 13 0 0 1 0 760 1 14 14 1
1 14 1 0 0 0 760 3 13 13 14
1 15 1 0 0 0 760 3 7 7 13
1 16 1 0 0 0 760 2 6 6 7
1 17 1 0 0 0 760 2 2 2 6
1 18 1 1 0 0 750 1 6 6 2
1 19 1 0 0 0 760 2 4 4 6
1 20 0 0 0 1 731 2 1 1 4
1 21 0 0 0 1 574 3 3 3 1
1 22 1 0 0 0 760 2 15 15 3
1 23 1 0 0 0 760 2 7 7 15
1 24 0 0 1 0 760 1 15 15 7
1 25 1 0 0 0 760 2 8 8 15
2 1 1 0 0 0 760 3 12 12 8
2 2 1 0 0 0 760 3 6 6 12
2 3 1 0 0 0 760 3 6 6 6
2 4 1 0 0 0 760 2 7 7 6
2 5 1 0 0 0 760 2 12 12 7
2 6 1 0 0 0 760 2 15 15 12
2 7 1 0 0 0 760 2 15 15 15
2 8 1 1 0 0 516 1 15 15 15
2 9 1 0 0 0 760 2 7 7 15
2 10 1 0 0 0 760 3 4 4 7
2 11 0 0 1 0 760 1 7 7 4
2 12 1 0 0 0 760 2 15 15 7
2 13 0 0 1 0 760 1 7 7 15
2 14 0 0 1 0 760 1 15 15 7
2 15 1 0 0 0 760 3 11 11 15
2 16 1 0 0 0 760 2 6 6 11
2 17 1 1 0 0 490 1 11 11 6
2 18 0 0 1 0 760 1 6 6 11
2 19 1 1 0 0 581 1 11 11 6
2 20 1 1 0 0 605 1 6 6 11
2 21 1 1 0 0 620 1 11 11 6
2 22 1 0 0 0 760 3 5 5 11
2 23 1 0 0 0 760 2 7 7 5
2 24 0 0 1 0 760 1 5 5 7
2 25 1 0 0 0 760 2 5 5 5
3 1 1 0 0 0 760 2 3 3 5
3 2 1 0 0 0 760 1 10 10 3
3 3 1 0 0 0 760 2 15 15 10
3 4 0 0 1 0 760 1 10 10 15
3 5 1 0 0 0 760 2 10 10 10
3 6 1 0 0 0 760 3 14 14 10
3 7 1 0 0 0 760 2 3 3 14
3 8 1 0 0 0 760 2 13 13 3
3 9 1 0 0 0 760 3 4 4 13
3 10 1 0 0 0 760 2 6 6 4
3 11 1 0 0 0 760 2 1 1 6
3 12 1 0 0 0 760 2 13 13 1
3 13 1 0 0 0 760 3 3 3 13
3 14 0 0 1 0 760 1 13 13 3
3 15 1 0 0 0 760 2 15 15 13
3 16 1 0 0 0 760 3 1 1 15
3 17 1 0 0 0 760 2 9 9 1
3 18 1 0 0 0 760 2 12 12 9
3 19 1 0 0 0 760 3 12 12 12
3 20 1 0 0 0 760 2 5 5 12
3 21 1 0 0 0 760 3 8 8 5
3 22 1 0 0 0 760 2 12 12 8
3 23 1 1 0 0 562 1 8 8 12
3 24 1 0 0 0 760 2 2 2 8
3 25 1 0 0 0 760 3 15 15 2
