1 1 1 0 0 0 760 1 14 14 0
1 2 1 0 0 0 760 3 15 15 14
1 3 1 1 0 0 504 1 14 14 15
1 4 1 0 0 0 760 3 3 3 14
1 5 1 0 0 0 760 2 9 9 3
1 6 1 0 0 0 760 3 12 12 9
1 7 1 0 0 0 760 3 4 4 12
1 8 1 0 0 0 760 2 4 4 4
1 9 1 1 0 0 461 1 4 4 4
1 10 1 0 0 0 760 3 15 15 4
1 11 1 0 0 0 760 2 10 10 15
1 12 1 1 0 0 503 1 15 15 10
1 13 1 0 0 0 760 2 6 6 15
1 14 1 1 0 0 674 1 15 15 6
1 15 1 0 0 0 760 3 14 14 15
1 16 0 0 1 0 760 1 15 15 14
1 17 1 0 0 0 760 3 8 8 15
1 18 1 0 0 0 760 2 13 13 8
1 19 1 1 0 0 583 1 8 8 13
1 20 1 0 0 0 760 3 4 4 8
1 21 1 0 0 0 760 3 7 7 4
1 22 1 1 0 0 559 1 4 4 7
1 23 1 1 0 0 611 1 7 7 4
1 24 1 0 0 0 760 3 15 15 7
1 25 1 0 0 0 760 3 10 10 15
2 1 1 0 0 0 760 3 5 5 10
2 2 1 0 0 0 760 1 7 7 5
2 3 1 0 0 0 760 3 3 3 7
2 4 1 1 0 0 464 1 7 7 3
2 5 1 0 0 0 760 2 8 8 7
2 6 1 1 0 0 470 1 7 7 8
2 7 1 0 0 0 760 3 3 3 7
2 8 1 0 0 0 760 3 9 9 3
2 9 1 0 0 0 760 3 8 8 9
2 10 1 0 0 0 760 3 10 10 8
2 11 1 1 0 0 502 1 8 8 10
2 12 1 0 0 0 760 2 6 6 8
2 13 1 0 0 0 760 2 12 12 6
2 14 1 0 0 0 760 3 10 10 12
2 15 1 0 0 0 760 2 11 11 10
2 16 1 0 0 0 760 2 2 2 11
2 17 1 0 0 0 760 2 5 5 2
2 18 1 0 0 0 760 3 10 10 5
2 19 1 0 0 0 760 3 12 12 10
2 20 1 0 0 0 760 2 15 15 12
2 21 1 0 0 0 760 3 4 4 15
2 22 1 0 0 0 760 3 12 12 4
2 23 1 0 0 0 760 3 1 1 12
2 24 1 0 0 0 760 2 8 8 1
2 25 1 0 0 0 760 3 2 2 8
3 1 1 0 0 0 760 3 2 2 2
3 2 1 0 0 0 760 3 13 13 2
3 3 0 0 1 0 760 1 2 2 13
3 4 1 1 0 0 632 1 13 13 2
3 5 1 1 0 0 446 1 2 2 13
3 6 1 0 0 0 760 3 9 9 2
3 7 1 0 0 0 760 2 5 5 9
3 8 0 0 1 0 760 1 9 9 5
3 9 1 0 0 0 760 2 10 10 9
3 10 1 0 0 0 760 3 3 3 10
3 11 1 0 0 0 760 2 3 3 3
3 12 1 1 0 0 500 1 3 3 3
3 13 1 0 0 0 760 2 15 15 3
3 14 1 0 0 0 760 2 14 14 15
3 15 1 0 0 0 760 3 2 2 14
3 16 1 0 0 0 760 2 3 3 2
3 17 1 0 0 0 760 2 15 15 3
3 18 1 0 0 0 760 3 5 5 15
3 19 1 1 0 0 547 1 15 15 5
3 20 1 0 0 0 760 2 10 10 15
3 21 1 0 0 0 760 3 8 8 10
3 22 1 0 0 0 760 3 4 4 8
3 23 1 0 0 0 760 2 10 10 4
3 24 1 1 0 0 514 1 4 4 10
3 25 1 0 0 0 760 2 9 9 4
