1 1 1 0 0 0 760 2 9 9 0
1 2 1 0 0 0 760 2 12 12 9
1 3 1 0 0 0 760 2 10 10 12
1 4 1 0 0 0 760 2 9 9 10
1 5 1 1 0 0 506 1 10 10 9
1 6 1 0 0 0 760 2 12 12 10
1 7 1 0 0 0 760 3 8 8 12
1 8 1 0 0 0 760 3 15 15 8
1 9 0 0 0 1 596 3 10 10 15
1 10 1 0 0 0 760 3 6 6 10
1 11 1 0 0 0 760 3 2 2 6
1 12 1 0 0 0 760 2 9 9 2
1 13 1 1 0 0 528 1 2 2 9
1 14 1 0 0 0 760 2 5 5 2
1 15 1 1 0 0 643 1 2 2 5
1 16 1 0 0 0 760 2 12 12 2
1 17 1 0 0 0 760 2 13 13 12
1 18 1 0 0 0 760 2 8 8 13
1 19 1 0 0 0 760 2 11 11 8
1 20 1 1 0 0 633 1 8 8 11
1 21 1 0 0 0 760 2 5 5 8
1 22 1 1 0 0 649 1 8 8 5
1 23 1 0 0 0 760 2 12 12 8
1 24 1 1 0 0 615 1 8 8 12
1 25 1 0 0 0 760 3 6 6 8
2 1 1 0 0 0 760 3 7 7 6
2 2 1 0 0 0 760 3 4 4 7
2 3 1 0 0 0 760 2 13 13 4
2 4 1 0 0 0 760 2 10 10 13
2 5 1 0 0 0 760 3 6 6 10
2 6 1 1 0 0 443 1 10 10 6
2 7 1 1 0 0 493 1 6 6 10
2 8 1 0 0 0 760 3 14 14 6
2 9 1 0 0 0 760 3 8 8 14
2 10 0 0 0 1 534 3 13 13 8
2 11 1 1 0 0 416 1 8 8 13
2 12 1 1 0 0 533 1 13 13 8
2 13 1 1 0 0 657 1 8 8 13
2 14 1 0 0 0 760 3 5 5 8
2 15 1 0 0 0 760 2 2 2 5
2 16 1 0 0 0 760 3 6 6 2
2 17 1 1 0 0 490 1 2 2 6
2 18 1 0 0 0 760 2 9 9 2
2 19 1 1 0 0 464 1 2 2 9
2 20 1 0 0 0 760 3 4 4 2
2 21 1 0 0 0 760 3 8 8 4
2 22 1 1 0 0 419 1 4 4 8
2 23 1 0 0 0 760 2 15 15 4
2 24 1 1 0 0 437 1 4 4 15
2 25 1 1 0 0 495 1 15 15 4
3 1 1 0 0 0 760 2 2 2 15
3 2 1 0 0 0 760 2 3 3 2
3 3 1 0 0 0 760 3 13 13 3
3 4 1 0 0 0 760 3 13 13 13
3 5 1 1 0 0 488 1 13 13 13
3 6 1 0 0 0 760 3 15 15 13
3 7 1 0 0 0 760 3 1 1 15
3 8 1 0 0 0 760 2 10 10 1
3 9 1 0 0 0 760 3 11 11 10
3 10 1 0 0 0 760 2 15 15 11
3 11 1 1 0 0 652 1 11 11 15
3 12 1 0 0 0 760 3 10 10 11
3 13 1 0 0 0 760 3 6 6 10
3 14 1 1 0 0 594 1 10 10 6
3 15 1 1 0 0 542 1 6 6 10
3 16 1 0 0 0 760 3 4 4 6
3 17 0 0 1 0 760 1 6 6 4
3 18 1 0 0 0 760 3 14 14 6
3 19 1 1 0 0 583 1 6 6 14
3 20 1 0 0 0 760 2 11 11 6
3 21 1 0 0 0 760 2 1 1 11
3 22 1 1 0 0 465 1 11 11 1
3 23 1 1 0 0 524 1 1 1 11
3 24 1 1 0 0 465 1 11 11 1
3 25 1 1 0 0 482 1 1 1 11
