1 1 1 0 0 0 760 1 15 15 0
1 2 1 0 0 0 760 3 10 10 15
1 3 1 0 0 0 760 3 10 10 10
1 4 1 1 0 0 578 1 10 10 10
1 5 1 0 0 0 760 2 8 8 10
1 6 1 0 0 0 760 2 12 12 8
1 7 1 1 0 0 669 1 8 8 12
1 8 1 0 0 0 760 2 10 10 8
1 9 1 0 0 0 760 3 11 11 10
1 10 1 0 0 0 760 2 14 14 11
1 11 1 1 0 0 568 1 11 11 14
1 12 1 0 0 0 760 2 8 8 11
1 13 0 0 0 1 633 2 8 8 8
1 14 1 0 0 0 760 2 5 5 8
1 15 1 1 0 0 491 1 8 8 5
1 16 1 1 0 0 499 1 5 5 8
1 17 1 1 0 0 508 1 8 8 5
1 18 1 0 0 0 760 2 13 13 8
1 19 1 1 0 0 541 1 8 8 13
1 20 1 1 0 0 532 1 13 13 8
1 21 1 0 0 0 760 2 2 2 13
1 22 1 0 0 0 760 3 8 8 2
1 23 1 1 0 0 473 1 2 2 8
1 24 1 0 0 0 760 2 4 4 2
1 25 1 0 0 0 760 2 8 8 4
2 1 1 0 0 0 760 2 3 3 8
2 2 1 0 0 0 760 1 10 10 3
2 3 0 0 1 0 760 1 3 3 10
2 4 1 0 0 0 760 2 5 5 3
2 5 1 1 0 0 527 1 3 3 5
2 6 1 1 0 0 676 1 5 5 3
2 7 1 1 0 0 502 1 3 3 5
2 8 1 0 0 0 760 2 12 12 3
2 9 1 1 0 0 467 1 3 3 12
2 10 1 0 0 0 760 2 15 15 3
2 11 1 0 0 0 760 3 4 4 15
2 12 1 1 0 0 649 1 15 15 4
2 13 1 0 0 0 760 3 1 1 15
2 14 1 1 0 0 433 1 15 15 1
2 15 1 1 0 0 472 1 1 1 15
2 16 1 0 0 0 760 2 11 11 1
2 17 1 0 0 0 760 2 4 4 11
2 18 1 0 0 0 760 2 1 1 4
2 19 1 0 0 0 760 2 7 7 1
2 20 1 0 0 0 760 2 7 7 7
2 21 1 1 0 0 477 1 7 7 7
2 22 1 0 0 0 760 2 2 2 7
2 23 1 1 0 0 402 1 7 7 2
2 24 1 0 0 0 760 3 6 6 7
2 25 1 0 0 0 760 2 8 8 6
3 1 1 0 0 0 760 1 8 8 8
3 2 1 0 0 0 760 1 14 14 8
3 3 1 0 0 0 760 2 15 15 14
3 4 1 1 0 0 466 1 14 14 15
3 5 1 1 0 0 459 1 15 15 14
3 6 1 1 0 0 483 1 14 14 15
3 7 1 1 0 0 480 1 15 15 14
3 8 1 0 0 0 760 3 6 6 15
3 9 1 0 0 0 760 3 3 3 6
3 10 1 0 0 0 760 2 12 12 3
3 11 0 0 1 0 760 1 3 3 12
3 12 1 0 0 0 760 3 5 5 3
3 13 1 0 0 0 760 2 12 12 5
3 14 1 0 0 0 760 3 10 10 12
3 15 1 0 0 0 760 2 9 9 10
3 16 1 1 0 0 502 1 10 10 9
3 17 1 0 0 0 760 2 1 1 10
3 18 1 0 0 0 760 2 9 9 1
3 19 1 0 0 0 760 3 3 3 9
3 20 1 1 0 0 535 1 9 9 3
3 21 1 1 0 0 573 1 3 3 9
3 22 1 0 0 0 760 3 5 5 3
3 23 1 0 0 0 760 3 4 4 5
3 24 0 0 0 1 558 2 4 4 4
3 25 1 1 0 0 541 1 4 4 4
