1 1 1 0 0 0 760 3 13 13 0
1 2 1 0 0 0 760 3 6 6 13
1 3 1 0 0 0 760 3 15 15 6
1 4 1 0 0 0 760 3 11 11 15
1 5 0 0 0 1 734 2 11 11 11
1 6 1 1 0 0 511 1 11 11 11
1 7 1 0 0 0 760 3 4 4 11
1 8 1 0 0 0 760 3 4 4 4
1 9 1 0 0 0 760 3 9 9 4
1 10 1 0 0 0 760 3 7 7 9
1 11 1 0 0 0 760 2 2 2 7
1 12 0 0 1 0 760 1 7 7 2
1 13 1 0 0 0 760 3 8 8 7
1 14 1 0 0 0 760 2 13 13 8
1 15 1 1 0 0 614 1 8 8 13
1 16 1 0 0 0 760 2 4 4 8
1 17 0 0 0 1 551 3 10 10 4
1 18 1 0 0 0 760 3 2 2 10
1 19 1 0 0 0 760 2 13 13 2
1 20 1 0 0 0 760 3 1 1 13
1 21 0 0 1 0 760 1 13 13 1
1 22 1 0 0 0 760 2 12 12 13
1 23 1 1 0 0 566 1 13 13 12
1 24 1 1 0 0 690 1 12 12 13
1 25 1 0 0 0 760 2 12 12 12
2 1 1 0 0 0 760 3 13 13 12
2 2 1 0 0 0 760 1 5 5 13
2 3 1 0 0 0 760 2 4 4 5
2 4 1 0 0 0 760 3 10 10 4
2 5 1 0 0 0 760 3 9 9 10
2 6 1 1 0 0 577 1 10 10 9
2 7 1 0 0 0 760 2 2 2 10
2 8 1 0 0 0 760 2 9 9 2
2 9 1 1 0 0 469 1 2 2 9
2 10 1 0 0 0 760 2 10 10 2
2 11 0 0 0 1 708 2 10 10 10
2 12 1 0 0 0 760 3 12 12 10
2 13 1 0 0 0 760 2 14 14 12
2 14 1 0 0 0 760 3 4 4 14
2 15 1 1 0 0 499 1 14 14 4
2 16 1 1 0 0 574 1 4 4 14
2 17 1 0 0 0 760 2 6 6 4
2 18 1 0 0 0 760 2 14 14 6
2 19 1 0 0 0 760 2 13 13 14
2 20 1 0 0 0 760 2 3 3 13
2 21 1 1 0 0 554 1 13 13 3
2 22 1 1 0 0 555 1 3 3 13
2 23 0 0 0 1 565 2 5 5 3
2 24 1 0 0 0 760 3 1 1 5
2 25 1 1 0 0 462 1 5 5 1
3 1 1 0 0 0 760 2 4 4 5
3 2 1 0 0 0 760 3 3 3 4
3 3 1 1 0 0 639 1 4 4 3
3 4 1 0 0 0 760 2 15 15 4
3 5 0 0 0 1 425 2 3 3 15
3 6 1 1 0 0 705 1 15 15 3
3 7 1 0 0 0 760 3 8 8 15
3 8 1 0 0 0 760 2 10 10 8
3 9 1 1 0 0 514 1 8 8 10
3 10 1 1 0 0 616 1 10 10 8
3 11 1 0 0 0 760 2 5 5 10
3 12 1 1 0 0 646 1 10 10 5
3 13 1 0 0 0 760 2 12 12 10
3 14 1 1 0 0 701 1 10 10 12
3 15 1 0 0 0 760 2 9 9 10
3 16 1 0 0 0 760 2 15 15 9
3 17 1 0 0 0 760 3 10 10 15
3 18 1 1 0 0 463 1 15 15 10
3 19 1 0 0 0 760 2 1 1 15
3 20 1 0 0 0 760 3 12 12 1
3 21 1 0 0 0 760 2 6 6 12
3 22 0 0 1 0 760 1 12 12 6
3 23 1 0 0 0 760 2 15 15 12
3 24 1 0 0 0 760 3 1 1 15
3 25 1 0 0 0 760 2 12 12 1
