1 1 1 0 0 0 760 2 12 12 0
1 2 1 0 0 0 760 1 1 1 12
1 3 1 0 0 0 760 3 2 2 1
1 4 0 0 1 0 760 1 1 1 2
1 5 1 0 0 0 760 2 6 6 1
1 6 1 1 0 0 706 1 1 1 6
1 7 1 0 0 0 760 2 7 7 1
1 8 1 1 0 0 536 1 1 1 7
1 9 1 1 0 0 556 1 7 7 1
1 10 1 0 0 0 760 3 15 15 7
1 11 1 0 0 0 760 2 12 12 15
1 12 1 0 0 0 760 3 2 2 12
1 13 1 0 0 0 760 2 5 5 2
1 14 0 0 0 1 737 3 5 5 5
1 15 1 0 0 0 760 2 3 3 5
1 16 1 0 0 0 760 3 10 10 3
1 17 1 0 0 0 760 3 8 8 10
1 18 1 0 0 0 760 3 2 2 8
1 19 0 0 0 1 718 3 2 2 2
1 20 1 0 0 0 760 2 9 9 2
1 21 1 0 0 0 760 2 9 9 9
1 22 1 0 0 0 760 2 15 15 9
1 23 1 0 0 0 760 2 13 13 15
1 24 1 0 0 0 760 3 3 3 13
1 25 1 0 0 0 760 3 3 3 3
2 1 1 0 0 0 760 1 8 8 3
2 2 1 0 0 0 760 1 10 10 8
2 3 0 0 1 0 760 1 8 8 10
2 4 1 0 0 0 760 2 13 13 8
2 5 1 1 0 0 737 1 8 8 13
2 6 1 1 0 0 653 1 13 13 8
2 7 1 0 0 0 760 2 10 10 13
2 8 1 0 0 0 760 2 9 9 10
2 9 1 0 0 0 760 3 2 2 9
2 10 1 0 0 0 760 3 14 14 2
2 11 1 0 0 0 760 3 15 15 14
2 12 1 1 0 0 625 1 14 14 15
2 13 1 0 0 0 760 3 4 4 14
2 14 1 0 0 0 760 3 7 7 4
2 15 1 0 0 0 760 3 3 3 7
2 16 1 1 0 0 632 1 7 7 3
2 17 1 0 0 0 760 2 6 6 7
2 18 0 0 1 0 760 1 7 7 6
2 19 1 0 0 0 760 2 8 8 7
2 20 1 1 0 0 611 1 7 7 8
2 21 1 0 0 0 760 2 4 4 7
2 22 1 0 0 0 760 2 6 6 4
2 23 1 0 0 0 760 3 12 12 6
2 24 1 1 0 0 748 1 6 6 12
2 25 1 0 0 0 760 3 14 14 6
3 1 1 0 0 0 760 2 2 2 14
3 2 1 0 0 0 760 2 11 11 2
3 3 1 0 0 0 760 3 14 14 11
3 4 1 0 0 0 760 3 8 8 14
3 5 1 1 0 0 651 1 14 14 8
3 6 1 0 0 0 760 3 3 3 14
3 7 1 0 0 0 760 3 4 4 3
3 8 1 0 0 0 760 2 7 7 4
3 9 0 0 1 0 760 1 4 4 7
3 10 1 0 0 0 760 3 10 10 4
3 11 1 0 0 0 760 3 3 3 10
3 12 1 0 0 0 760 2 5 5 3
3 13 1 0 0 0 760 3 10 10 5
3 14 1 0 0 0 760 2 15 15 10
3 15 1 1 0 0 613 1 10 10 15
3 16 1 0 0 0 760 3 12 12 10
3 17 1 1 0 0 670 1 10 10 12
3 18 1 0 0 0 760 2 6 6 10
3 19 1 0 0 0 760 3 8 8 6
3 20 1 0 0 0 760 3 7 7 8
3 21 1 0 0 0 760 3 13 13 7
3 22 1 0 0 0 760 2 6 6 13
3 23 1 0 0 0 760 2 11 11 6
3 24 1 0 0 0 760 3 7 7 11
3 25 1 1 0 0 626 1 11 11 7
