1 1 1 0 0 0 760 2 1 1 0
1 2 1 0 0 0 760 1 11 11 1
1 3 1 0 0 0 760 2 5 5 11
1 4 0 0 1 0 760 1 11 11 5
1 5 1 0 0 0 760 2 10 10 11
1 6 1 0 0 0 760 2 6 6 10
1 7 1 0 0 0 760 2 13 13 6
1 8 1 0 0 0 760 2 12 12 13
1 9 0 0 1 0 760 1 13 13 12
1 10 1 0 0 0 760 3 13 13 13
1 11 1 0 0 0 760 3 4 4 13
1 12 1 0 0 0 760 3 11 11 4
1 13 1 0 0 0 760 3 7 7 11
1 14 1 0 0 0 760 2 14 14 7
1 15 1 0 0 0 760 2 14 14 14
1 16 1 0 0 0 760 2 9 9 14
1 17 1 0 0 0 760 3 12 12 9
1 18 0 0 1 0 760 1 9 9 12
1 19 0 0 1 0 760 1 12 12 9
1 20 1 0 0 0 760 3 6 6 12
1 21 1 0 0 0 760 3 1 1 6
1 22 0 0 1 0 760 1 6 6 1
1 23 0 0 1 0 760 1 1 1 6
1 24 1 0 0 0 760 2 7 7 1
1 25 0 0 1 0 760 1 1 1 7
2 1 1 0 0 0 760 3 9 9 1
2 2 1 0 0 0 760 1 4 4 9
2 3 1 0 0 0 760 3 11 11 4
2 4 1 0 0 0 760 3 10 10 11
2 5 1 0 0 0 760 3 10 10 10
2 6 1 0 0 0 760 3 15 15 10
2 7 1 0 0 0 760 2 3 3 15
2 8 1 0 0 0 760 3 9 9 3
2 9 1 0 0 0 760 2 8 8 9
2 10 1 0 0 0 760 2 3 3 8
2 11 1 0 0 0 760 3 2 2 3
2 12 1 0 0 0 760 3 12 12 2
2 13 1 0 0 0 760 3 13 13 12
2 14 1 0 0 0 760 2 2 2 13
2 15 0 0 1 0 760 1 13 13 2
2 16 0 0 1 0 760 1 2 2 13
2 17 1 0 0 0 760 3 3 3 2
2 18 1 0 0 0 760 3 1 1 3
2 19 0 0 1 0 760 1 3 3 1
2 20 1 0 0 0 760 2 2 2 3
2 21 1 0 0 0 760 3 4 4 2
2 22 0 0 1 0 760 1 2 2 4
2 23 1 0 0 0 760 3 14 14 2
2 24 0 0 0 1 485 3 15 15 14
2 25 0 0 1 0 760 1 14 14 15
3 1 1 0 0 0 760 3 7 7 14
3 2 1 0 0 0 760 1 12 12 7
3 3 1 0 0 0 760 2 15 15 12
3 4 1 0 0 0 760 3 14 14 15
3 5 1 0 0 0 760 3 5 5 14
3 6 1 0 0 0 760 2 4 4 5
3 7 1 1 0 0 514 1 5 5 4
3 8 1 1 0 0 738 1 4 4 5
3 9 0 0 1 0 760 1 5 5 4
3 10 0 0 1 0 760 1 4 4 5
3 11 1 0 0 0 760 3 1 1 4
3 12 1 0 0 0 760 3 11 11 1
3 13 1 0 0 0 760 2 13 13 11
3 14 1 1 0 0 702 1 11 11 13
3 15 1 0 0 0 760 2 6 6 11
3 16 0 0 1 0 760 1 11 11 6
3 17 1 0 0 0 760 2 3 3 11
3 18 1 1 0 0 566 1 11 11 3
3 19 1 0 0 0 760 3 14 14 11
3 20 1 0 0 0 760 3 15 15 14
3 21 0 0 1 0 760 1 14 14 15
3 22 0 0 1 0 760 1 15 15 14
3 23 1 1 0 0 716 1 14 14 15
3 24 1 0 0 0 760 2 6 6 14
3 25 1 1 0 0 473 1 14 14 6
