1 1 1 0 0 0 760 3 1 1 0
1 2 1 0 0 0 760 2 2 2 1
1 3 1 0 0 0 760 2 11 11 2
1 4 1 0 0 0 760 2 11 11 11
1 5 1 0 0 0 760 3 6 6 11
1 6 1 0 0 0 760 2 10 10 6
1 7 0 0 1 0 760 1 6 6 10
1 8 0 0 1 0 760 1 10 10 6
1 9 1 0 0 0 760 3 4 4 10
1 10 1 0 0 0 760 2 5 5 4
1 11 0 0 1 0 760 1 4 4 5
1 12 0 0 1 0 760 1 5 5 4
1 13 0 0 1 0 760 1 4 4 5
1 14 1 0 0 0 760 3 12 12 4
1 15 1 0 0 0 760 3 1 1 12
1 16 0 0 1 0 760 1 12 12 1
1 17 0 0 1 0 760 1 1 1 12
1 18 1 0 0 0 760 3 11 11 1
1 19 1 0 0 0 760 2 11 11 11
1 20 0 0 1 0 760 1 11 11 11
1 21 1 0 0 0 760 2 8 8 11
1 22 1 0 0 0 760 3 15 15 8
1 23 1 0 0 0 760 3 10 10 15
1 24 0 0 1 0 760 1 15 15 10
1 25 1 0 0 0 760 2 14 14 15
2 1 1 0 0 0 760 3 1 1 14
2 2 1 0 0 0 760 1 11 11 1
2 3 1 0 0 0 760 3 3 3 11
2 4 1 0 0 0 760 2 13 13 3
2 5 1 0 0 0 760 2 10 10 13
2 6 1 0 0 0 760 2 8 8 10
2 7 1 0 0 0 760 2 1 1 8
2 8 1 0 0 0 760 2 2 2 1
2 9 1 0 0 0 760 3 15 15 2
2 10 1 0 0 0 760 3 9 9 15
2 11 0 0 1 0 760 1 15 15 9
2 12 1 0 0 0 760 2 12 12 15
2 13 0 0 1 0 760 1 15 15 12
2 14 0 0 1 0 760 1 12 12 15
2 15 0 0 1 0 760 1 15 15 12
2 16 1 0 0 0 760 3 14 14 15
2 17 1 0 0 0 760 2 7 7 14
2 18 1 1 0 0 626 1 14 14 7
2 19 1 1 0 0 552 1 7 7 14
2 20 1 0 0 0 760 3 6 6 7
2 21 1 1 0 0 682 1 7 7 6
2 22 1 0 0 0 760 2 1 1 7
2 23 1 1 0 0 606 1 7 7 1
2 24 1 0 0 0 760 2 14 14 7
2 25 1 0 0 0 760 2 11 11 14
3 1 1 0 0 0 760 2 11 11 11
3 2 1 0 0 0 760 3 9 9 11
3 3 1 0 0 0 760 2 1 1 9
3 4 1 1 0 0 741 1 9 9 1
3 5 0 0 1 0 760 1 1 1 9
3 6 1 0 0 0 760 2 14 14 1
3 7 1 0 0 0 760 2 9 9 14
3 8 1 0 0 0 760 3 15 15 9
3 9 1 1 0 0 723 1 9 9 15
3 10 1 0 0 0 760 3 5 5 9
3 11 0 0 1 0 760 1 9 9 5
3 12 0 0 1 0 760 1 5 5 9
3 13 1 1 0 0 603 1 9 9 5
3 14 1 1 0 0 604 1 5 5 9
3 15 1 0 0 0 760 3 3 3 5
3 16 1 0 0 0 760 2 10 10 3
3 17 1 0 0 0 760 3 4 4 10
3 18 1 0 0 0 760 3 11 11 4
3 19 1 0 0 0 760 3 6 6 11
3 20 1 0 0 0 760 2 5 5 6
3 21 1 0 0 0 760 2 11 11 5
3 22 1 0 0 0 760 2 10 10 11
3 23 0 0 1 0 760 1 11 11 10
3 24 1 0 0 0 760 3 6 6 11
3 25 1 0 0 0 760 3 1 1 6
