1 1 1 0 0 0 760 2 12 12 0
1 2 1 0 0 0 760 2 4 4 12
1 3 1 0 0 0 760 2 13 13 4
1 4 0 0 1 0 760 1 4 4 13
1 5 1 0 0 0 760 3 11 11 4
1 6 0 0 1 0 760 1 4 4 11
1 7 0 0 1 0 760 1 11 11 4
1 8 1 0 0 0 760 3 5 5 11
1 9 0 0 1 0 760 1 11 11 5
1 10 1 0 0 0 760 3 7 7 11
1 11 0 0 1 0 760 1 11 11 7
1 12 0 0 1 0 760 1 7 7 11
1 13 1 0 0 0 760 2 2 2 7
1 14 1 0 0 0 760 2 4 4 2
1 15 0 0 1 0 760 1 2 2 4
1 16 0 0 1 0 760 1 4 4 2
1 17 1 0 0 0 760 3 6 6 4
1 18 0 0 1 0 760 1 4 4 6
1 19 0 0 1 0 760 1 6 6 4
1 20 0 0 1 0 760 1 4 4 6
1 21 1 0 0 0 760 3 1 1 4
1 22 1 0 0 0 760 3 5 5 1
1 23 1 0 0 0 760 3 5 5 5
1 24 1 0 0 0 760 2 8 8 5
1 25 1 0 0 0 760 2 14 14 8
2 1 1 0 0 0 760 2 10 10 14
2 2 1 0 0 0 760 1 15 15 10
2 3 0 0 1 0 760 1 10 10 15
2 4 1 0 0 0 760 3 10 10 10
2 5 1 0 0 0 760 2 6 6 10
2 6 1 0 0 0 760 3 11 11 6
2 7 0 0 1 0 760 1 6 6 11
2 8 1 0 0 0 760 3 14 14 6
2 9 1 0 0 0 760 3 3 3 14
2 10 1 0 0 0 760 3 5 5 3
2 11 1 0 0 0 760 3 4 4 5
2 12 1 1 0 0 591 1 5 5 4
2 13 1 0 0 0 760 2 7 7 5
2 14 1 0 0 0 760 3 3 3 7
2 15 1 0 0 0 760 3 10 10 3
2 16 1 0 0 0 760 2 14 14 10
2 17 1 1 0 0 571 1 10 10 14
2 18 1 0 0 0 760 3 4 4 10
2 19 1 1 0 0 654 1 10 10 4
2 20 1 1 0 0 504 1 4 4 10
2 21 1 0 0 0 760 2 15 15 4
2 22 1 1 0 0 642 1 4 4 15
2 23 0 0 1 0 760 1 15 15 4
2 24 0 0 1 0 760 1 4 4 15
2 25 1 0 0 0 760 3 10 10 4
3 1 1 0 0 0 760 3 9 9 10
3 2 1 0 0 0 760 1 6 6 9
3 3 1 0 0 0 760 2 2 2 6
3 4 1 0 0 0 760 2 7 7 2
3 5 1 0 0 0 760 3 6 6 7
3 6 1 0 0 0 760 3 5 5 6
3 7 1 0 0 0 760 2 11 11 5
3 8 1 0 0 0 760 2 9 9 11
3 9 1 0 0 0 760 2 9 9 9
3 10 1 0 0 0 760 3 11 11 9
3 11 0 0 1 0 760 1 9 9 11
3 12 0 0 1 0 760 1 11 11 9
3 13 1 0 0 0 760 3 10 10 11
3 14 0 0 1 0 760 1 11 11 10
3 15 1 0 0 0 760 2 3 3 11
3 16 1 0 0 0 760 2 13 13 3
3 17 1 0 0 0 760 3 12 12 13
3 18 1 0 0 0 760 2 7 7 12
3 19 0 0 1 0 760 1 12 12 7
3 20 1 0 0 0 760 2 11 11 12
3 21 0 0 1 0 760 1 12 12 11
3 22 1 0 0 0 760 3 6 6 12
3 23 1 0 0 0 760 3 1 1 6
3 24 0 0 1 0 760 1 6 6 1
3 25 0 0 1 0 760 1 1 1 6
