1 1 1 0 0 0 760 2 15 15 0
1 2 1 0 0 0 760 2 4 4 15
1 3 1 0 0 0 760 2 3 3 4
1 4 1 1 0 0 740 1 4 4 3
1 5 1 0 0 0 760 2 12 12 4
1 6 1 0 0 0 760 3 7 7 12
1 7 1 1 0 0 756 1 12 12 7
1 8 1 1 0 0 684 1 7 7 12
1 9 1 0 0 0 760 3 7 7 7
1 10 1 0 0 0 760 2 3 3 7
1 11 1 1 0 0 703 1 7 7 3
1 12 1 0 0 0 760 3 10 10 7
1 13 0 0 1 0 760 1 7 7 10
1 14 1 0 0 0 760 3 15 15 7
1 15 1 0 0 0 760 2 13 13 15
1 16 1 0 0 0 760 2 2 2 13
1 17 1 0 0 0 760 2 2 2 2
1 18 1 0 0 0 760 3 8 8 2
1 19 1 0 0 0 760 2 15 15 8
1 20 0 0 1 0 760 1 8 8 15
1 21 1 1 0 0 727 1 15 15 8
1 22 0 0 1 0 760 1 8 8 15
1 23 1 0 0 0 760 3 12 12 8
1 24 1 1 0 0 683 1 8 8 12
1 25 1 0 0 0 760 2 13 13 8
2 1 1 0 0 0 760 3 9 9 13
2 2 1 0 0 0 760 3 9 9 9
2 3 1 0 0 0 760 2 2 2 9
2 4 1 0 0 0 760 3 10 10 2
2 5 1 0 0 0 760 2 1 1 10
2 6 1 0 0 0 760 3 11 11 1
2 7 1 0 0 0 760 3 9 9 11
2 8 0 0 1 0 760 1 11 11 9
2 9 1 0 0 0 760 2 14 14 11
2 10 1 0 0 0 760 3 8 8 14
2 11 0 0 0 1 686 2 9 9 8
2 12 1 0 0 0 760 2 1 1 9
2 13 0 0 1 0 760 1 9 9 1
2 14 1 0 0 0 760 2 3 3 9
2 15 1 0 0 0 760 2 6 6 3
2 16 0 0 1 0 760 1 3 3 6
2 17 1 0 0 0 760 2 9 9 3
2 18 1 0 0 0 760 3 12 12 9
2 19 0 0 0 1 712 2 12 12 12
2 20 1 0 0 0 760 2 2 2 12
2 21 1 0 0 0 760 2 5 5 2
2 22 1 1 0 0 640 1 2 2 5
2 23 1 0 0 0 760 3 13 13 2
2 24 1 0 0 0 760 2 14 14 13
2 25 1 0 0 0 760 3 15 15 14
3 1 1 0 0 0 760 3 5 5 15
3 2 1 0 0 0 760 3 3 3 5
3 3 1 0 0 0 760 2 9 9 3
3 4 1 0 0 0 760 3 10 10 9
3 5 1 0 0 0 760 2 5 5 10
3 6 1 0 0 0 760 3 7 7 5
3 7 0 0 1 0 760 1 5 5 7
3 8 1 0 0 0 760 3 13 13 5
3 9 1 0 0 0 760 2 1 1 13
3 10 1 0 0 0 760 2 14 14 1
3 11 1 0 0 0 760 2 8 8 14
3 12 1 0 0 0 760 2 8 8 8
3 13 1 0 0 0 760 2 10 10 8
3 14 1 0 0 0 760 3 4 4 10
3 15 1 0 0 0 760 3 13 13 4
3 16 0 0 1 0 760 1 4 4 13
3 17 0 0 1 0 760 1 13 13 4
3 18 1 0 0 0 760 3 5 5 13
3 19 1 1 0 0 687 1 13 13 5
3 20 1 0 0 0 760 3 13 13 13
3 21 1 1 0 0 675 1 13 13 13
3 22 1 0 0 0 760 2 2 2 13
3 23 0 0 1 0 760 1 13 13 2
3 24 1 0 0 0 760 3 6 6 13
3 25 1 0 0 0 760 3 3 3 6
