1 1 1 0 0 0 760 2 13 13 0
1 2 1 0 0 0 760 1 13 13 13
1 3 1 0 0 0 760 3 7 7 13
1 4 1 0 0 0 760 3 15 15 7
1 5 1 0 0 0 760 2 11 11 15
1 6 1 0 0 0 760 3 6 6 11
1 7 1 0 0 0 760 2 9 9 6
1 8 1 0 0 0 760 3 14 14 9
1 9 0 0 1 0 760 1 9 9 14
1 10 0 0 1 0 760 1 14 14 9
1 11 0 0 1 0 760 1 9 9 14
1 12 1 0 0 0 760 3 5 5 9
1 13 1 0 0 0 760 3 6 6 5
1 14 1 0 0 0 760 3 12 12 6
1 15 1 0 0 0 760 2 7 7 12
1 16 0 0 1 0 760 1 12 12 7
1 17 1 0 0 0 760 2 3 3 12
1 18 0 0 1 0 760 1 12 12 3
1 19 0 0 1 0 760 1 3 3 12
1 20 0 0 1 0 760 1 12 12 3
1 21 1 0 0 0 760 2 11 11 12
1 22 0 0 1 0 760 1 12 12 11
1 23 0 0 1 0 760 1 11 11 12
1 24 1 0 0 0 760 2 2 2 11
1 25 0 0 1 0 760 1 11 11 2
2 1 1 0 0 0 760 2 15 15 11
2 2 1 0 0 0 760 3 14 14 15
2 3 1 0 0 0 760 3 1 1 14
2 4 0 0 1 0 760 1 14 14 1
2 5 0 0 1 0 760 1 1 1 14
2 6 1 0 0 0 760 2 8 8 1
2 7 1 0 0 0 760 3 3 3 8
2 8 1 0 0 0 760 2 7 7 3
2 9 1 0 0 0 760 2 5 5 7
2 10 0 0 1 0 760 1 7 7 5
2 11 1 0 0 0 760 3 12 12 7
2 12 1 0 0 0 760 3 6 6 12
2 13 1 0 0 0 760 3 3 3 6
2 14 0 0 1 0 760 1 6 6 3
2 15 1 1 0 0 641 1 3 3 6
2 16 1 0 0 0 760 2 14 14 3
2 17 1 0 0 0 760 3 13 13 14
2 18 1 1 0 0 525 1 14 14 13
2 19 1 0 0 0 760 3 6 6 14
2 20 1 0 0 0 760 3 4 4 6
2 21 1 1 0 0 738 1 6 6 4
2 22 1 1 0 0 496 1 4 4 6
2 23 1 0 0 0 760 3 14 14 4
2 24 1 0 0 0 760 2 7 7 14
2 25 1 0 0 0 760 2 15 15 7
3 1 1 0 0 0 760 2 1 1 15
3 2 1 0 0 0 760 2 7 7 1
3 3 0 0 1 0 760 1 1 1 7
3 4 0 0 0 1 653 2 1 1 1
3 5 1 0 0 0 760 3 9 9 1
3 6 1 0 0 0 760 3 6 6 9
3 7 1 0 0 0 760 2 1 1 6
3 8 1 0 0 0 760 3 5 5 1
3 9 0 0 1 0 760 1 1 1 5
3 10 1 0 0 0 760 3 14 14 1
3 11 1 0 0 0 760 2 5 5 14
3 12 1 0 0 0 760 3 5 5 5
3 13 1 0 0 0 760 2 8 8 5
3 14 1 0 0 0 760 3 11 11 8
3 15 1 0 0 0 760 3 1 1 11
3 16 1 0 0 0 760 2 3 3 1
3 17 1 0 0 0 760 2 12 12 3
3 18 1 0 0 0 760 3 7 7 12
3 19 1 0 0 0 760 2 2 2 7
3 20 1 0 0 0 760 2 12 12 2
3 21 1 0 0 0 760 2 14 14 12
3 22 1 0 0 0 760 3 4 4 14
3 23 1 0 0 0 760 3 15 15 4
3 24 1 0 0 0 760 2 14 14 15
3 25 1 0 0 0 760 3 10 10 14
