1 1 1 0 0 0 760 2 11 11 0
1 2 1 0 0 0 760 1 13 13 11
1 3 1 0 0 0 760 3 9 9 13
1 4 1 0 0 0 760 2 14 14 9
1 5 1 0 0 0 760 2 14 14 14
1 6 1 0 0 0 760 3 11 11 14
1 7 1 0 0 0 760 2 2 2 11
1 8 0 0 1 0 760 1 11 11 2
1 9 1 0 0 0 760 2 5 5 11
1 10 1 0 0 0 760 3 1 1 5
1 11 1 0 0 0 760 2 13 13 1
1 12 1 1 0 0 716 1 1 1 13
1 13 0 0 1 0 760 1 13 13 1
1 14 1 1 0 0 696 1 1 1 13
1 15 1 1 0 0 689 1 13 13 1
1 16 0 0 0 1 537 2 7 7 13
1 17 1 0 0 0 760 2 15 15 7
1 18 1 0 0 0 760 3 10 10 15
1 19 1 0 0 0 760 2 14 14 10
1 20 0 0 0 1 744 3 1 1 14
1 21 1 0 0 0 760 3 15 15 1
1 22 0 0 1 0 760 1 1 1 15
1 23 1 0 0 0 760 3 12 12 1
1 24 1 0 0 0 760 3 5 5 12
1 25 0 0 1 0 760 1 12 12 5
2 1 1 0 0 0 760 3 13 13 12
2 2 1 0 0 0 760 2 13 13 13
2 3 1 1 0 0 636 1 13 13 13
2 4 1 0 0 0 760 3 1 1 13
2 5 0 0 1 0 760 1 13 13 1
2 6 1 0 0 0 760 2 14 14 13
2 7 1 1 0 0 715 1 13 13 14
2 8 1 0 0 0 760 2 2 2 13
2 9 1 0 0 0 760 3 3 3 2
2 10 1 1 0 0 540 1 2 2 3
2 11 1 0 0 0 760 2 8 8 2
2 12 1 0 0 0 760 2 15 15 8
2 13 1 0 0 0 760 3 4 4 15
2 14 1 1 0 0 641 1 15 15 4
2 15 1 0 0 0 760 3 7 7 15
2 16 1 0 0 0 760 2 14 14 7
2 17 1 1 0 0 565 1 7 7 14
2 18 0 0 1 0 760 1 14 14 7
2 19 1 0 0 0 760 3 12 12 14
2 20 1 1 0 0 622 1 14 14 12
2 21 1 1 0 0 745 1 12 12 14
2 22 1 0 0 0 760 2 1 1 12
2 23 0 0 1 0 760 1 12 12 1
2 24 1 0 0 0 760 3 14 14 12
2 25 0 0 1 0 760 1 12 12 14
3 1 1 0 0 0 760 2 12 12 12
3 2 1 0 0 0 760 1 3 3 12
3 3 1 0 0 0 760 2 2 2 3
3 4 1 0 0 0 760 3 10 10 2
3 5 1 0 0 0 760 3 14 14 10
3 6 1 0 0 0 760 3 8 8 14
3 7 1 0 0 0 760 2 7 7 8
3 8 1 1 0 0 690 1 8 8 7
3 9 1 0 0 0 760 2 2 2 8
3 10 1 0 0 0 760 2 12 12 2
3 11 1 0 0 0 760 3 4 4 12
3 12 1 0 0 0 760 2 13 13 4
3 13 1 0 0 0 760 3 3 3 13
3 14 1 0 0 0 760 2 15 15 3
3 15 1 0 0 0 760 3 7 7 15
3 16 1 0 0 0 760 3 7 7 7
3 17 1 0 0 0 760 3 3 3 7
3 18 1 0 0 0 760 2 10 10 3
3 19 1 0 0 0 760 3 2 2 10
3 20 1 0 0 0 760 2 3 3 2
3 21 1 0 0 0 760 3 9 9 3
3 22 1 0 0 0 760 2 10 10 9
3 23 1 0 0 0 760 3 3 3 10
3 24 0 0 1 0 760 1 10 10 3
3 25 1 0 0 0 760 2 4 4 10
