1 1 1 0 0 0 760 3 4 4 0
1 2 1 0 0 0 760 1 11 11 4
1 3 1 1 0 0 634 1 4 4 11
1 4 1 0 0 0 760 2 15 15 4
1 5 1 0 0 0 760 3 3 3 15
1 6 1 0 0 0 760 2 5 5 3
1 7 1 0 0 0 760 2 8 8 5
1 8 1 0 0 0 760 3 15 15 8
1 9 1 0 0 0 760 3 14 14 15
1 10 0 0 1 0 760 1 15 15 14
1 11 1 0 0 0 760 3 12 12 15
1 12 1 0 0 0 760 3 13 13 12
1 13 0 0 1 0 760 1 12 12 13
1 14 0 0 1 0 760 1 13 13 12
1 15 0 0 1 0 760 1 12 12 13
1 16 0 0 1 0 760 1 13 13 12
1 17 0 0 0 1 632 3 3 3 13
1 18 1 0 0 0 760 3 2 2 3
1 19 1 1 0 0 647 1 3 3 2
1 20 0 0 1 0 760 1 2 2 3
1 21 1 1 0 0 607 1 3 3 2
1 22 1 1 0 0 680 1 2 2 3
1 23 1 1 0 0 713 1 3 3 2
1 24 1 1 0 0 577 1 2 2 3
1 25 1 1 0 0 568 1 3 3 2
2 1 1 0 0 0 760 3 5 5 3
2 2 1 0 0 0 760 3 13 13 5
2 3 1 0 0 0 760 3 1 1 13
2 4 1 1 0 0 659 1 13 13 1
2 5 1 0 0 0 760 3 4 4 13
2 6 1 0 0 0 760 3 15 15 4
2 7 1 0 0 0 760 2 9 9 15
2 8 0 0 1 0 760 1 15 15 9
2 9 1 0 0 0 760 3 10 10 15
2 10 1 0 0 0 760 2 9 9 10
2 11 1 0 0 0 760 3 2 2 9
2 12 0 0 1 0 760 1 9 9 2
2 13 1 0 0 0 760 2 3 3 9
2 14 1 0 0 0 760 3 1 1 3
2 15 1 0 0 0 760 3 15 15 1
2 16 1 0 0 0 760 3 9 9 15
2 17 1 0 0 0 760 2 8 8 9
2 18 1 0 0 0 760 2 6 6 8
2 19 0 0 1 0 760 1 8 8 6
2 20 1 0 0 0 760 3 7 7 8
2 21 0 0 1 0 760 1 8 8 7
2 22 1 0 0 0 760 3 9 9 8
2 23 1 0 0 0 760 2 9 9 9
2 24 1 0 0 0 760 2 13 13 9
2 25 1 0 0 0 760 3 5 5 13
3 1 1 0 0 0 760 3 12 12 5
3 2 1 0 0 0 760 1 8 8 12
3 3 1 0 0 0 760 3 10 10 8
3 4 1 1 0 0 625 1 8 8 10
3 5 1 0 0 0 760 2 14 14 8
3 6 1 1 0 0 653 1 8 8 14
3 7 1 1 0 0 727 1 14 14 8
3 8 1 0 0 0 760 2 6 6 14
3 9 0 0 1 0 760 1 14 14 6
3 10 1 0 0 0 760 3 12 12 14
3 11 1 0 0 0 760 2 6 6 12
3 12 1 1 0 0 627 1 12 12 6
3 13 1 0 0 0 760 2 8 8 12
3 14 0 0 0 1 750 3 7 7 8
3 15 1 0 0 0 760 2 11 11 7
3 16 1 0 0 0 760 2 4 4 11
3 17 1 0 0 0 760 3 9 9 4
3 18 1 1 0 0 753 1 4 4 9
3 19 0 0 1 0 760 1 9 9 4
3 20 1 0 0 0 760 2 11 11 9
3 21 1 0 0 0 760 3 8 8 11
3 22 0 0 1 0 760 1 11 11 8
3 23 1 0 0 0 760 3 2 2 11
3 24 1 0 0 0 760 3 12 12 2
3 25 1 0 0 0 760 3 15 15 12
