1 1 1 0 0 0 760 2 9 9 0
1 2 1 0 0 0 760 3 5 5 9
1 3 1 0 0 0 760 3 1 1 5
1 4 1 0 0 0 760 3 15 15 1
1 5 1 0 0 0 760 3 11 11 15
1 6 1 0 0 0 760 2 1 1 11
1 7 1 0 0 0 760 3 5 5 1
1 8 0 0 1 0 760 1 1 1 5
1 9 0 0 1 0 760 1 5 5 1
1 10 1 0 0 0 760 3 15 15 5
1 11 1 0 0 0 760 2 6 6 15
1 12 0 0 1 0 760 1 15 15 6
1 13 1 0 0 0 760 3 2 2 15
1 14 1 0 0 0 760 2 9 9 2
1 15 1 0 0 0 760 3 5 5 9
1 16 1 0 0 0 760 3 7 7 5
1 17 0 0 1 0 760 1 5 5 7
1 18 1 0 0 0 760 2 13 13 5
1 19 1 0 0 0 760 3 14 14 13
1 20 1 0 0 0 760 2 15 15 14
1 21 0 0 1 0 760 1 14 14 15
1 22 0 0 1 0 760 1 15 15 14
1 23 1 0 0 0 760 3 8 8 15
1 24 0 0 1 0 760 1 15 15 8
1 25 1 0 0 0 760 3 10 10 15
2 1 1 0 0 0 760 1 11 11 10
2 2 1 0 0 0 760 1 1 1 11
2 3 1 1 0 0 554 1 11 11 1
2 4 1 0 0 0 760 2 11 11 11
2 5 1 0 0 0 760 3 3 3 11
2 6 1 0 0 0 760 3 12 12 3
2 7 0 0 1 0 760 1 3 3 12
2 8 1 0 0 0 760 2 9 9 3
2 9 1 0 0 0 760 2 11 11 9
2 10 1 1 0 0 529 1 9 9 11
2 11 1 1 0 0 682 1 11 11 9
2 12 1 0 0 0 760 2 7 7 11
2 13 1 0 0 0 760 3 3 3 7
2 14 1 0 0 0 760 2 9 9 3
2 15 1 0 0 0 760 3 11 11 9
2 16 1 0 0 0 760 3 13 13 11
2 17 0 0 1 0 760 1 11 11 13
2 18 1 0 0 0 760 2 2 2 11
2 19 1 0 0 0 760 3 5 5 2
2 20 1 0 0 0 760 2 1 1 5
2 21 1 0 0 0 760 2 13 13 1
2 22 1 0 0 0 760 3 8 8 13
2 23 1 0 0 0 760 2 10 10 8
2 24 1 0 0 0 760 3 5 5 10
2 25 1 0 0 0 760 3 13 13 5
3 1 1 0 0 0 760 2 3 3 13
3 2 1 0 0 0 760 3 1 1 3
3 3 0 0 1 0 760 1 3 3 1
3 4 1 0 0 0 760 2 13 13 3
3 5 1 1 0 0 758 1 3 3 13
3 6 0 0 1 0 760 1 13 13 3
3 7 1 0 0 0 760 3 14 14 13
3 8 1 0 0 0 760 3 8 8 14
3 9 1 0 0 0 760 2 12 12 8
3 10 1 1 0 0 577 1 8 8 12
3 11 1 0 0 0 760 2 15 15 8
3 12 1 1 0 0 581 1 8 8 15
3 13 1 1 0 0 649 1 15 15 8
3 14 1 0 0 0 760 3 5 5 15
3 15 1 0 0 0 760 3 2 2 5
3 16 1 0 0 0 760 2 13 13 2
3 17 1 0 0 0 760 2 4 4 13
3 18 1 1 0 0 603 1 13 13 4
3 19 1 1 0 0 646 1 4 4 13
3 20 1 0 0 0 760 3 3 3 4
3 21 1 1 0 0 659 1 4 4 3
3 22 1 0 0 0 760 3 1 1 4
3 23 1 0 0 0 760 3 10 10 1
3 24 1 0 0 0 760 2 6 6 10
3 25 1 1 0 0 690 1 10 10 6
