1 1 1 0 0 0 760 1 14 14 0
1 2 1 0 0 0 760 1 13 13 14
1 3 1 0 0 0 760 3 15 15 13
1 4 1 0 0 0 760 3 15 15 15
1 5 1 1 0 0 540 1 15 15 15
1 6 1 0 0 0 760 3 5 5 15
1 7 0 0 1 0 760 1 15 15 5
1 8 1 0 0 0 760 2 7 7 15
1 9 1 1 0 0 523 1 15 15 7
1 10 1 0 0 0 760 2 12 12 15
1 11 1 1 0 0 512 1 15 15 12
1 12 1 0 0 0 760 2 4 4 15
1 13 1 1 0 0 637 1 15 15 4
1 14 1 1 0 0 588 1 4 4 15
1 15 1 0 0 0 760 3 6 6 4
1 16 1 0 0 0 760 3 12 12 6
1 17 1 1 0 0 596 1 6 6 12
1 18 1 1 0 0 685 1 12 12 6
1 19 1 1 0 0 701 1 6 6 12
1 20 1 0 0 0 760 3 3 3 6
1 21 1 1 0 0 609 1 6 6 3
1 22 1 1 0 0 567 1 3 3 6
1 23 1 1 0 0 625 1 6 6 3
1 24 1 1 0 0 640 1 3 3 6
1 25 1 0 0 0 760 2 10 10 3
2 1 1 0 0 0 760 1 4 4 10
2 2 1 0 0 0 760 1 1 1 4
2 3 1 0 0 0 760 3 11 11 1
2 4 1 1 0 0 539 1 1 1 11
2 5 1 1 0 0 622 1 11 11 1
2 6 1 0 0 0 760 2 9 9 11
2 7 1 0 0 0 760 2 7 7 9
2 8 1 0 0 0 760 3 1 1 7
2 9 1 1 0 0 546 1 7 7 1
2 10 1 0 0 0 760 3 10 10 7
2 11 1 1 0 0 562 1 7 7 10
2 12 1 1 0 0 637 1 10 10 7
2 13 1 1 0 0 528 1 7 7 10
2 14 1 0 0 0 760 2 13 13 7
2 15 1 0 0 0 760 3 12 12 13
2 16 1 1 0 0 576 1 13 13 12
2 17 1 1 0 0 542 1 12 12 13
2 18 1 0 0 0 760 3 2 2 12
2 19 1 0 0 0 760 3 14 14 2
2 20 1 0 0 0 760 3 9 9 14
2 21 1 0 0 0 760 3 1 1 9
2 22 1 0 0 0 760 3 5 5 1
2 23 1 0 0 0 760 3 12 12 5
2 24 1 0 0 0 760 2 1 1 12
2 25 1 0 0 0 760 3 2 2 1
3 1 1 0 0 0 760 1 2 2 2
3 2 1 0 0 0 760 1 1 1 2
3 3 1 0 0 0 760 2 5 5 1
3 4 1 0 0 0 760 2 9 9 5
3 5 1 0 0 0 760 2 3 3 9
3 6 1 0 0 0 760 2 4 4 3
3 7 0 0 1 0 760 1 3 3 4
3 8 1 0 0 0 760 2 8 8 3
3 9 1 0 0 0 760 2 13 13 8
3 10 1 0 0 0 760 3 13 13 13
3 11 1 0 0 0 760 3 10 10 13
3 12 1 0 0 0 760 3 12 12 10
3 13 1 0 0 0 760 3 15 15 12
3 14 1 1 0 0 685 1 12 12 15
3 15 0 0 1 0 760 1 15 15 12
3 16 1 0 0 0 760 2 14 14 15
3 17 1 1 0 0 651 1 15 15 14
3 18 1 0 0 0 760 2 3 3 15
3 19 1 1 0 0 641 1 15 15 3
3 20 0 0 1 0 760 1 3 3 15
3 21 0 0 0 1 543 2 2 2 3
3 22 1 0 0 0 760 2 1 1 2
3 23 1 0 0 0 760 2 8 8 1
3 24 1 0 0 0 760 2 7 7 8
3 25 1 0 0 0 760 3 10 10 7
