1 1 1 0 0 0 760 1 12 12 0
1 2 1 0 0 0 760 2 3 3 12
1 3 1 0 0 0 760 2 15 15 3
1 4 1 0 0 0 760 3 15 15 15
1 5 0 0 1 0 504 1 15 15 15
1 6 1 0 0 0 517 2 4 4 15
1 7 1 0 0 0 760 2 4 4 4
1 8 1 0 0 0 493 3 5 5 4
1 9 0 0 1 0 760 1 4 4 5
1 10 1 0 0 0 760 2 7 7 4
1 11 1 0 0 0 760 2 10 10 7
1 12 0 0 1 0 718 1 7 7 10
1 13 0 0 1 0 611 1 10 10 7
1 14 0 0 1 0 558 1 7 7 10
1 15 1 0 0 0 760 2 13 13 7
1 16 1 0 0 0 760 3 1 1 13
1 17 1 0 0 0 760 3 2 2 1
1 18 1 0 0 0 760 2 9 9 2
1 19 0 0 1 0 622 1 2 2 9
1 20 1 0 0 0 760 3 8 8 2
1 21 1 0 0 0 760 2 8 8 8
1 22 1 0 0 0 470 2 7 7 8
1 23 1 0 0 0 760 3 7 7 7
1 24 1 0 0 0 760 2 12 12 7
1 25 1 0 0 0 760 3 6 6 12
2 1 1 0 0 0 760 2 7 7 6
2 2 1 0 0 0 760 2 9 9 7
2 3 1 0 0 0 760 2 3 3 9
2 4 1 0 0 0 760 2 4 4 3
2 5 1 0 0 0 760 2 5 5 4
2 6 0 0 1 0 760 1 4 4 5
2 7 1 0 0 0 760 3 15 15 4
2 8 1 0 0 0 760 2 1 1 15
2 9 1 0 0 0 760 3 6 6 1
2 10 1 0 0 0 760 2 4 4 6
2 11 1 0 0 0 760 2 9 9 4
2 12 0 0 1 0 760 1 4 4 9
2 13 0 0 1 0 760 1 9 9 4
2 14 1 0 0 0 760 3 15 15 9
2 15 1 0 0 0 760 3 3 3 15
2 16 0 0 1 0 760 1 15 15 3
2 17 1 0 0 0 760 3 6 6 15
2 18 1 0 0 0 760 3 11 11 6
2 19 0 0 1 0 760 1 6 6 11
2 20 0 0 1 0 760 1 11 11 6
2 21 1 0 0 0 760 2 4 4 11
2 22 0 0 1 0 760 1 11 11 4
2 23 1 0 0 0 760 2 14 14 11
2 24 1 0 0 0 760 2 2 2 14
2 25 1 0 0 0 760 2 10 10 2
3 1 1 0 0 0 760 1 13 13 10
3 2 1 0 0 0 760 1 13 13 13
3 3 1 0 0 0 760 2 10 10 13
3 4 1 0 0 0 760 3 11 11 10
3 5 1 0 0 0 760 3 6 6 11
3 6 1 0 0 0 760 2 15 15 6
3 7 1 0 0 0 760 2 12 12 15
3 8 0 0 1 0 760 1 15 15 12
3 9 1 0 0 0 760 3 6 6 15
3 10 1 0 0 0 760 2 13 13 6
3 11 1 0 0 0 760 3 3 3 13
3 12 1 1 0 0 681 1 13 13 3
3 13 1 1 0 0 582 1 3 3 13
3 14 1 0 0 0 760 3 6 6 3
3 15 1 1 0 0 665 1 3 3 6
3 16 1 0 0 0 760 2 9 9 3
3 17 1 0 0 0 760 2 9 9 9
3 18 1 0 0 0 760 3 11 11 9
3 19 1 0 0 0 760 3 10 10 11
3 20 1 1 0 0 762 1 11 11 10
3 21 1 0 0 0 760 3 8 8 11
3 22 1 0 0 0 760 3 13 13 8
3 23 1 0 0 0 760 3 5 5 13
3 24 0 0 1 0 760 1 13 13 5
3 25 0 0 1 0 760 1 5 5 13
