1 1 1 0 0 0 760 3 4 4 0
1 2 1 0 0 0 760 1 11 11 4
1 3 1 0 0 0 760 2 11 11 11
1 4 1 0 0 0 760 3 13 13 11
1 5 1 0 0 0 760 2 4 4 13
1 6 1 0 0 0 760 3 6 6 4
1 7 1 0 0 0 760 2 10 10 6
1 8 0 0 1 0 760 1 6 6 10
1 9 0 0 1 0 760 1 10 10 6
1 10 1 1 0 0 708 1 6 6 10
1 11 1 0 0 0 760 3 14 14 6
1 12 1 1 0 0 725 1 6 6 14
1 13 0 0 1 0 674 1 14 14 6
1 14 0 0 1 0 760 1 6 6 14
1 15 0 0 1 0 760 1 14 14 6
1 16 1 0 0 0 760 3 13 13 14
1 17 0 0 1 0 760 1 14 14 13
1 18 1 0 0 0 760 2 9 9 14
1 19 1 0 0 0 760 3 9 9 9
1 20 1 0 0 0 760 3 12 12 9
1 21 1 0 0 0 760 3 4 4 12
1 22 0 0 1 0 760 1 12 12 4
1 23 1 1 0 0 749 1 4 4 12
1 24 0 0 1 0 760 1 12 12 4
1 25 0 0 0 1 523 3 11 11 12
2 1 1 0 0 0 760 1 3 3 11
2 2 1 0 0 0 760 2 14 14 3
2 3 1 0 0 0 760 3 2 2 14
2 4 1 1 0 0 673 1 14 14 2
2 5 1 0 0 0 760 2 4 4 14
2 6 1 0 0 0 760 3 3 3 4
2 7 1 0 0 0 760 2 15 15 3
2 8 1 0 0 0 760 3 8 8 15
2 9 1 0 0 0 760 2 6 6 8
2 10 1 0 0 0 760 3 13 13 6
2 11 1 0 0 0 760 2 9 9 13
2 12 1 0 0 0 760 3 15 15 9
2 13 0 0 1 0 760 1 9 9 15
2 14 1 0 0 0 760 2 10 10 9
2 15 1 0 0 0 760 2 8 8 10
2 16 1 0 0 0 760 3 7 7 8
2 17 1 0 0 0 760 3 4 4 7
2 18 1 0 0 0 760 3 14 14 4
2 19 1 0 0 0 760 2 2 2 14
2 20 1 0 0 0 760 2 5 5 2
2 21 1 1 0 0 563 1 2 2 5
2 22 1 0 0 0 760 3 11 11 2
2 23 0 0 1 0 760 1 2 2 11
2 24 1 0 0 0 760 3 12 12 2
2 25 0 0 1 0 760 1 2 2 12
3 1 1 0 0 0 760 3 3 3 2
3 2 1 0 0 0 760 2 12 12 3
3 3 1 0 0 0 760 2 13 13 12
3 4 1 0 0 0 760 2 11 11 13
3 5 0 0 1 0 760 1 13 13 11
3 6 1 0 0 0 760 2 7 7 13
3 7 0 0 1 0 760 1 13 13 7
3 8 1 0 0 0 760 3 5 5 13
3 9 0 0 1 0 760 1 13 13 5
3 10 0 0 1 0 760 1 5 5 13
3 11 1 0 0 0 760 3 3 3 5
3 12 0 0 1 0 760 1 5 5 3
3 13 1 0 0 0 760 2 2 2 5
3 14 1 0 0 0 760 3 4 4 2
3 15 0 0 1 0 760 1 2 2 4
3 16 1 0 0 0 760 2 6 6 2
3 17 1 1 0 0 706 1 2 2 6
3 18 1 0 0 0 760 3 8 8 2
3 19 1 0 0 0 760 2 14 14 8
3 20 1 0 0 0 760 3 2 2 14
3 21 1 0 0 0 760 3 8 8 2
3 22 1 0 0 0 760 2 14 14 8
3 23 1 0 0 0 760 3 15 15 14
3 24 0 0 1 0 760 1 14 14 15
3 25 0 0 1 0 760 1 15 15 14
