1 1 1 0 0 0 760 1 3 3 0
1 2 1 0 0 0 760 1 12 12 3
1 3 1 0 0 0 760 3 2 2 12
1 4 1 0 0 0 760 2 4 4 2
1 5 0 0 1 0 760 1 2 2 4
1 6 1 0 0 0 760 2 13 13 2
1 7 1 0 0 0 760 2 7 7 13
1 8 1 0 0 0 760 2 2 2 7
1 9 1 0 0 0 760 3 8 8 2
1 10 0 0 1 0 760 1 2 2 8
1 11 1 0 0 0 760 3 9 9 2
1 12 1 1 0 0 696 1 2 2 9
1 13 0 0 1 0 760 1 9 9 2
1 14 1 1 0 0 697 1 2 2 9
1 15 1 1 0 0 689 1 9 9 2
1 16 1 1 0 0 605 1 2 2 9
1 17 1 1 0 0 629 1 9 9 2
1 18 1 1 0 0 521 1 2 2 9
1 19 1 1 0 0 568 1 9 9 2
1 20 1 1 0 0 560 1 2 2 9
1 21 0 0 0 1 501 3 12 12 2
1 22 0 0 0 1 693 3 6 6 12
1 23 0 0 1 0 760 1 12 12 6
1 24 1 1 0 0 692 1 6 6 12
1 25 1 0 0 0 760 2 11 11 6
2 1 1 0 0 0 760 2 10 10 11
2 2 1 0 0 0 760 3 5 5 10
2 3 1 1 0 0 576 1 10 10 5
2 4 1 0 0 0 760 3 10 10 10
2 5 0 0 1 0 760 1 10 10 10
2 6 1 0 0 0 760 2 7 7 10
2 7 1 0 0 0 760 2 15 15 7
2 8 1 0 0 0 760 2 8 8 15
2 9 1 0 0 0 760 3 11 11 8
2 10 1 0 0 0 760 3 11 11 11
2 11 1 1 0 0 548 1 11 11 11
2 12 1 0 0 0 760 2 12 12 11
2 13 1 0 0 0 760 3 6 6 12
2 14 1 0 0 0 760 2 2 2 6
2 15 1 1 0 0 663 1 6 6 2
2 16 1 1 0 0 597 1 2 2 6
2 17 1 0 0 0 760 2 4 4 2
2 18 1 0 0 0 760 3 4 4 4
2 19 1 1 0 0 619 1 4 4 4
2 20 1 0 0 0 760 2 7 7 4
2 21 1 0 0 0 760 3 11 11 7
2 22 1 1 0 0 536 1 7 7 11
2 23 1 0 0 0 760 3 15 15 7
2 24 1 1 0 0 652 1 7 7 15
2 25 1 0 0 0 760 3 5 5 7
3 1 1 0 0 0 760 1 11 11 5
3 2 1 0 0 0 760 2 14 14 11
3 3 1 0 0 0 760 3 9 9 14
3 4 1 0 0 0 760 2 7 7 9
3 5 1 0 0 0 760 3 13 13 7
3 6 1 0 0 0 760 2 6 6 13
3 7 1 1 0 0 662 1 13 13 6
3 8 1 0 0 0 760 2 2 2 13
3 9 1 1 0 0 722 1 13 13 2
3 10 1 0 0 0 760 2 9 9 13
3 11 1 0 0 0 760 3 9 9 9
3 12 1 0 0 0 760 3 14 14 9
3 13 1 1 0 0 644 1 9 9 14
3 14 1 0 0 0 760 3 4 4 9
3 15 1 0 0 0 760 3 14 14 4
3 16 1 1 0 0 569 1 4 4 14
3 17 1 1 0 0 544 1 14 14 4
3 18 1 0 0 0 760 3 7 7 14
3 19 1 1 0 0 726 1 14 14 7
3 20 1 1 0 0 643 1 7 7 14
3 21 1 1 0 0 576 1 14 14 7
3 22 1 0 0 0 760 3 6 6 14
3 23 1 1 0 0 640 1 14 14 6
3 24 1 1 0 0 749 1 6 6 14
3 25 1 0 0 0 760 2 11 11 6
