1 1 1 0 0 0 760 2 2 2 0
1 2 1 0 0 0 760 2 2 2 2
1 3 1 0 0 0 760 3 13 13 2
1 4 1 0 0 0 760 3 11 11 13
1 5 1 0 0 0 760 3 8 8 11
1 6 1 1 0 0 741 1 11 11 8
1 7 1 0 0 0 760 3 1 1 11
1 8 1 0 0 0 760 2 1 1 1
1 9 1 0 0 0 760 2 9 9 1
1 10 1 0 0 0 760 2 8 8 9
1 11 1 1 0 0 731 1 9 9 8
1 12 1 0 0 0 760 2 14 14 9
1 13 1 0 0 0 760 3 11 11 14
1 14 1 0 0 0 760 3 6 6 11
1 15 1 0 0 0 760 2 4 4 6
1 16 1 0 0 0 760 3 1 1 4
1 17 1 0 0 0 760 3 9 9 1
1 18 0 0 0 1 422 3 13 13 9
1 19 1 0 0 0 760 3 3 3 13
1 20 1 0 0 0 760 3 1 1 3
1 21 1 0 0 0 760 3 6 6 1
1 22 1 1 0 0 752 1 1 1 6
1 23 1 0 0 0 760 2 5 5 1
1 24 1 1 0 0 676 1 1 1 5
1 25 1 0 0 0 760 3 6 6 1
2 1 1 0 0 0 760 1 7 7 6
2 2 1 0 0 0 760 2 7 7 7
2 3 1 0 0 0 760 3 13 13 7
2 4 1 0 0 0 760 3 8 8 13
2 5 1 0 0 0 760 2 1 1 8
2 6 1 0 0 0 760 3 5 5 1
2 7 1 1 0 0 515 1 1 1 5
2 8 1 0 0 0 760 2 6 6 1
2 9 1 0 0 0 760 3 15 15 6
2 10 1 0 0 0 760 3 1 1 15
2 11 1 0 0 0 760 3 1 1 1
2 12 1 1 0 0 595 1 1 1 1
2 13 1 0 0 0 760 3 2 2 1
2 14 1 1 0 0 537 1 1 1 2
2 15 1 0 0 0 760 3 9 9 1
2 16 1 0 0 0 760 3 14 14 9
2 17 1 1 0 0 754 1 9 9 14
2 18 1 0 0 0 760 3 8 8 9
2 19 1 0 0 0 760 2 2 2 8
2 20 1 0 0 0 760 3 2 2 2
2 21 1 0 0 0 760 3 5 5 2
2 22 1 0 0 0 760 2 4 4 5
2 23 0 0 1 0 760 1 5 5 4
2 24 1 0 0 0 760 3 14 14 5
2 25 1 0 0 0 760 2 14 14 14
3 1 1 0 0 0 760 1 11 11 14
3 2 1 0 0 0 760 1 12 12 11
3 3 0 0 1 0 760 1 11 11 12
3 4 1 0 0 0 760 2 4 4 11
3 5 1 1 0 0 733 1 11 11 4
3 6 1 0 0 0 760 2 13 13 11
3 7 1 0 0 0 760 3 7 7 13
3 8 1 0 0 0 760 2 10 10 7
3 9 1 0 0 0 760 3 9 9 10
3 10 1 0 0 0 760 2 3 3 9
3 11 0 0 1 0 760 1 9 9 3
3 12 1 1 0 0 766 1 3 3 9
3 13 1 1 0 0 524 1 9 9 3
3 14 1 0 0 0 760 3 11 11 9
3 15 1 0 0 0 760 2 15 15 11
3 16 1 0 0 0 760 3 3 3 15
3 17 1 1 0 0 752 1 15 15 3
3 18 0 0 1 0 760 1 3 3 15
3 19 1 0 0 0 760 3 8 8 3
3 20 0 0 1 0 760 1 3 3 8
3 21 1 0 0 0 760 2 11 11 3
3 22 1 0 0 0 760 2 11 11 11
3 23 1 1 0 0 558 1 11 11 11
3 24 1 0 0 0 760 3 4 4 11
3 25 1 0 0 0 760 3 3 3 4
