1 1 1 0 0 0 760 2 13 13 0
1 2 1 0 0 0 760 1 4 4 13
1 3 0 0 0 1 523 3 5 5 4
1 4 1 0 0 0 760 2 12 12 5
1 5 0 0 1 0 760 1 5 5 12
1 6 1 0 0 0 760 3 15 15 5
1 7 1 0 0 0 760 2 1 1 15
1 8 0 0 1 0 760 1 15 15 1
1 9 1 0 0 0 760 3 8 8 15
1 10 1 0 0 0 760 2 8 8 8
1 11 1 0 0 0 760 2 4 4 8
1 12 1 1 0 0 687 1 8 8 4
1 13 1 0 0 0 760 3 6 6 8
1 14 1 0 0 0 760 3 5 5 6
1 15 0 0 0 1 671 3 9 9 5
1 16 0 0 1 0 760 1 5 5 9
1 17 1 0 0 0 594 2 13 13 5
1 18 1 0 0 0 760 2 2 2 13
1 19 1 0 0 0 760 3 14 14 2
1 20 1 1 0 0 724 1 2 2 14
1 21 1 0 0 0 760 3 2 2 2
1 22 1 1 0 0 758 1 2 2 2
1 23 0 0 1 0 760 1 2 2 2
1 24 1 1 0 0 657 1 2 2 2
1 25 1 0 0 0 760 3 8 8 2
2 1 1 0 0 0 760 2 13 13 8
2 2 1 0 0 0 760 3 4 4 13
2 3 1 0 0 0 760 2 14 14 4
2 4 0 0 0 1 636 3 14 14 14
2 5 1 0 0 0 760 2 2 2 14
2 6 0 0 1 0 760 1 14 14 2
2 7 1 0 0 0 760 3 1 1 14
2 8 1 1 0 0 547 1 14 14 1
2 9 1 0 0 0 760 3 7 7 14
2 10 1 0 0 0 760 3 3 3 7
2 11 1 0 0 0 760 2 12 12 3
2 12 1 0 0 0 760 3 10 10 12
2 13 1 0 0 0 760 3 10 10 10
2 14 1 1 0 0 474 1 10 10 10
2 15 1 0 0 0 760 3 11 11 10
2 16 1 0 0 0 760 3 7 7 11
2 17 1 0 0 0 760 3 4 4 7
2 18 1 0 0 0 760 3 11 11 4
2 19 1 0 0 0 760 3 13 13 11
2 20 1 0 0 0 760 2 8 8 13
2 21 0 0 1 0 760 1 13 13 8
2 22 1 0 0 0 760 2 15 15 13
2 23 1 0 0 0 760 3 4 4 15
2 24 0 0 1 0 760 1 15 15 4
2 25 1 0 0 0 760 2 6 6 15
3 1 0 0 0 1 490 1 3 3 6
3 2 1 0 0 0 760 1 12 12 3
3 3 0 0 1 0 760 1 3 3 12
3 4 1 0 0 0 760 3 7 7 3
3 5 1 0 0 0 760 2 5 5 7
3 6 1 1 0 0 640 1 7 7 5
3 7 1 0 0 0 760 3 3 3 7
3 8 1 0 0 0 760 3 4 4 3
3 9 1 1 0 0 685 1 3 3 4
3 10 1 0 0 0 760 3 11 11 3
3 11 0 0 1 0 760 1 3 3 11
3 12 0 0 1 0 760 1 11 11 3
3 13 1 0 0 0 760 2 2 2 11
3 14 1 1 0 0 632 1 11 11 2
3 15 1 0 0 0 760 2 5 5 11
3 16 1 0 0 0 760 3 6 6 5
3 17 0 0 0 1 740 2 6 6 6
3 18 1 0 0 0 760 3 9 9 6
3 19 1 0 0 0 760 3 2 2 9
3 20 1 0 0 0 760 3 14 14 2
3 21 1 0 0 0 760 2 1 1 14
3 22 0 0 1 0 760 1 14 14 1
3 23 0 0 1 0 760 1 1 1 14
3 24 1 0 0 0 760 3 10 10 1
3 25 1 0 0 0 760 3 15 15 10
