1 1 1 0 0 0 760 1 14 14 0
1 2 1 0 0 0 760 2 12 12 14
1 3 1 0 0 0 760 2 13 13 12
1 4 1 1 0 0 596 1 12 12 13
1 5 1 0 0 0 760 2 1 1 12
1 6 1 1 0 0 616 1 12 12 1
1 7 0 0 1 0 760 1 1 1 12
1 8 1 1 0 0 683 1 12 12 1
1 9 1 1 0 0 510 1 1 1 12
1 10 1 0 0 0 760 3 14 14 1
1 11 1 0 0 0 760 3 8 8 14
1 12 1 1 0 0 717 1 14 14 8
1 13 1 1 0 0 633 1 8 8 14
1 14 1 0 0 0 760 2 13 13 8
1 15 1 0 0 0 760 3 7 7 13
1 16 1 0 0 0 760 3 6 6 7
1 17 1 0 0 0 760 3 11 11 6
1 18 1 1 0 0 681 1 6 6 11
1 19 1 0 0 0 760 3 13 13 6
1 20 1 0 0 0 760 2 10 10 13
1 21 1 0 0 0 760 2 6 6 10
1 22 1 0 0 0 760 2 3 3 6
1 23 1 0 0 0 760 2 14 14 3
1 24 1 1 0 0 588 1 3 3 14
1 25 1 1 0 0 678 1 14 14 3
2 1 1 0 0 0 760 1 2 2 14
2 2 1 0 0 0 760 1 5 5 2
2 3 0 0 0 1 495 3 5 5 5
2 4 1 0 0 0 760 3 7 7 5
2 5 1 1 0 0 668 1 5 5 7
2 6 1 0 0 0 760 3 9 9 5
2 7 1 1 0 0 552 1 5 5 9
2 8 1 0 0 0 760 3 10 10 5
2 9 1 0 0 0 760 2 1 1 10
2 10 1 0 0 0 760 2 1 1 1
2 11 1 0 0 0 760 3 2 2 1
2 12 1 0 0 0 760 3 6 6 2
2 13 1 0 0 0 760 3 3 3 6
2 14 1 1 0 0 556 1 6 6 3
2 15 1 0 0 0 760 2 4 4 6
2 16 1 0 0 0 760 2 12 12 4
2 17 1 0 0 0 760 2 8 8 12
2 18 1 0 0 0 760 2 11 11 8
2 19 1 0 0 0 760 3 1 1 11
2 20 1 0 0 0 760 3 4 4 1
2 21 1 1 0 0 630 1 1 1 4
2 22 1 0 0 0 760 3 11 11 1
2 23 1 1 0 0 623 1 1 1 11
2 24 1 0 0 0 760 2 8 8 1
2 25 1 0 0 0 760 2 6 6 8
3 1 1 0 0 0 760 3 5 5 6
3 2 1 0 0 0 760 3 9 9 5
3 3 1 0 0 0 760 2 12 12 9
3 4 1 0 0 0 760 2 15 15 12
3 5 1 0 0 0 760 3 3 3 15
3 6 1 1 0 0 617 1 15 15 3
3 7 1 1 0 0 651 1 3 3 15
3 8 1 1 0 0 575 1 15 15 3
3 9 1 0 0 0 760 2 12 12 15
3 10 1 1 0 0 532 1 15 15 12
3 11 1 0 0 0 760 2 15 15 15
3 12 1 0 0 0 760 2 1 1 15
3 13 1 0 0 0 760 3 5 5 1
3 14 1 1 0 0 714 1 1 1 5
3 15 1 1 0 0 582 1 5 5 1
3 16 0 0 1 0 760 1 1 1 5
3 17 1 0 0 0 760 2 15 15 1
3 18 1 0 0 0 760 3 8 8 15
3 19 1 0 0 0 760 2 2 2 8
3 20 1 0 0 0 760 2 14 14 2
3 21 1 0 0 0 760 2 1 1 14
3 22 1 0 0 0 760 3 10 10 1
3 23 0 0 1 0 760 1 1 1 10
3 24 1 1 0 0 695 1 10 10 1
3 25 0 0 1 0 760 1 1 1 10
