1 1 1 0 0 0 760 1 10 10 0
1 2 1 0 0 0 760 3 5 5 10
1 3 1 0 0 0 760 2 8 8 5
1 4 0 0 1 0 760 1 5 5 8
1 5 1 0 0 0 760 3 3 3 5
1 6 1 0 0 0 760 2 11 11 3
1 7 1 0 0 0 760 2 4 4 11
1 8 0 0 1 0 760 1 11 11 4
1 9 1 0 0 0 760 3 3 3 11
1 10 1 1 0 0 538 1 11 11 3
1 11 0 0 1 0 760 1 3 3 11
1 12 1 0 0 0 760 3 5 5 3
1 13 1 0 0 0 760 2 8 8 5
1 14 0 0 1 0 760 1 5 5 8
1 15 1 0 0 0 760 2 4 4 5
1 16 1 1 0 0 668 1 5 5 4
1 17 1 0 0 0 760 3 12 12 5
1 18 1 0 0 0 760 2 13 13 12
1 19 1 0 0 0 760 3 7 7 13
1 20 0 0 1 0 760 1 13 13 7
1 21 0 0 0 1 592 3 11 11 13
1 22 1 0 0 0 760 3 2 2 11
1 23 1 1 0 0 750 1 11 11 2
1 24 1 1 0 0 731 1 2 2 11
1 25 1 0 0 0 760 3 9 9 2
2 1 1 0 0 0 760 1 11 11 9
2 2 1 0 0 0 760 1 11 11 11
2 3 1 0 0 0 760 3 5 5 11
2 4 1 0 0 0 760 2 3 3 5
2 5 0 0 1 0 760 1 5 5 3
2 6 0 0 1 0 760 1 3 3 5
2 7 1 0 0 0 760 2 12 12 3
2 8 1 0 0 0 760 2 1 1 12
2 9 1 0 0 0 760 3 13 13 1
2 10 1 0 0 0 760 3 6 6 13
2 11 0 0 1 0 760 1 13 13 6
2 12 1 0 0 0 760 2 14 14 13
2 13 0 0 1 0 760 1 13 13 14
2 14 1 0 0 0 760 2 15 15 13
2 15 1 0 0 0 760 3 1 1 15
2 16 1 1 0 0 538 1 15 15 1
2 17 1 1 0 0 519 1 1 1 15
2 18 0 0 0 1 517 2 4 4 1
2 19 1 0 0 0 760 3 15 15 4
2 20 0 0 1 0 760 1 4 4 15
2 21 1 0 0 0 760 3 2 2 4
2 22 0 0 1 0 760 1 4 4 2
2 23 0 0 1 0 760 1 2 2 4
2 24 1 0 0 0 760 2 13 13 2
2 25 1 0 0 0 760 3 7 7 13
3 1 1 0 0 0 760 1 7 7 7
3 2 1 0 0 0 760 3 8 8 7
3 3 1 0 0 0 760 2 10 10 8
3 4 1 0 0 0 760 3 6 6 10
3 5 1 0 0 0 760 2 7 7 6
3 6 0 0 1 0 760 1 6 6 7
3 7 0 0 1 0 760 1 7 7 6
3 8 0 0 1 0 760 1 6 6 7
3 9 1 1 0 0 565 1 7 7 6
3 10 1 0 0 0 760 2 8 8 7
3 11 1 0 0 0 760 2 9 9 8
3 12 1 1 0 0 699 1 8 8 9
3 13 1 0 0 0 760 2 10 10 8
3 14 1 1 0 0 507 1 8 8 10
3 15 1 0 0 0 760 3 15 15 8
3 16 1 0 0 0 760 3 2 2 15
3 17 1 0 0 0 760 2 7 7 2
3 18 1 0 0 0 760 3 9 9 7
3 19 1 0 0 0 760 3 2 2 9
3 20 1 0 0 0 760 3 14 14 2
3 21 1 0 0 0 760 2 6 6 14
3 22 1 0 0 0 760 3 5 5 6
3 23 0 0 1 0 760 1 6 6 5
3 24 1 0 0 0 760 2 12 12 6
3 25 1 1 0 0 538 1 6 6 12
