1 1 1 0 0 0 760 3 13 13 0
1 2 1 0 0 0 760 1 8 8 13
1 3 1 0 0 0 760 3 6 6 8
1 4 1 1 0 0 608 1 8 8 6
1 5 1 0 0 0 760 2 15 15 8
1 6 1 0 0 0 760 2 1 1 15
1 7 1 0 0 0 760 2 11 11 1
1 8 1 0 0 0 760 2 7 7 11
1 9 1 0 0 0 760 2 12 12 7
1 10 1 1 0 0 608 1 7 7 12
1 11 1 0 0 0 760 3 9 9 7
1 12 1 0 0 0 760 3 1 1 9
1 13 1 0 0 0 760 3 2 2 1
1 14 1 0 0 0 760 2 7 7 2
1 15 1 0 0 0 760 2 6 6 7
1 16 1 0 0 0 760 2 6 6 6
1 17 1 0 0 0 760 2 8 8 6
1 18 0 0 1 0 760 1 6 6 8
1 19 1 0 0 0 760 2 11 11 6
1 20 1 0 0 0 760 3 1 1 11
1 21 1 0 0 0 760 2 14 14 1
1 22 1 0 0 0 760 3 12 12 14
1 23 1 0 0 0 760 3 4 4 12
1 24 1 0 0 0 760 2 7 7 4
1 25 1 0 0 0 760 3 13 13 7
2 1 1 0 0 0 760 2 11 11 13
2 2 1 0 0 0 760 2 8 8 11
2 3 1 1 0 0 566 1 11 11 8
2 4 1 1 0 0 519 1 8 8 11
2 5 1 0 0 0 760 3 5 5 8
2 6 1 0 0 0 760 2 9 9 5
2 7 1 0 0 0 760 3 12 12 9
2 8 1 0 0 0 760 2 8 8 12
2 9 1 1 0 0 583 1 12 12 8
2 10 1 0 0 0 760 2 4 4 12
2 11 1 0 0 0 760 3 9 9 4
2 12 1 0 0 0 760 3 14 14 9
2 13 1 1 0 0 514 1 9 9 14
2 14 1 1 0 0 738 1 14 14 9
2 15 1 0 0 0 760 3 2 2 14
2 16 1 0 0 0 760 3 6 6 2
2 17 1 0 0 0 760 3 9 9 6
2 18 1 0 0 0 760 2 13 13 9
2 19 1 0 0 0 760 2 15 15 13
2 20 1 0 0 0 760 3 5 5 15
2 21 1 1 0 0 683 1 15 15 5
2 22 1 1 0 0 562 1 5 5 15
2 23 1 0 0 0 760 3 13 13 5
2 24 1 0 0 0 760 2 14 14 13
2 25 0 0 1 0 760 1 13 13 14
3 1 1 0 0 0 760 2 6 6 13
3 2 1 0 0 0 760 3 14 14 6
3 3 1 0 0 0 760 2 12 12 14
3 4 1 1 0 0 591 1 14 14 12
3 5 1 0 0 0 760 2 10 10 14
3 6 1 0 0 0 760 3 9 9 10
3 7 1 0 0 0 760 3 8 8 9
3 8 1 0 0 0 760 3 10 10 8
3 9 1 0 0 0 760 2 6 6 10
3 10 1 1 0 0 562 1 10 10 6
3 11 1 1 0 0 607 1 6 6 10
3 12 1 1 0 0 596 1 10 10 6
3 13 1 0 0 0 760 2 4 4 10
3 14 1 0 0 0 760 2 7 7 4
3 15 1 1 0 0 621 1 4 4 7
3 16 1 0 0 0 760 3 12 12 4
3 17 1 0 0 0 760 3 8 8 12
3 18 0 0 1 0 760 1 12 12 8
3 19 0 0 1 0 760 1 8 8 12
3 20 1 1 0 0 545 1 12 12 8
3 21 1 0 0 0 760 3 15 15 12
3 22 1 1 0 0 611 1 12 12 15
3 23 0 0 0 1 558 3 12 12 12
3 24 1 1 0 0 634 1 12 12 12
3 25 0 0 0 1 683 2 8 8 12
