1 1 1 0 0 0 760 3 8 8 0
1 2 1 0 0 0 760 1 14 14 8
1 3 1 0 0 0 760 3 11 11 14
1 4 1 0 0 0 760 2 8 8 11
1 5 1 0 0 0 760 3 2 2 8
1 6 1 0 0 0 760 2 5 5 2
1 7 1 0 0 0 760 2 3 3 5
1 8 1 0 0 0 760 3 6 6 3
1 9 0 0 1 0 760 1 3 3 6
1 10 1 0 0 0 760 3 4 4 3
1 11 1 0 0 0 760 2 11 11 4
1 12 0 0 1 0 760 1 4 4 11
1 13 0 0 1 0 760 1 11 11 4
1 14 1 0 0 0 760 2 5 5 11
1 15 1 0 0 0 760 2 5 5 5
1 16 0 0 1 0 705 1 5 5 5
1 17 0 0 1 0 760 1 5 5 5
1 18 0 0 1 0 760 1 5 5 5
1 19 1 0 0 0 526 2 14 14 5
1 20 0 0 1 0 760 1 5 5 14
1 21 1 0 0 0 760 3 1 1 5
1 22 1 0 0 0 452 2 13 13 1
1 23 1 0 0 0 760 2 9 9 13
1 24 0 0 1 0 762 1 13 13 9
1 25 1 0 0 0 760 2 5 5 13
2 1 1 0 0 0 760 2 6 6 5
2 2 1 0 0 0 760 2 4 4 6
2 3 1 0 0 0 760 2 5 5 4
2 4 0 0 1 0 760 1 4 4 5
2 5 1 0 0 0 760 2 14 14 4
2 6 1 0 0 0 760 3 15 15 14
2 7 1 1 0 0 704 1 14 14 15
2 8 0 0 1 0 760 1 15 15 14
2 9 0 0 1 0 760 1 14 14 15
2 10 1 0 0 0 760 3 4 4 14
2 11 0 0 1 0 760 1 14 14 4
2 12 0 0 1 0 760 1 4 4 14
2 13 0 0 1 0 760 1 14 14 4
2 14 1 0 0 0 760 2 12 12 14
2 15 1 1 0 0 719 1 14 14 12
2 16 1 0 0 0 760 2 13 13 14
2 17 1 0 0 0 760 2 2 2 13
2 18 1 0 0 0 760 2 12 12 2
2 19 1 0 0 0 760 3 5 5 12
2 20 0 0 1 0 760 1 12 12 5
2 21 1 1 0 0 689 1 5 5 12
2 22 1 0 0 0 760 3 1 1 5
2 23 0 0 1 0 760 1 5 5 1
2 24 1 0 0 0 760 2 15 15 5
2 25 1 0 0 0 760 3 13 13 15
3 1 1 0 0 0 760 2 2 2 13
3 2 1 0 0 0 760 3 8 8 2
3 3 1 0 0 0 760 3 5 5 8
3 4 1 1 0 0 681 1 8 8 5
3 5 1 1 0 0 673 1 5 5 8
3 6 1 1 0 0 695 1 8 8 5
3 7 0 0 1 0 760 1 5 5 8
3 8 1 0 0 0 760 2 12 12 5
3 9 1 0 0 0 760 2 12 12 12
3 10 1 0 0 0 760 2 10 10 12
3 11 0 0 1 0 760 1 12 12 10
3 12 1 0 0 0 760 3 15 15 12
3 13 1 0 0 0 760 2 9 9 15
3 14 0 0 1 0 760 1 15 15 9
3 15 1 0 0 0 760 2 6 6 15
3 16 1 0 0 0 760 3 5 5 6
3 17 0 0 1 0 760 1 6 6 5
3 18 1 0 0 0 760 2 13 13 6
3 19 1 0 0 0 760 3 11 11 13
3 20 1 1 0 0 742 1 13 13 11
3 21 1 1 0 0 753 1 11 11 13
3 22 0 0 1 0 760 1 13 13 11
3 23 0 0 1 0 760 1 11 11 13
3 24 0 0 1 0 760 1 13 13 11
3 25 0 0 1 0 760 1 11 11 13
