1 1 1 0 0 0 760 2 9 9 0
1 2 1 0 0 0 760 2 6 6 9
1 3 1 0 0 0 760 2 10 10 6
1 4 1 0 0 0 760 3 5 5 10
1 5 1 1 0 0 518 1 10 10 5
1 6 1 0 0 0 760 3 7 7 10
1 7 1 1 0 0 649 1 10 10 7
1 8 1 0 0 0 760 2 15 15 10
1 9 1 0 0 0 760 3 6 6 15
1 10 1 0 0 0 760 2 3 3 6
1 11 1 0 0 0 760 3 1 1 3
1 12 1 1 0 0 655 1 3 3 1
1 13 1 0 0 0 760 2 10 10 3
1 14 1 0 0 0 760 2 13 13 10
1 15 1 0 0 0 760 3 3 3 13
1 16 1 0 0 0 760 2 10 10 3
1 17 0 0 1 0 760 1 3 3 10
1 18 1 0 0 0 760 3 2 2 3
1 19 1 0 0 0 760 2 13 13 2
1 20 1 0 0 0 760 2 8 8 13
1 21 0 0 0 1 704 3 8 8 8
1 22 1 1 0 0 647 1 8 8 8
1 23 1 0 0 0 760 3 9 9 8
1 24 1 0 0 0 760 3 4 4 9
1 25 0 0 1 0 760 1 9 9 4
2 1 1 0 0 0 760 1 15 15 9
2 2 1 0 0 0 760 2 7 7 15
2 3 1 1 0 0 570 1 15 15 7
2 4 1 1 0 0 656 1 7 7 15
2 5 1 1 0 0 667 1 15 15 7
2 6 1 1 0 0 472 1 7 7 15
2 7 1 0 0 0 760 2 8 8 7
2 8 1 1 0 0 734 1 7 7 8
2 9 1 0 0 0 760 3 6 6 7
2 10 1 1 0 0 603 1 7 7 6
2 11 1 1 0 0 621 1 6 6 7
2 12 1 0 0 0 760 3 3 3 6
2 13 1 0 0 0 760 2 15 15 3
2 14 1 0 0 0 760 2 1 1 15
2 15 1 0 0 0 760 3 3 3 1
2 16 1 1 0 0 552 1 1 1 3
2 17 1 0 0 0 760 3 1 1 1
2 18 1 0 0 0 760 3 5 5 1
2 19 1 0 0 0 760 2 9 9 5
2 20 1 0 0 0 760 2 12 12 9
2 21 1 1 0 0 632 1 9 9 12
2 22 1 1 0 0 617 1 12 12 9
2 23 1 0 0 0 760 3 12 12 12
2 24 1 0 0 0 760 3 2 2 12
2 25 1 0 0 0 760 3 14 14 2
3 1 1 0 0 0 760 3 8 8 14
3 2 1 0 0 0 760 2 10 10 8
3 3 1 0 0 0 760 2 1 1 10
3 4 1 0 0 0 760 2 12 12 1
3 5 1 1 0 0 594 1 1 1 12
3 6 1 1 0 0 737 1 12 12 1
3 7 1 1 0 0 605 1 1 1 12
3 8 1 1 0 0 536 1 12 12 1
3 9 1 0 0 0 760 3 8 8 12
3 10 1 0 0 0 760 2 3 3 8
3 11 1 1 0 0 568 1 8 8 3
3 12 1 0 0 0 760 2 13 13 8
3 13 1 0 0 0 760 2 14 14 13
3 14 1 0 0 0 760 2 15 15 14
3 15 0 0 1 0 760 1 14 14 15
3 16 1 1 0 0 633 1 15 15 14
3 17 1 1 0 0 619 1 14 14 15
3 18 1 0 0 0 760 2 1 1 14
3 19 1 0 0 0 760 3 11 11 1
3 20 1 1 0 0 556 1 1 1 11
3 21 1 0 0 0 760 3 15 15 1
3 22 1 0 0 0 760 3 4 4 15
3 23 1 0 0 0 760 3 13 13 4
3 24 1 0 0 0 760 2 15 15 13
3 25 1 0 0 0 760 2 8 8 15
