1 1 1 0 0 0 760 2 14 14 0
1 2 1 0 0 0 760 3 14 14 14
1 3 1 0 0 0 760 3 9 9 14
1 4 0 0 1 0 760 1 14 14 9
1 5 1 0 0 0 760 3 15 15 14
1 6 1 1 0 0 562 1 14 14 15
1 7 1 0 0 0 760 3 1 1 14
1 8 1 0 0 0 760 3 12 12 1
1 9 1 1 0 0 743 1 1 1 12
1 10 1 1 0 0 670 1 12 12 1
1 11 1 0 0 0 760 2 13 13 12
1 12 1 0 0 0 760 3 9 9 13
1 13 1 1 0 0 665 1 13 13 9
1 14 1 0 0 0 760 2 12 12 13
1 15 1 0 0 0 760 3 6 6 12
1 16 1 1 0 0 714 1 12 12 6
1 17 1 0 0 0 760 3 15 15 12
1 18 1 1 0 0 573 1 12 12 15
1 19 1 0 0 0 760 2 11 11 12
1 20 1 0 0 0 760 3 8 8 11
1 21 1 0 0 0 760 2 13 13 8
1 22 1 0 0 0 760 2 1 1 13
1 23 1 0 0 0 760 2 1 1 1
1 24 1 1 0 0 629 1 1 1 1
1 25 1 0 0 0 760 2 10 10 1
2 1 1 0 0 0 760 3 9 9 10
2 2 1 0 0 0 760 3 9 9 9
2 3 1 0 0 0 760 3 8 8 9
2 4 1 0 0 0 760 2 1 1 8
2 5 1 0 0 0 760 3 12 12 1
2 6 1 0 0 0 760 3 5 5 12
2 7 1 0 0 0 760 2 2 2 5
2 8 1 0 0 0 760 2 8 8 2
2 9 1 0 0 0 760 3 1 1 8
2 10 1 1 0 0 646 1 8 8 1
2 11 1 1 0 0 570 1 1 1 8
2 12 1 0 0 0 760 3 10 10 1
2 13 1 1 0 0 619 1 1 1 10
2 14 1 0 0 0 760 2 11 11 1
2 15 1 0 0 0 760 3 6 6 11
2 16 1 0 0 0 760 3 10 10 6
2 17 1 0 0 0 760 3 2 2 10
2 18 1 0 0 0 760 2 14 14 2
2 19 1 0 0 0 760 3 5 5 14
2 20 1 0 0 0 760 3 13 13 5
2 21 1 0 0 0 760 2 10 10 13
2 22 1 0 0 0 760 2 6 6 10
2 23 1 1 0 0 714 1 10 10 6
2 24 1 0 0 0 760 3 3 3 10
2 25 1 0 0 0 760 3 2 2 3
3 1 1 0 0 0 760 1 9 9 2
3 2 1 0 0 0 760 2 13 13 9
3 3 1 1 0 0 614 1 9 9 13
3 4 1 0 0 0 760 2 1 1 9
3 5 0 0 1 0 760 1 9 9 1
3 6 1 0 0 0 760 3 14 14 9
3 7 1 0 0 0 760 3 15 15 14
3 8 1 0 0 0 760 3 11 11 15
3 9 1 0 0 0 760 2 1 1 11
3 10 0 0 1 0 760 1 11 11 1
3 11 0 0 1 0 760 1 1 1 11
3 12 1 0 0 0 760 3 10 10 1
3 13 1 0 0 0 760 3 5 5 10
3 14 1 1 0 0 588 1 10 10 5
3 15 1 0 0 0 760 2 9 9 10
3 16 1 0 0 0 760 2 3 3 9
3 17 1 0 0 0 760 2 12 12 3
3 18 1 0 0 0 760 2 2 2 12
3 19 1 1 0 0 575 1 12 12 2
3 20 1 0 0 0 760 2 15 15 12
3 21 1 0 0 0 760 3 14 14 15
3 22 1 0 0 0 760 2 10 10 14
3 23 1 0 0 0 760 2 7 7 10
3 24 1 0 0 0 760 2 5 5 7
3 25 1 0 0 0 760 2 6 6 5
