1 1 1 0 0 0 760 1 15 15 0
1 2 1 0 0 0 760 1 13 13 15
1 3 0 0 1 0 760 1 15 15 13
1 4 1 1 0 0 726 1 13 13 15
1 5 1 0 0 0 760 3 6 6 13
1 6 1 0 0 0 760 2 10 10 6
1 7 0 0 1 0 760 1 6 6 10
1 8 1 0 0 0 760 2 15 15 6
1 9 0 0 0 1 745 2 12 12 15
1 10 1 0 0 0 760 3 3 3 12
1 11 1 0 0 0 760 2 7 7 3
1 12 1 0 0 0 760 2 7 7 7
1 13 1 0 0 0 760 3 11 11 7
1 14 1 0 0 0 760 3 4 4 11
1 15 1 0 0 0 760 2 5 5 4
1 16 1 0 0 0 760 2 14 14 5
1 17 1 0 0 0 760 2 12 12 14
1 18 1 0 0 0 760 2 8 8 12
1 19 1 0 0 0 760 3 4 4 8
1 20 1 0 0 0 760 3 2 2 4
1 21 1 0 0 0 760 2 3 3 2
1 22 1 0 0 0 760 3 7 7 3
1 23 0 0 1 0 760 1 3 3 7
1 24 1 0 0 0 760 2 13 13 3
1 25 1 0 0 0 760 3 1 1 13
2 1 1 0 0 0 760 3 3 3 1
2 2 1 0 0 0 760 2 9 9 3
2 3 1 1 0 0 514 1 3 3 9
2 4 1 0 0 0 760 3 14 14 3
2 5 1 1 0 0 605 1 3 3 14
2 6 1 1 0 0 647 1 14 14 3
2 7 1 0 0 0 760 3 1 1 14
2 8 1 0 0 0 760 3 8 8 1
2 9 1 1 0 0 753 1 1 1 8
2 10 1 0 0 0 760 2 5 5 1
2 11 1 0 0 0 760 3 10 10 5
2 12 1 0 0 0 760 2 6 6 10
2 13 1 0 0 0 760 3 8 8 6
2 14 1 0 0 0 760 2 13 13 8
2 15 1 0 0 0 760 2 13 13 13
2 16 1 0 0 0 760 3 10 10 13
2 17 1 0 0 0 760 2 2 2 10
2 18 1 1 0 0 667 1 10 10 2
2 19 1 0 0 0 760 2 9 9 10
2 20 1 0 0 0 760 3 2 2 9
2 21 1 0 0 0 760 2 2 2 2
2 22 0 0 1 0 760 1 2 2 2
2 23 1 0 0 0 760 2 3 3 2
2 24 1 0 0 0 760 3 13 13 3
2 25 1 0 0 0 760 3 6 6 13
3 1 1 0 0 0 760 2 9 9 6
3 2 1 0 0 0 760 1 8 8 9
3 3 1 0 0 0 760 3 12 12 8
3 4 1 0 0 0 760 3 6 6 12
3 5 1 1 0 0 634 1 12 12 6
3 6 1 0 0 0 760 2 1 1 12
3 7 1 1 0 0 765 1 12 12 1
3 8 0 0 1 0 760 1 1 1 12
3 9 1 1 0 0 603 1 12 12 1
3 10 0 0 1 0 760 1 1 1 12
3 11 0 0 0 1 591 3 8 8 1
3 12 1 0 0 0 760 3 7 7 8
3 13 1 1 0 0 519 1 8 8 7
3 14 1 0 0 0 760 3 5 5 8
3 15 0 0 1 0 760 1 8 8 5
3 16 0 0 0 1 690 2 2 2 8
3 17 0 0 0 1 597 3 2 2 2
3 18 1 0 0 0 760 2 5 5 2
3 19 1 0 0 0 760 2 3 3 5
3 20 1 0 0 0 760 2 12 12 3
3 21 1 1 0 0 555 1 3 3 12
3 22 1 0 0 0 760 2 9 9 3
3 23 0 0 1 0 760 1 3 3 9
3 24 1 0 0 0 760 3 1 1 3
3 25 1 0 0 0 760 2 12 12 1
