1 1 1 0 0 0 760 1 13 13 0
1 2 1 0 0 0 760 1 5 5 13
1 3 1 0 0 0 760 3 15 15 5
1 4 0 0 1 0 760 1 5 5 15
1 5 1 0 0 0 760 2 13 13 5
1 6 1 1 0 0 660 1 5 5 13
1 7 1 1 0 0 669 1 13 13 5
1 8 1 0 0 0 760 2 12 12 13
1 9 1 0 0 0 760 2 10 10 12
1 10 1 0 0 0 760 3 10 10 10
1 11 0 0 1 0 760 1 10 10 10
1 12 1 0 0 0 760 2 3 3 10
1 13 0 0 1 0 760 1 10 10 3
1 14 1 0 0 0 760 2 15 15 10
1 15 1 0 0 0 760 3 7 7 15
1 16 1 1 0 0 750 1 15 15 7
1 17 1 0 0 0 760 3 5 5 15
1 18 1 1 0 0 714 1 15 15 5
1 19 0 0 1 0 760 1 5 5 15
1 20 1 0 0 0 760 3 7 7 5
1 21 1 0 0 0 760 3 6 6 7
1 22 1 0 0 0 760 2 10 10 6
1 23 1 0 0 0 760 3 1 1 10
1 24 1 0 0 0 760 2 1 1 1
1 25 1 1 0 0 648 1 1 1 1
2 1 1 0 0 0 760 1 2 2 1
2 2 1 0 0 0 760 2 4 4 2
2 3 0 0 1 0 760 1 2 2 4
2 4 1 0 0 0 760 3 10 10 2
2 5 0 0 1 0 760 1 2 2 10
2 6 1 0 0 0 760 3 9 9 2
2 7 1 0 0 0 760 2 4 4 9
2 8 1 1 0 0 739 1 9 9 4
2 9 1 1 0 0 750 1 4 4 9
2 10 1 0 0 0 760 3 8 8 4
2 11 1 0 0 0 760 3 15 15 8
2 12 1 0 0 0 760 2 4 4 15
2 13 1 0 0 0 760 2 8 8 4
2 14 1 0 0 0 760 2 8 8 8
2 15 1 1 0 0 503 1 8 8 8
2 16 1 0 0 0 760 3 14 14 8
2 17 1 0 0 0 760 3 6 6 14
2 18 1 1 0 0 716 1 14 14 6
2 19 1 0 0 0 760 3 15 15 14
2 20 1 0 0 0 760 2 2 2 15
2 21 1 0 0 0 760 3 4 4 2
2 22 1 0 0 0 760 3 9 9 4
2 23 1 0 0 0 760 3 11 11 9
2 24 0 0 1 0 760 1 9 9 11
2 25 1 0 0 0 760 2 2 2 9
3 1 1 0 0 0 760 3 4 4 2
3 2 1 0 0 0 760 1 9 9 4
3 3 1 0 0 0 760 2 9 9 9
3 4 0 0 1 0 760 1 9 9 9
3 5 1 1 0 0 621 1 9 9 9
3 6 1 0 0 0 760 2 13 13 9
3 7 1 1 0 0 752 1 9 9 13
3 8 1 0 0 0 760 2 2 2 9
3 9 1 0 0 0 760 2 11 11 2
3 10 1 0 0 0 760 2 5 5 11
3 11 1 0 0 0 760 2 12 12 5
3 12 1 1 0 0 616 1 5 5 12
3 13 1 0 0 0 760 2 13 13 5
3 14 1 0 0 0 760 2 10 10 13
3 15 1 0 0 0 760 2 9 9 10
3 16 1 1 0 0 693 1 10 10 9
3 17 1 0 0 0 760 2 11 11 10
3 18 1 0 0 0 760 2 12 12 11
3 19 1 1 0 0 525 1 11 11 12
3 20 1 0 0 0 760 3 9 9 11
3 21 1 0 0 0 760 2 15 15 9
3 22 1 1 0 0 593 1 9 9 15
3 23 1 1 0 0 663 1 15 15 9
3 24 1 0 0 0 760 3 1 1 15
3 25 1 1 0 0 604 1 15 15 1
