1 1 1 0 0 0 760 1 2 2 0
1 2 1 0 0 0 760 3 11 11 2
1 3 1 0 0 0 760 2 11 11 11
1 4 1 0 0 0 760 2 15 15 11
1 5 1 0 0 0 760 2 1 1 15
1 6 0 0 1 0 760 1 15 15 1
1 7 0 0 1 0 760 1 1 1 15
1 8 1 0 0 0 760 3 3 3 1
1 9 1 0 0 0 760 3 13 13 3
1 10 1 0 0 0 760 2 13 13 13
1 11 1 0 0 0 760 2 9 9 13
1 12 0 0 1 0 760 1 13 13 9
1 13 0 0 1 0 760 1 9 9 13
1 14 0 0 1 0 760 1 13 13 9
1 15 1 0 0 0 760 3 2 2 13
1 16 1 0 0 0 760 2 1 1 2
1 17 1 1 0 0 671 1 2 2 1
1 18 1 0 0 0 760 3 14 14 2
1 19 1 0 0 0 760 3 9 9 14
1 20 0 0 0 1 488 3 12 12 9
1 21 1 0 0 0 760 2 12 12 12
1 22 1 0 0 0 760 3 4 4 12
1 23 1 0 0 0 760 2 10 10 4
1 24 1 0 0 0 760 2 8 8 10
1 25 1 0 0 0 760 2 15 15 8
2 1 1 0 0 0 760 3 11 11 15
2 2 1 0 0 0 760 2 5 5 11
2 3 0 0 1 0 760 1 11 11 5
2 4 0 0 1 0 760 1 5 5 11
2 5 1 0 0 0 760 2 14 14 5
2 6 1 0 0 0 760 2 1 1 14
2 7 1 0 0 0 760 2 4 4 1
2 8 0 0 1 0 760 1 1 1 4
2 9 0 0 1 0 760 1 4 4 1
2 10 1 0 0 0 760 3 5 5 4
2 11 0 0 0 1 572 3 5 5 5
2 12 1 1 0 0 747 1 5 5 5
2 13 0 0 1 0 760 1 5 5 5
2 14 1 1 0 0 496 1 5 5 5
2 15 1 0 0 0 760 3 3 3 5
2 16 1 0 0 0 760 2 13 13 3
2 17 0 0 1 0 760 1 3 3 13
2 18 1 0 0 0 760 2 15 15 3
2 19 0 0 1 0 760 1 3 3 15
2 20 0 0 1 0 760 1 15 15 3
2 21 1 0 0 0 760 2 8 8 15
2 22 1 1 0 0 646 1 15 15 8
2 23 1 0 0 0 760 3 1 1 15
2 24 1 0 0 0 760 2 6 6 1
2 25 1 0 0 0 760 3 2 2 6
3 1 0 0 0 1 508 1 15 15 2
3 2 1 0 0 0 760 3 13 13 15
3 3 0 0 1 0 760 1 15 15 13
3 4 1 0 0 0 760 3 4 4 15
3 5 0 0 1 0 760 1 15 15 4
3 6 1 0 0 0 760 3 10 10 15
3 7 1 0 0 0 760 3 3 3 10
3 8 1 0 0 0 760 3 11 11 3
3 9 0 0 0 1 574 3 11 11 11
3 10 1 1 0 0 729 1 11 11 11
3 11 1 0 0 0 760 2 13 13 11
3 12 1 0 0 0 760 3 15 15 13
3 13 0 0 1 0 760 1 13 13 15
3 14 1 0 0 0 760 2 9 9 13
3 15 1 0 0 0 760 3 8 8 9
3 16 1 0 0 0 760 2 10 10 8
3 17 1 0 0 0 760 2 13 13 10
3 18 1 0 0 0 760 3 3 3 13
3 19 1 0 0 0 760 2 8 8 3
3 20 0 0 1 0 760 1 3 3 8
3 21 1 0 0 0 760 2 1 1 3
3 22 1 0 0 0 760 3 7 7 1
3 23 1 1 0 0 584 1 1 1 7
3 24 1 0 0 0 760 2 10 10 1
3 25 1 1 0 0 637 1 1 1 10
