1 1 1 0 0 0 760 1 10 10 0
1 2 1 0 0 0 760 1 10 10 10
1 3 1 0 0 0 760 2 5 5 10
1 4 1 0 0 0 760 2 13 13 5
1 5 0 0 1 0 760 1 5 5 13
1 6 1 0 0 0 760 3 3 3 5
1 7 1 0 0 0 760 2 9 9 3
1 8 0 0 1 0 612 1 3 3 9
1 9 0 0 1 0 760 1 9 9 3
1 10 1 1 0 0 678 1 3 3 9
1 11 0 0 1 0 760 1 9 9 3
1 12 1 0 0 0 760 2 12 12 9
1 13 0 0 1 0 678 1 9 9 12
1 14 0 0 1 0 760 1 12 12 9
1 15 1 0 0 0 760 3 8 8 12
1 16 0 0 1 0 647 1 12 12 8
1 17 1 0 0 0 760 3 1 1 12
1 18 1 0 0 0 760 2 11 11 1
1 19 1 0 0 0 760 3 14 14 11
1 20 0 0 1 0 668 1 11 11 14
1 21 0 0 1 0 760 1 14 14 11
1 22 1 0 0 0 760 3 1 1 14
1 23 1 0 0 0 760 3 12 12 1
1 24 1 0 0 0 760 3 13 13 12
1 25 1 0 0 0 760 3 1 1 13
2 1 1 0 0 0 760 3 2 2 1
2 2 1 0 0 0 760 2 14 14 2
2 3 1 0 0 0 760 3 14 14 14
2 4 1 0 0 0 760 2 2 2 14
2 5 1 0 0 0 760 2 7 7 2
2 6 0 0 1 0 760 1 2 2 7
2 7 1 0 0 0 760 3 10 10 2
2 8 1 0 0 0 760 2 5 5 10
2 9 1 0 0 0 760 2 14 14 5
2 10 1 0 0 0 760 2 15 15 14
2 11 1 0 0 0 760 2 2 2 15
2 12 1 0 0 0 760 3 7 7 2
2 13 1 0 0 0 760 2 12 12 7
2 14 0 0 1 0 760 1 7 7 12
2 15 1 0 0 0 760 3 6 6 7
2 16 1 0 0 0 760 2 3 3 6
2 17 1 0 0 0 760 3 13 13 3
2 18 1 0 0 0 760 3 12 12 13
2 19 1 0 0 0 760 3 15 15 12
2 20 0 0 1 0 760 1 12 12 15
2 21 1 0 0 0 760 2 4 4 12
2 22 1 0 0 0 760 3 11 11 4
2 23 0 0 1 0 760 1 4 4 11
2 24 1 0 0 0 760 2 7 7 4
2 25 1 0 0 0 760 3 13 13 7
3 1 1 0 0 0 760 3 4 4 13
3 2 1 0 0 0 760 3 2 2 4
3 3 0 0 1 0 760 1 4 4 2
3 4 1 0 0 0 760 2 11 11 4
3 5 1 0 0 0 760 3 8 8 11
3 6 1 1 0 0 670 1 11 11 8
3 7 1 0 0 0 760 3 9 9 11
3 8 1 0 0 0 760 2 7 7 9
3 9 1 0 0 0 760 3 5 5 7
3 10 1 0 0 0 760 2 14 14 5
3 11 1 0 0 0 760 3 12 12 14
3 12 1 0 0 0 760 3 6 6 12
3 13 1 0 0 0 760 2 6 6 6
3 14 1 1 0 0 644 1 6 6 6
3 15 1 0 0 0 760 3 14 14 6
3 16 1 0 0 0 760 3 9 9 14
3 17 0 0 1 0 760 1 14 14 9
3 18 1 0 0 0 760 2 11 11 14
3 19 1 0 0 0 760 3 4 4 11
3 20 1 0 0 0 760 3 2 2 4
3 21 1 0 0 0 760 3 6 6 2
3 22 1 0 0 0 760 3 1 1 6
3 23 1 0 0 0 760 3 7 7 1
3 24 1 0 0 0 760 2 3 3 7
3 25 0 0 1 0 760 1 7 7 3
