1 1 1 0 0 0 760 2 13 13 0
1 2 1 0 0 0 760 2 4 4 13
1 3 1 1 0 0 684 1 13 13 4
1 4 1 1 0 0 606 1 4 4 13
1 5 1 0 0 0 760 2 15 15 4
1 6 1 0 0 0 760 3 10 10 15
1 7 0 0 1 0 760 1 15 15 10
1 8 1 1 0 0 711 1 10 10 15
1 9 1 1 0 0 546 1 15 15 10
1 10 1 1 0 0 513 1 10 10 15
1 11 1 1 0 0 518 1 15 15 10
1 12 1 1 0 0 552 1 10 10 15
1 13 1 0 0 0 760 3 5 5 10
1 14 1 1 0 0 516 1 10 10 5
1 15 1 1 0 0 550 1 5 5 10
1 16 1 1 0 0 498 1 10 10 5
1 17 1 0 0 0 760 2 12 12 10
1 18 1 1 0 0 648 1 10 10 12
1 19 1 0 0 0 760 3 4 4 10
1 20 1 0 0 0 760 2 11 11 4
1 21 1 0 0 0 760 2 6 6 11
1 22 1 1 0 0 679 1 11 11 6
1 23 1 0 0 0 760 3 3 3 11
1 24 1 1 0 0 611 1 11 11 3
1 25 1 0 0 0 760 2 9 9 11
2 1 1 0 0 0 760 1 3 3 9
2 2 1 0 0 0 760 1 3 3 3
2 3 1 1 0 0 548 1 3 3 3
2 4 1 0 0 0 760 3 6 6 3
2 5 0 0 1 0 760 1 3 3 6
2 6 1 0 0 0 760 2 1 1 3
2 7 1 0 0 0 760 2 1 1 1
2 8 1 1 0 0 520 1 1 1 1
2 9 1 0 0 0 760 3 6 6 1
2 10 1 1 0 0 525 1 1 1 6
2 11 1 0 0 0 760 2 15 15 1
2 12 1 0 0 0 760 3 14 14 15
2 13 1 0 0 0 760 3 6 6 14
2 14 1 0 0 0 760 2 9 9 6
2 15 1 1 0 0 492 1 6 6 9
2 16 1 0 0 0 760 3 11 11 6
2 17 1 0 0 0 760 2 8 8 11
2 18 1 0 0 0 760 3 5 5 8
2 19 1 0 0 0 760 2 15 15 5
2 20 1 1 0 0 675 1 5 5 15
2 21 1 0 0 0 760 2 9 9 5
2 22 1 1 0 0 639 1 5 5 9
2 23 1 0 0 0 760 3 12 12 5
2 24 1 1 0 0 523 1 5 5 12
2 25 1 0 0 0 760 3 15 15 5
3 1 1 0 0 0 760 3 12 12 15
3 2 1 0 0 0 760 2 3 3 12
3 3 1 1 0 0 577 1 12 12 3
3 4 1 1 0 0 520 1 3 3 12
3 5 1 0 0 0 760 2 9 9 3
3 6 1 1 0 0 592 1 3 3 9
3 7 1 0 0 0 760 2 14 14 3
3 8 1 0 0 0 760 3 11 11 14
3 9 1 1 0 0 525 1 14 14 11
3 10 1 0 0 0 760 3 14 14 14
3 11 1 0 0 0 760 3 1 1 14
3 12 1 0 0 0 760 3 13 13 1
3 13 0 0 0 1 582 3 13 13 13
3 14 1 0 0 0 760 2 9 9 13
3 15 1 1 0 0 665 1 13 13 9
3 16 1 0 0 0 760 3 11 11 13
3 17 1 1 0 0 697 1 13 13 11
3 18 1 0 0 0 760 2 4 4 13
3 19 1 0 0 0 760 3 5 5 4
3 20 1 0 0 0 760 3 10 10 5
3 21 1 0 0 0 760 2 3 3 10
3 22 1 1 0 0 537 1 10 10 3
3 23 1 1 0 0 587 1 3 3 10
3 24 1 1 0 0 519 1 10 10 3
3 25 1 0 0 0 760 2 6 6 10
