1 1 1 0 0 0 760 2 12 12 0
1 2 1 0 0 0 760 3 11 11 12
1 3 0 0 1 0 760 1 12 12 11
1 4 1 0 0 0 760 2 6 6 12
1 5 1 0 0 0 760 2 9 9 6
1 6 0 0 1 0 760 1 6 6 9
1 7 1 0 0 0 760 2 7 7 6
1 8 1 0 0 0 760 3 13 13 7
1 9 1 0 0 0 760 3 10 10 13
1 10 1 0 0 0 760 2 1 1 10
1 11 1 1 0 0 724 1 10 10 1
1 12 1 1 0 0 625 1 1 1 10
1 13 1 0 0 0 760 3 11 11 1
1 14 1 0 0 0 760 3 13 13 11
1 15 1 0 0 0 760 3 9 9 13
1 16 1 0 0 0 760 2 14 14 9
1 17 1 0 0 0 760 3 12 12 14
1 18 0 0 0 1 669 2 12 12 12
1 19 1 1 0 0 603 1 12 12 12
1 20 1 0 0 0 760 2 3 3 12
1 21 1 0 0 0 760 2 6 6 3
1 22 1 0 0 0 760 3 7 7 6
1 23 1 1 0 0 699 1 6 6 7
1 24 1 0 0 0 760 3 14 14 6
1 25 1 0 0 0 760 2 1 1 14
2 1 1 0 0 0 760 1 11 11 1
2 2 1 0 0 0 760 3 2 2 11
2 3 1 0 0 0 760 3 14 14 2
2 4 1 0 0 0 760 3 13 13 14
2 5 1 0 0 0 760 3 13 13 13
2 6 1 0 0 0 760 3 12 12 13
2 7 1 0 0 0 760 2 2 2 12
2 8 1 0 0 0 760 3 15 15 2
2 9 0 0 1 0 760 1 2 2 15
2 10 1 0 0 0 760 3 9 9 2
2 11 1 1 0 0 539 1 2 2 9
2 12 1 1 0 0 761 1 9 9 2
2 13 1 0 0 0 760 3 7 7 9
2 14 0 0 1 0 760 1 9 9 7
2 15 1 1 0 0 631 1 7 7 9
2 16 1 1 0 0 636 1 9 9 7
2 17 1 0 0 0 760 2 5 5 9
2 18 1 1 0 0 733 1 9 9 5
2 19 1 0 0 0 760 2 11 11 9
2 20 1 0 0 0 760 2 12 12 11
2 21 1 0 0 0 760 2 6 6 12
2 22 1 0 0 0 760 2 15 15 6
2 23 1 0 0 0 760 2 12 12 15
2 24 0 0 1 0 760 1 15 15 12
2 25 1 1 0 0 686 1 12 12 15
3 1 1 0 0 0 760 3 13 13 12
3 2 1 0 0 0 760 2 2 2 13
3 3 1 0 0 0 760 3 5 5 2
3 4 1 0 0 0 760 3 13 13 5
3 5 1 0 0 0 760 3 15 15 13
3 6 1 0 0 0 760 3 12 12 15
3 7 1 1 0 0 604 1 15 15 12
3 8 1 0 0 0 760 2 8 8 15
3 9 1 0 0 0 760 2 10 10 8
3 10 1 0 0 0 760 2 2 2 10
3 11 1 0 0 0 760 3 6 6 2
3 12 1 0 0 0 760 3 9 9 6
3 13 1 0 0 0 760 3 1 1 9
3 14 1 0 0 0 760 3 6 6 1
3 15 1 0 0 0 760 3 2 2 6
3 16 1 1 0 0 531 1 6 6 2
3 17 1 0 0 0 760 2 11 11 6
3 18 1 0 0 0 760 2 4 4 11
3 19 1 0 0 0 760 3 5 5 4
3 20 1 1 0 0 644 1 4 4 5
3 21 1 1 0 0 594 1 5 5 4
3 22 1 0 0 0 760 3 6 6 5
3 23 1 0 0 0 760 3 3 3 6
3 24 1 0 0 0 760 3 1 1 3
3 25 1 0 0 0 760 3 2 2 1
