1 1 1 0 0 0 760 3 3 3 0
1 2 1 0 0 0 760 1 4 4 3
1 3 1 1 0 0 529 1 3 3 4
1 4 1 1 0 0 553 1 4 4 3
1 5 1 0 0 0 760 2 7 7 4
1 6 1 0 0 0 760 3 9 9 7
1 7 1 0 0 0 760 3 2 2 9
1 8 1 0 0 0 760 3 8 8 2
1 9 1 0 0 0 760 2 7 7 8
1 10 1 0 0 0 760 2 7 7 7
1 11 1 0 0 0 760 3 1 1 7
1 12 1 0 0 0 760 2 3 3 1
1 13 1 0 0 0 760 2 14 14 3
1 14 1 0 0 0 760 3 1 1 14
1 15 1 0 0 0 760 3 12 12 1
1 16 1 0 0 0 760 3 15 15 12
1 17 1 0 0 0 760 3 5 5 15
1 18 1 0 0 0 760 3 1 1 5
1 19 0 0 1 0 760 1 5 5 1
1 20 0 0 1 0 760 1 1 1 5
1 21 1 0 0 0 760 2 11 11 1
1 22 1 0 0 0 760 2 10 10 11
1 23 1 0 0 0 760 3 9 9 10
1 24 1 0 0 0 760 2 13 13 9
1 25 0 0 1 0 760 1 9 9 13
2 1 1 0 0 0 760 1 14 14 9
2 2 1 0 0 0 760 3 4 4 14
2 3 0 0 1 0 760 1 14 14 4
2 4 0 0 1 0 760 1 4 4 14
2 5 1 0 0 0 760 2 9 9 4
2 6 0 0 1 0 760 1 4 4 9
2 7 1 0 0 0 760 3 11 11 4
2 8 1 0 0 0 760 3 1 1 11
2 9 0 0 1 0 760 1 11 11 1
2 10 0 0 1 0 760 1 1 1 11
2 11 1 0 0 0 760 2 1 1 1
2 12 1 0 0 0 760 3 7 7 1
2 13 1 0 0 0 760 3 14 14 7
2 14 1 0 0 0 760 2 14 14 14
2 15 1 0 0 0 760 2 10 10 14
2 16 1 1 0 0 627 1 14 14 10
2 17 1 0 0 0 760 3 8 8 14
2 18 1 1 0 0 591 1 14 14 8
2 19 1 0 0 0 760 2 15 15 14
2 20 1 0 0 0 760 3 15 15 15
2 21 1 1 0 0 483 1 15 15 15
2 22 1 0 0 0 760 2 1 1 15
2 23 1 0 0 0 760 3 6 6 1
2 24 1 0 0 0 760 3 15 15 6
2 25 1 0 0 0 760 2 9 9 15
3 1 1 0 0 0 760 2 3 3 9
3 2 1 0 0 0 760 3 3 3 3
3 3 1 1 0 0 465 1 3 3 3
3 4 1 1 0 0 579 1 3 3 3
3 5 1 0 0 0 760 2 10 10 3
3 6 1 0 0 0 760 2 7 7 10
3 7 1 1 0 0 467 1 10 10 7
3 8 1 0 0 0 760 3 9 9 10
3 9 1 0 0 0 760 3 4 4 9
3 10 1 0 0 0 760 3 3 3 4
3 11 1 0 0 0 760 3 1 1 3
3 12 1 0 0 0 760 2 2 2 1
3 13 1 0 0 0 760 2 9 9 2
3 14 1 1 0 0 708 1 2 2 9
3 15 1 0 0 0 760 3 11 11 2
3 16 1 0 0 0 760 2 6 6 11
3 17 1 1 0 0 494 1 11 11 6
3 18 1 0 0 0 760 2 8 8 11
3 19 1 0 0 0 760 3 4 4 8
3 20 1 0 0 0 760 2 14 14 4
3 21 1 0 0 0 760 3 12 12 14
3 22 1 0 0 0 760 3 12 12 12
3 23 1 1 0 0 513 1 12 12 12
3 24 0 0 1 0 760 1 12 12 12
3 25 1 1 0 0 553 1 12 12 12
