1 1 1 0 0 0 760 2 2 2 0
1 2 1 0 0 0 760 2 9 9 2
1 3 0 0 1 0 760 1 2 2 9
1 4 1 0 0 0 760 2 14 14 2
1 5 1 0 0 0 760 3 8 8 14
1 6 1 0 0 0 760 3 5 5 8
1 7 1 0 0 0 760 2 12 12 5
1 8 1 1 0 0 699 1 5 5 12
1 9 1 0 0 0 760 3 4 4 5
1 10 1 0 0 0 760 3 6 6 4
1 11 1 0 0 0 760 2 5 5 6
1 12 1 0 0 0 760 2 2 2 5
1 13 1 1 0 0 654 1 5 5 2
1 14 0 0 1 0 760 1 2 2 5
1 15 1 0 0 0 760 3 12 12 2
1 16 1 0 0 0 760 2 8 8 12
1 17 0 0 1 0 760 1 12 12 8
1 18 0 0 1 0 760 1 8 8 12
1 19 1 1 0 0 597 1 12 12 8
1 20 1 0 0 0 760 2 7 7 12
1 21 1 0 0 0 760 3 3 3 7
1 22 1 1 0 0 674 1 7 7 3
1 23 0 0 1 0 760 1 3 3 7
1 24 0 0 1 0 760 1 7 7 3
1 25 0 0 0 1 624 3 7 7 7
2 1 1 0 0 0 760 2 2 2 7
2 2 0 0 0 1 728 2 2 2 2
2 3 1 1 0 0 552 1 2 2 2
2 4 1 0 0 0 760 2 11 11 2
2 5 1 0 0 0 760 3 5 5 11
2 6 1 0 0 0 760 2 13 13 5
2 7 1 0 0 0 760 2 9 9 13
2 8 1 0 0 0 760 3 6 6 9
2 9 1 0 0 0 760 3 8 8 6
2 10 1 1 0 0 621 1 6 6 8
2 11 1 0 0 0 760 2 3 3 6
2 12 1 0 0 0 760 3 4 4 3
2 13 0 0 1 0 760 1 3 3 4
2 14 1 1 0 0 692 1 4 4 3
2 15 1 0 0 0 760 3 9 9 4
2 16 1 0 0 0 760 2 13 13 9
2 17 1 0 0 0 760 3 14 14 13
2 18 1 0 0 0 760 2 6 6 14
2 19 1 0 0 0 760 2 10 10 6
2 20 1 0 0 0 760 3 13 13 10
2 21 0 0 1 0 760 1 10 10 13
2 22 1 0 0 0 760 3 12 12 10
2 23 1 0 0 0 760 2 8 8 12
2 24 1 0 0 0 760 2 2 2 8
2 25 0 0 0 1 649 3 2 2 2
3 1 1 0 0 0 760 2 8 8 2
3 2 1 0 0 0 760 1 11 11 8
3 3 0 0 1 0 760 1 8 8 11
3 4 0 0 0 1 642 3 2 2 8
3 5 1 0 0 0 760 2 7 7 2
3 6 1 0 0 0 760 2 3 3 7
3 7 1 0 0 0 760 2 15 15 3
3 8 1 1 0 0 673 1 3 3 15
3 9 1 0 0 0 760 2 13 13 3
3 10 1 0 0 0 760 2 15 15 13
3 11 1 1 0 0 691 1 13 13 15
3 12 0 0 0 1 666 2 7 7 13
3 13 1 0 0 0 760 2 4 4 7
3 14 1 1 0 0 695 1 7 7 4
3 15 1 0 0 0 760 3 8 8 7
3 16 0 0 1 0 760 1 7 7 8
3 17 1 0 0 0 760 2 6 6 7
3 18 1 0 0 0 760 3 3 3 6
3 19 1 1 0 0 730 1 6 6 3
3 20 1 0 0 0 760 2 2 2 6
3 21 1 0 0 0 760 2 5 5 2
3 22 1 0 0 0 760 3 6 6 5
3 23 1 0 0 0 760 3 11 11 6
3 24 1 1 0 0 678 1 6 6 11
3 25 1 0 0 0 760 2 7 7 6
