1 1 1 0 0 0 760 2 5 5 0
1 2 1 0 0 0 760 1 6 6 5
1 3 0 0 1 0 760 1 5 5 6
1 4 1 0 0 0 760 2 13 13 5
1 5 1 0 0 0 760 2 15 15 13
1 6 1 0 0 0 760 3 10 10 15
1 7 0 0 0 1 690 3 10 10 10
1 8 1 0 0 0 760 3 14 14 10
1 9 1 0 0 0 760 2 8 8 14
1 10 1 0 0 0 760 2 4 4 8
1 11 1 0 0 0 760 2 3 3 4
1 12 1 0 0 0 760 3 8 8 3
1 13 1 0 0 0 760 3 15 15 8
1 14 1 0 0 0 760 2 7 7 15
1 15 1 0 0 0 760 2 5 5 7
1 16 0 0 1 0 760 1 7 7 5
1 17 1 0 0 0 760 3 12 12 7
1 18 1 0 0 0 760 2 2 2 12
1 19 0 0 0 1 681 2 11 11 2
1 20 1 0 0 0 760 2 3 3 11
1 21 1 0 0 0 760 3 10 10 3
1 22 1 1 0 0 715 1 3 3 10
1 23 1 0 0 0 760 2 15 15 3
1 24 1 1 0 0 729 1 3 3 15
1 25 1 0 0 0 760 2 8 8 3
2 1 1 0 0 0 760 1 6 6 8
2 2 1 0 0 0 760 2 3 3 6
2 3 1 0 0 0 760 2 11 11 3
2 4 1 0 0 0 760 2 15 15 11
2 5 0 0 1 0 760 1 11 11 15
2 6 1 0 0 0 760 2 12 12 11
2 7 1 0 0 0 760 3 7 7 12
2 8 1 1 0 0 671 1 12 12 7
2 9 0 0 1 0 760 1 7 7 12
2 10 1 0 0 0 760 2 5 5 7
2 11 1 1 0 0 648 1 7 7 5
2 12 0 0 1 0 760 1 5 5 7
2 13 1 0 0 0 760 2 12 12 5
2 14 1 1 0 0 572 1 5 5 12
2 15 0 0 0 1 574 2 5 5 5
2 16 1 0 0 0 760 3 14 14 5
2 17 1 0 0 0 760 2 11 11 14
2 18 1 1 0 0 677 1 14 14 11
2 19 1 0 0 0 760 2 4 4 14
2 20 1 0 0 0 760 3 10 10 4
2 21 1 0 0 0 760 3 12 12 10
2 22 1 0 0 0 760 2 15 15 12
2 23 1 0 0 0 760 2 1 1 15
2 24 1 0 0 0 760 3 13 13 1
2 25 1 0 0 0 760 2 6 6 13
3 1 1 0 0 0 760 2 7 7 6
3 2 1 0 0 0 760 2 2 2 7
3 3 1 0 0 0 760 2 6 6 2
3 4 1 0 0 0 760 2 4 4 6
3 5 1 0 0 0 760 3 7 7 4
3 6 1 0 0 0 760 3 11 11 7
3 7 1 0 0 0 760 3 1 1 11
3 8 0 0 1 0 760 1 11 11 1
3 9 1 0 0 0 760 3 8 8 11
3 10 1 1 0 0 635 1 11 11 8
3 11 1 0 0 0 760 2 2 2 11
3 12 1 0 0 0 760 2 15 15 2
3 13 1 1 0 0 760 1 2 2 15
3 14 1 0 0 0 760 3 12 12 2
3 15 1 1 0 0 648 1 2 2 12
3 16 0 0 1 0 760 1 12 12 2
3 17 1 1 0 0 719 1 2 2 12
3 18 1 0 0 0 760 2 6 6 2
3 19 1 1 0 0 676 1 2 2 6
3 20 1 0 0 0 760 2 7 7 2
3 21 1 1 0 0 694 1 2 2 7
3 22 1 0 0 0 760 2 6 6 2
3 23 1 1 0 0 680 1 2 2 6
3 24 0 0 1 0 760 1 6 6 2
3 25 1 1 0 0 579 1 2 2 6
