1 1 1 0 0 0 760 3 7 7 0
1 2 1 0 0 0 760 1 5 5 7
1 3 0 0 1 0 760 1 7 7 5
1 4 1 0 0 0 760 3 6 6 7
1 5 1 1 0 0 576 1 7 7 6
1 6 1 0 0 0 760 3 7 7 7
1 7 1 1 0 0 581 1 7 7 7
1 8 1 0 0 0 760 3 11 11 7
1 9 1 0 0 0 760 3 4 4 11
1 10 1 0 0 0 760 2 5 5 4
1 11 1 0 0 0 760 3 12 12 5
1 12 1 0 0 0 760 2 12 12 12
1 13 1 0 0 0 760 3 7 7 12
1 14 1 1 0 0 629 1 12 12 7
1 15 1 0 0 0 760 3 13 13 12
1 16 0 0 1 0 760 1 12 12 13
1 17 1 0 0 0 760 2 10 10 12
1 18 1 0 0 0 760 2 1 1 10
1 19 1 0 0 0 760 2 9 9 1
1 20 1 0 0 0 760 2 5 5 9
1 21 0 0 1 0 760 1 9 9 5
1 22 1 0 0 0 760 2 8 8 9
1 23 1 0 0 0 760 2 1 1 8
1 24 1 0 0 0 760 2 11 11 1
1 25 1 0 0 0 760 3 12 12 11
2 1 1 0 0 0 760 2 6 6 12
2 2 1 0 0 0 760 1 9 9 6
2 3 1 1 0 0 663 1 6 6 9
2 4 1 1 0 0 706 1 9 9 6
2 5 1 0 0 0 760 2 5 5 9
2 6 1 1 0 0 558 1 9 9 5
2 7 1 0 0 0 760 2 13 13 9
2 8 1 1 0 0 720 1 9 9 13
2 9 1 0 0 0 760 3 6 6 9
2 10 1 0 0 0 760 2 7 7 6
2 11 1 1 0 0 723 1 6 6 7
2 12 1 0 0 0 760 2 13 13 6
2 13 1 1 0 0 545 1 6 6 13
2 14 1 0 0 0 760 3 5 5 6
2 15 1 0 0 0 760 2 11 11 5
2 16 1 0 0 0 760 2 12 12 11
2 17 1 1 0 0 686 1 11 11 12
2 18 1 0 0 0 760 3 6 6 11
2 19 1 0 0 0 760 2 2 2 6
2 20 0 0 0 1 695 2 2 2 2
2 21 1 1 0 0 487 1 2 2 2
2 22 1 0 0 0 760 3 10 10 2
2 23 1 0 0 0 760 3 1 1 10
2 24 1 1 0 0 594 1 10 10 1
2 25 1 1 0 0 743 1 1 1 10
3 1 1 0 0 0 760 2 2 2 1
3 2 1 0 0 0 760 2 6 6 2
3 3 1 0 0 0 760 2 4 4 6
3 4 1 0 0 0 760 2 9 9 4
3 5 1 0 0 0 760 3 11 11 9
3 6 1 0 0 0 760 2 8 8 11
3 7 1 0 0 0 760 2 7 7 8
3 8 0 0 1 0 760 1 8 8 7
3 9 1 0 0 0 760 3 4 4 8
3 10 1 1 0 0 625 1 8 8 4
3 11 1 1 0 0 485 1 4 4 8
3 12 1 0 0 0 760 3 13 13 4
3 13 1 0 0 0 760 2 1 1 13
3 14 1 0 0 0 760 2 15 15 1
3 15 1 0 0 0 760 2 6 6 15
3 16 1 0 0 0 760 2 6 6 6
3 17 1 0 0 0 760 3 15 15 6
3 18 1 1 0 0 628 1 6 6 15
3 19 1 0 0 0 760 2 13 13 6
3 20 1 0 0 0 760 2 11 11 13
3 21 1 1 0 0 548 1 13 13 11
3 22 1 0 0 0 760 2 14 14 13
3 23 1 0 0 0 760 2 9 9 14
3 24 1 0 0 0 760 3 11 11 9
3 25 0 0 1 0 760 1 9 9 11
