1 1 1 0 0 0 760 2 13 13 0
1 2 1 0 0 0 760 1 13 13 13
1 3 1 0 0 0 760 3 15 15 13
1 4 1 1 0 0 645 1 13 13 15
1 5 1 0 0 0 760 3 9 9 13
1 6 1 1 0 0 581 1 13 13 9
1 7 1 0 0 0 760 3 12 12 13
1 8 1 0 0 0 760 3 15 15 12
1 9 1 1 0 0 528 1 12 12 15
1 10 1 0 0 0 760 3 2 2 12
1 11 0 0 1 0 760 1 12 12 2
1 12 1 0 0 0 760 3 5 5 12
1 13 1 0 0 0 760 3 4 4 5
1 14 1 1 0 0 661 1 5 5 4
1 15 1 0 0 0 760 3 15 15 5
1 16 0 0 1 0 760 1 5 5 15
1 17 1 0 0 0 760 3 8 8 5
1 18 1 1 0 0 650 1 5 5 8
1 19 1 0 0 0 760 3 14 14 5
1 20 0 0 1 0 760 1 5 5 14
1 21 1 0 0 0 760 3 8 8 5
1 22 1 0 0 0 760 2 4 4 8
1 23 1 0 0 0 760 2 3 3 4
1 24 1 0 0 0 760 3 1 1 3
1 25 1 0 0 0 760 2 10 10 1
2 1 1 0 0 0 760 1 5 5 10
2 2 1 0 0 0 760 2 12 12 5
2 3 1 0 0 0 760 3 6 6 12
2 4 1 0 0 0 760 2 1 1 6
2 5 1 0 0 0 760 2 5 5 1
2 6 0 0 0 1 629 3 5 5 5
2 7 1 0 0 0 760 3 1 1 5
2 8 1 1 0 0 694 1 5 5 1
2 9 1 0 0 0 760 3 6 6 5
2 10 0 0 1 0 760 1 5 5 6
2 11 1 0 0 0 760 3 9 9 5
2 12 1 1 0 0 652 1 5 5 9
2 13 1 0 0 0 760 2 2 2 5
2 14 1 0 0 0 760 2 6 6 2
2 15 0 0 1 0 760 1 2 2 6
2 16 1 1 0 0 669 1 6 6 2
2 17 1 0 0 0 760 2 8 8 6
2 18 1 0 0 0 760 2 12 12 8
2 19 1 0 0 0 760 3 4 4 12
2 20 1 1 0 0 750 1 12 12 4
2 21 1 1 0 0 684 1 4 4 12
2 22 1 0 0 0 760 2 9 9 4
2 23 0 0 1 0 760 1 4 4 9
2 24 1 0 0 0 760 3 14 14 4
2 25 0 0 1 0 760 1 4 4 14
3 1 1 0 0 0 760 3 12 12 4
3 2 1 0 0 0 760 2 1 1 12
3 3 1 0 0 0 760 2 13 13 1
3 4 1 0 0 0 760 2 8 8 13
3 5 1 1 0 0 631 1 13 13 8
3 6 1 0 0 0 760 2 14 14 13
3 7 1 1 0 0 714 1 13 13 14
3 8 1 0 0 0 760 2 4 4 13
3 9 1 0 0 0 760 3 2 2 4
3 10 1 1 0 0 670 1 4 4 2
3 11 1 0 0 0 760 3 6 6 4
3 12 1 1 0 0 609 1 4 4 6
3 13 1 0 0 0 760 3 1 1 4
3 14 1 0 0 0 760 3 6 6 1
3 15 1 0 0 0 760 3 9 9 6
3 16 1 0 0 0 760 2 10 10 9
3 17 1 1 0 0 746 1 9 9 10
3 18 1 0 0 0 760 2 15 15 9
3 19 1 1 0 0 687 1 9 9 15
3 20 1 0 0 0 760 2 14 14 9
3 21 1 0 0 0 760 3 5 5 14
3 22 1 0 0 0 760 3 13 13 5
3 23 1 0 0 0 760 3 1 1 13
3 24 1 0 0 0 760 3 12 12 1
3 25 1 1 0 0 728 1 1 1 12
