1 1 1 0 0 0 760 2 15 15 0
1 2 1 0 0 0 760 1 4 4 15
1 3 1 0 0 0 760 2 11 11 4
1 4 1 0 0 0 760 3 5 5 11
1 5 1 1 0 0 680 1 11 11 5
1 6 1 0 0 0 760 3 3 3 11
1 7 1 0 0 0 760 3 2 2 3
1 8 1 0 0 0 760 2 4 4 2
1 9 1 0 0 0 760 2 14 14 4
1 10 1 0 0 0 760 3 10 10 14
1 11 1 0 0 0 760 2 7 7 10
1 12 1 0 0 0 760 3 5 5 7
1 13 1 0 0 0 760 3 12 12 5
1 14 0 0 1 0 760 1 5 5 12
1 15 1 1 0 0 457 1 12 12 5
1 16 1 0 0 0 760 2 14 14 12
1 17 1 0 0 0 760 2 9 9 14
1 18 1 0 0 0 760 3 12 12 9
1 19 1 0 0 0 760 2 3 3 12
1 20 1 0 0 0 760 3 4 4 3
1 21 1 0 0 0 760 2 12 12 4
1 22 1 1 0 0 752 1 4 4 12
1 23 1 0 0 0 760 2 14 14 4
1 24 1 0 0 0 760 3 13 13 14
1 25 1 0 0 0 760 2 1 1 13
2 1 1 0 0 0 760 1 1 1 1
2 2 1 0 0 0 760 1 10 10 1
2 3 1 0 0 0 760 2 12 12 10
2 4 1 0 0 0 760 2 13 13 12
2 5 1 0 0 0 760 3 2 2 13
2 6 1 0 0 0 760 2 2 2 2
2 7 1 0 0 0 760 2 4 4 2
2 8 1 0 0 0 760 3 8 8 4
2 9 1 0 0 0 760 2 12 12 8
2 10 1 0 0 0 760 2 2 2 12
2 11 1 0 0 0 760 3 6 6 2
2 12 1 1 0 0 574 1 2 2 6
2 13 1 0 0 0 760 3 2 2 2
2 14 1 1 0 0 537 1 2 2 2
2 15 1 1 0 0 510 1 2 2 2
2 16 1 0 0 0 760 3 8 8 2
2 17 1 1 0 0 539 1 2 2 8
2 18 1 1 0 0 509 1 8 8 2
2 19 1 0 0 0 760 3 15 15 8
2 20 1 1 0 0 488 1 8 8 15
2 21 1 1 0 0 563 1 15 15 8
2 22 0 0 0 1 647 2 15 15 15
2 23 1 1 0 0 498 1 15 15 15
2 24 1 0 0 0 760 2 14 14 15
2 25 0 0 1 0 760 1 15 15 14
3 1 1 0 0 0 760 2 1 1 15
3 2 1 0 0 0 760 3 9 9 1
3 3 1 0 0 0 760 2 11 11 9
3 4 1 0 0 0 760 2 11 11 11
3 5 1 1 0 0 609 1 11 11 11
3 6 1 0 0 0 760 3 1 1 11
3 7 0 0 0 1 607 2 1 1 1
3 8 1 0 0 0 760 3 7 7 1
3 9 1 0 0 0 760 3 6 6 7
3 10 1 0 0 0 760 2 2 2 6
3 11 1 0 0 0 760 2 14 14 2
3 12 1 0 0 0 760 2 4 4 14
3 13 1 0 0 0 760 2 7 7 4
3 14 1 0 0 0 760 3 12 12 7
3 15 1 0 0 0 760 2 11 11 12
3 16 1 0 0 0 760 3 8 8 11
3 17 0 0 1 0 760 1 11 11 8
3 18 1 0 0 0 760 3 3 3 11
3 19 1 0 0 0 760 2 8 8 3
3 20 1 1 0 0 508 1 3 3 8
3 21 1 1 0 0 565 1 8 8 3
3 22 0 0 0 1 570 2 8 8 8
3 23 1 0 0 0 760 2 7 7 8
3 24 1 0 0 0 760 3 14 14 7
3 25 1 0 0 0 760 3 2 2 14
