1 1 1 0 0 0 760 1 8 8 0
1 2 1 0 0 0 760 3 9 9 8
1 3 1 0 0 0 760 2 7 7 9
1 4 1 0 0 0 760 2 6 6 7
1 5 1 0 0 0 760 3 6 6 6
1 6 1 1 0 0 501 1 6 6 6
1 7 1 0 0 0 760 3 1 1 6
1 8 1 1 0 0 677 1 6 6 1
1 9 1 0 0 0 760 2 4 4 6
1 10 1 0 0 0 760 3 2 2 4
1 11 0 0 0 1 624 2 2 2 2
1 12 1 0 0 0 760 2 7 7 2
1 13 1 0 0 0 760 2 4 4 7
1 14 1 0 0 0 760 2 8 8 4
1 15 0 0 1 0 760 1 4 4 8
1 16 1 0 0 0 760 3 13 13 4
1 17 1 0 0 0 760 3 12 12 13
1 18 0 0 1 0 760 1 13 13 12
1 19 1 0 0 0 760 2 3 3 13
1 20 0 0 1 0 760 1 13 13 3
1 21 1 0 0 0 760 3 14 14 13
1 22 1 0 0 0 760 2 11 11 14
1 23 1 0 0 0 760 3 7 7 11
1 24 1 0 0 0 760 3 6 6 7
1 25 1 0 0 0 760 3 13 13 6
2 1 1 0 0 0 760 2 10 10 13
2 2 1 0 0 0 760 3 11 11 10
2 3 1 0 0 0 760 2 3 3 11
2 4 0 0 1 0 760 1 11 11 3
2 5 1 1 0 0 451 1 3 3 11
2 6 1 0 0 0 760 2 2 2 3
2 7 1 0 0 0 760 3 11 11 2
2 8 1 0 0 0 760 3 5 5 11
2 9 1 0 0 0 760 2 3 3 5
2 10 1 0 0 0 760 3 7 7 3
2 11 0 0 1 0 760 1 3 3 7
2 12 0 0 1 0 760 1 7 7 3
2 13 1 0 0 0 760 3 13 13 7
2 14 1 0 0 0 760 3 11 11 13
2 15 1 0 0 0 760 3 15 15 11
2 16 1 0 0 0 760 3 2 2 15
2 17 0 0 1 0 760 1 15 15 2
2 18 0 0 1 0 760 1 2 2 15
2 19 1 0 0 0 760 2 11 11 2
2 20 1 0 0 0 760 2 7 7 11
2 21 1 0 0 0 760 2 9 9 7
2 22 1 0 0 0 760 2 4 4 9
2 23 0 0 1 0 760 1 9 9 4
2 24 1 1 0 0 714 1 4 4 9
2 25 0 0 1 0 760 1 9 9 4
3 1 1 0 0 0 760 3 14 14 9
3 2 1 0 0 0 760 3 10 10 14
3 3 1 0 0 0 760 2 13 13 10
3 4 1 0 0 0 760 3 12 12 13
3 5 1 1 0 0 682 1 13 13 12
3 6 1 0 0 0 760 2 1 1 13
3 7 1 1 0 0 613 1 13 13 1
3 8 0 0 0 1 588 3 13 13 13
3 9 1 0 0 0 760 2 7 7 13
3 10 0 0 1 0 760 1 13 13 7
3 11 1 0 0 0 760 2 4 4 13
3 12 1 1 0 0 584 1 13 13 4
3 13 1 0 0 0 760 3 14 14 13
3 14 1 1 0 0 630 1 13 13 14
3 15 1 0 0 0 760 3 1 1 13
3 16 1 0 0 0 760 3 11 11 1
3 17 1 1 0 0 688 1 1 1 11
3 18 1 0 0 0 760 3 2 2 1
3 19 1 0 0 0 760 3 3 3 2
3 20 0 0 0 1 670 2 3 3 3
3 21 1 0 0 0 760 2 15 15 3
3 22 0 0 1 0 760 1 3 3 15
3 23 1 0 0 0 760 2 8 8 3
3 24 1 1 0 0 641 1 3 3 8
3 25 1 0 0 0 760 3 10 10 3
