1 1 1 0 0 0 760 3 12 12 0
1 2 1 0 0 0 760 3 9 9 12
1 3 0 0 0 1 638 2 9 9 9
1 4 1 0 0 0 760 2 14 14 9
1 5 1 0 0 0 760 2 6 6 14
1 6 1 1 0 0 708 1 14 14 6
1 7 1 0 0 0 760 3 5 5 14
1 8 1 1 0 0 678 1 14 14 5
1 9 1 0 0 0 760 3 3 3 14
1 10 0 0 1 0 760 1 14 14 3
1 11 1 0 0 0 760 2 15 15 14
1 12 1 1 0 0 705 1 14 14 15
1 13 1 1 0 0 739 1 15 15 14
1 14 0 0 1 0 760 1 14 14 15
1 15 1 0 0 0 760 2 5 5 14
1 16 1 0 0 0 760 3 4 4 5
1 17 1 0 0 0 760 3 15 15 4
1 18 1 0 0 0 760 3 3 3 15
1 19 1 0 0 0 760 2 1 1 3
1 20 1 0 0 0 760 3 5 5 1
1 21 1 0 0 0 760 3 7 7 5
1 22 1 0 0 0 760 3 10 10 7
1 23 1 0 0 0 760 3 14 14 10
1 24 1 0 0 0 760 3 11 11 14
1 25 1 1 0 0 750 1 14 14 11
2 1 1 0 0 0 760 3 8 8 14
2 2 1 0 0 0 760 1 11 11 8
2 3 0 0 0 1 623 3 11 11 11
2 4 1 0 0 0 760 3 1 1 11
2 5 1 0 0 0 760 3 13 13 1
2 6 1 0 0 0 760 3 8 8 13
2 7 0 0 1 0 760 1 13 13 8
2 8 1 0 0 0 760 3 15 15 13
2 9 1 0 0 0 760 3 1 1 15
2 10 0 0 1 0 760 1 15 15 1
2 11 1 1 0 0 721 1 1 1 15
2 12 1 0 0 0 760 3 6 6 1
2 13 0 0 1 0 760 1 1 1 6
2 14 1 0 0 0 760 2 9 9 1
2 15 1 0 0 0 760 2 13 13 9
2 16 1 1 0 0 639 1 9 9 13
2 17 0 0 0 1 728 3 1 1 9
2 18 1 0 0 0 760 2 13 13 1
2 19 1 0 0 0 760 3 6 6 13
2 20 0 0 0 1 682 2 1 1 6
2 21 1 1 0 0 735 1 6 6 1
2 22 1 1 0 0 752 1 1 1 6
2 23 1 0 0 0 760 2 8 8 1
2 24 1 0 0 0 760 3 5 5 8
2 25 0 0 1 0 760 1 8 8 5
3 1 1 0 0 0 760 2 4 4 8
3 2 1 0 0 0 760 2 11 11 4
3 3 1 0 0 0 760 3 12 12 11
3 4 1 0 0 0 760 3 6 6 12
3 5 1 0 0 0 760 3 14 14 6
3 6 0 0 1 0 760 1 6 6 14
3 7 1 0 0 0 760 2 3 3 6
3 8 1 0 0 0 760 2 2 2 3
3 9 0 0 0 1 678 2 14 14 2
3 10 1 0 0 0 760 3 7 7 14
3 11 1 0 0 0 760 3 2 2 7
3 12 1 0 0 0 760 3 3 3 2
3 13 1 0 0 0 760 2 4 4 3
3 14 0 0 1 0 760 1 3 3 4
3 15 1 0 0 0 760 2 7 7 3
3 16 1 0 0 0 760 2 14 14 7
3 17 1 0 0 0 760 3 13 13 14
3 18 0 0 1 0 760 1 14 14 13
3 19 1 0 0 0 760 3 5 5 14
3 20 1 1 0 0 757 1 14 14 5
3 21 1 0 0 0 760 2 3 3 14
3 22 0 0 1 0 760 1 14 14 3
3 23 1 0 0 0 760 2 8 8 14
3 24 1 0 0 0 760 2 7 7 8
3 25 1 0 0 0 760 2 10 10 7
