1 1 1 0 0 0 760 2 7 7 0
1 2 1 0 0 0 760 2 3 3 7
1 3 1 0 0 0 760 3 9 9 3
1 4 1 1 0 0 672 1 3 3 9
1 5 1 0 0 0 760 3 5 5 3
1 6 1 0 0 0 760 3 8 8 5
1 7 1 0 0 0 760 3 1 1 8
1 8 1 1 0 0 605 1 8 8 1
1 9 1 0 0 0 760 2 6 6 8
1 10 1 1 0 0 685 1 8 8 6
1 11 1 0 0 0 760 3 14 14 8
1 12 1 1 0 0 644 1 8 8 14
1 13 1 0 0 0 760 3 3 3 8
1 14 1 1 0 0 673 1 8 8 3
1 15 1 1 0 0 725 1 3 3 8
1 16 1 0 0 0 760 2 1 1 3
1 17 1 0 0 0 760 3 9 9 1
1 18 1 0 0 0 760 2 14 14 9
1 19 1 0 0 0 760 2 3 3 14
1 20 1 0 0 0 760 2 5 5 3
1 21 1 0 0 0 760 2 7 7 5
1 22 1 0 0 0 760 2 4 4 7
1 23 1 0 0 0 760 2 12 12 4
1 24 1 1 0 0 695 1 4 4 12
1 25 1 0 0 0 760 3 13 13 4
2 1 1 0 0 0 760 2 8 8 13
2 2 1 0 0 0 760 1 6 6 8
2 3 1 0 0 0 760 3 5 5 6
2 4 1 1 0 0 516 1 6 6 5
2 5 1 1 0 0 506 1 5 5 6
2 6 1 0 0 0 760 2 8 8 5
2 7 1 0 0 0 760 3 14 14 8
2 8 1 1 0 0 557 1 8 8 14
2 9 1 0 0 0 760 3 2 2 8
2 10 1 0 0 0 760 3 14 14 2
2 11 1 1 0 0 612 1 2 2 14
2 12 1 0 0 0 760 3 2 2 2
2 13 1 0 0 0 760 2 13 13 2
2 14 1 0 0 0 760 2 4 4 13
2 15 1 0 0 0 760 2 10 10 4
2 16 1 0 0 0 760 3 3 3 10
2 17 1 0 0 0 760 2 4 4 3
2 18 1 0 0 0 760 3 11 11 4
2 19 1 0 0 0 760 3 1 1 11
2 20 1 0 0 0 760 2 2 2 1
2 21 1 1 0 0 519 1 1 1 2
2 22 1 0 0 0 760 2 8 8 1
2 23 1 0 0 0 760 3 4 4 8
2 24 1 0 0 0 760 2 1 1 4
2 25 1 1 0 0 588 1 4 4 1
3 1 1 0 0 0 760 1 8 8 4
3 2 1 0 0 0 760 2 10 10 8
3 3 1 0 0 0 760 2 15 15 10
3 4 1 0 0 0 760 3 15 15 15
3 5 1 0 0 0 760 2 12 12 15
3 6 1 0 0 0 760 3 5 5 12
3 7 1 0 0 0 760 3 5 5 5
3 8 1 0 0 0 760 2 3 3 5
3 9 1 1 0 0 554 1 5 5 3
3 10 1 1 0 0 560 1 3 3 5
3 11 1 1 0 0 676 1 5 5 3
3 12 1 0 0 0 760 2 4 4 5
3 13 1 0 0 0 760 2 8 8 4
3 14 1 0 0 0 760 2 5 5 8
3 15 1 0 0 0 760 2 15 15 5
3 16 1 1 0 0 520 1 5 5 15
3 17 1 1 0 0 538 1 15 15 5
3 18 1 0 0 0 760 2 12 12 15
3 19 1 1 0 0 735 1 15 15 12
3 20 1 0 0 0 760 2 11 11 15
3 21 1 1 0 0 593 1 15 15 11
3 22 1 1 0 0 591 1 11 11 15
3 23 1 0 0 0 760 3 13 13 11
3 24 0 0 0 1 588 3 13 13 13
3 25 1 0 0 0 760 3 15 15 13
