1 1 1 0 0 0 760 1 12 12 0
1 2 1 0 0 0 760 3 11 11 12
1 3 1 1 0 0 500 1 12 12 11
1 4 1 0 0 0 760 3 3 3 12
1 5 1 0 0 0 760 3 14 14 3
1 6 1 0 0 0 760 3 13 13 14
1 7 1 0 0 0 760 2 1 1 13
1 8 1 0 0 0 760 2 6 6 1
1 9 1 0 0 0 760 2 7 7 6
1 10 1 1 0 0 525 1 6 6 7
1 11 1 1 0 0 525 1 7 7 6
1 12 1 1 0 0 490 1 6 6 7
1 13 1 0 0 0 760 2 1 1 6
1 14 1 0 0 0 760 2 7 7 1
1 15 1 1 0 0 507 1 1 1 7
1 16 1 0 0 0 760 2 11 11 1
1 17 1 0 0 0 760 2 9 9 11
1 18 1 1 0 0 506 1 11 11 9
1 19 1 1 0 0 533 1 9 9 11
1 20 1 0 0 0 760 3 6 6 9
1 21 1 0 0 0 760 3 1 1 6
1 22 1 1 0 0 514 1 6 6 1
1 23 1 1 0 0 734 1 1 1 6
1 24 1 1 0 0 514 1 6 6 1
1 25 1 0 0 0 760 3 10 10 6
2 1 1 0 0 0 760 3 5 5 10
2 2 1 0 0 0 760 3 3 3 5
2 3 1 0 0 0 760 2 15 15 3
2 4 1 1 0 0 703 1 3 3 15
2 5 1 0 0 0 760 3 9 9 3
2 6 1 0 0 0 760 2 11 11 9
2 7 1 0 0 0 760 3 4 4 11
2 8 1 0 0 0 760 3 2 2 4
2 9 1 1 0 0 505 1 4 4 2
2 10 1 0 0 0 760 2 15 15 4
2 11 1 1 0 0 503 1 4 4 15
2 12 1 0 0 0 760 3 1 1 4
2 13 1 1 0 0 612 1 4 4 1
2 14 1 0 0 0 760 2 13 13 4
2 15 0 0 0 1 518 3 13 13 13
2 16 1 1 0 0 425 1 13 13 13
2 17 1 1 0 0 653 1 13 13 13
2 18 1 1 0 0 529 1 13 13 13
2 19 1 0 0 0 760 2 8 8 13
2 20 1 0 0 0 760 2 9 9 8
2 21 1 0 0 0 760 3 6 6 9
2 22 1 0 0 0 760 3 15 15 6
2 23 1 0 0 0 760 2 3 3 15
2 24 1 1 0 0 571 1 15 15 3
2 25 1 1 0 0 539 1 3 3 15
3 1 1 0 0 0 760 3 6 6 3
3 2 1 0 0 0 760 3 13 13 6
3 3 1 0 0 0 760 2 11 11 13
3 4 1 0 0 0 760 3 12 12 11
3 5 1 0 0 0 760 3 8 8 12
3 6 1 0 0 0 760 2 10 10 8
3 7 1 0 0 0 760 2 3 3 10
3 8 1 1 0 0 653 1 10 10 3
3 9 1 0 0 0 760 3 7 7 10
3 10 1 0 0 0 760 2 12 12 7
3 11 1 1 0 0 498 1 7 7 12
3 12 1 1 0 0 483 1 12 12 7
3 13 1 0 0 0 760 3 14 14 12
3 14 1 1 0 0 681 1 12 12 14
3 15 1 0 0 0 760 2 5 5 12
3 16 1 0 0 0 760 2 4 4 5
3 17 1 0 0 0 760 2 11 11 4
3 18 1 0 0 0 760 2 13 13 11
3 19 1 0 0 0 760 2 4 4 13
3 20 1 1 0 0 478 1 13 13 4
3 21 1 1 0 0 454 1 4 4 13
3 22 1 0 0 0 760 2 14 14 4
3 23 1 0 0 0 760 2 6 6 14
3 24 1 0 0 0 760 3 9 9 6
3 25 1 0 0 0 760 2 15 15 9
