1 1 1 0 0 0 760 1 13 13 0
1 2 1 0 0 0 760 1 14 14 13
1 3 1 0 0 0 760 2 6 6 14
1 4 1 1 0 0 586 1 14 14 6
1 5 1 0 0 0 760 3 11 11 14
1 6 1 0 0 0 760 3 2 2 11
1 7 1 1 0 0 737 1 11 11 2
1 8 1 0 0 0 760 3 6 6 11
1 9 1 1 0 0 573 1 11 11 6
1 10 1 0 0 0 760 2 13 13 11
1 11 1 0 0 0 760 2 6 6 13
1 12 1 1 0 0 529 1 13 13 6
1 13 1 0 0 0 760 3 4 4 13
1 14 1 0 0 0 760 2 7 7 4
1 15 1 0 0 0 760 3 13 13 7
1 16 1 0 0 0 760 2 10 10 13
1 17 1 0 0 0 760 2 6 6 10
1 18 1 0 0 0 760 2 3 3 6
1 19 1 0 0 0 760 2 1 1 3
1 20 1 0 0 0 760 3 6 6 1
1 21 1 0 0 0 760 3 14 14 6
1 22 1 1 0 0 537 1 6 6 14
1 23 1 0 0 0 760 2 4 4 6
1 24 1 0 0 0 760 3 1 1 4
1 25 1 1 0 0 537 1 4 4 1
2 1 1 0 0 0 760 3 9 9 4
2 2 1 0 0 0 760 3 7 7 9
2 3 0 0 1 0 760 1 9 9 7
2 4 1 0 0 0 760 3 1 1 9
2 5 1 1 0 0 514 1 9 9 1
2 6 1 0 0 0 760 3 2 2 9
2 7 1 0 0 0 760 2 13 13 2
2 8 1 0 0 0 760 3 6 6 13
2 9 1 0 0 0 760 2 12 12 6
2 10 0 0 1 0 760 1 6 6 12
2 11 1 0 0 0 760 3 11 11 6
2 12 1 0 0 0 760 2 5 5 11
2 13 1 0 0 0 760 3 10 10 5
2 14 1 1 0 0 611 1 5 5 10
2 15 1 1 0 0 561 1 10 10 5
2 16 1 1 0 0 617 1 5 5 10
2 17 1 0 0 0 760 3 11 11 5
2 18 1 0 0 0 760 3 15 15 11
2 19 0 0 0 1 525 3 2 2 15
2 20 1 0 0 0 760 2 11 11 2
2 21 1 0 0 0 760 2 15 15 11
2 22 1 0 0 0 760 2 8 8 15
2 23 1 0 0 0 760 3 13 13 8
2 24 0 0 1 0 760 1 8 8 13
2 25 1 0 0 0 760 2 8 8 8
3 1 1 0 0 0 760 2 1 1 8
3 2 1 0 0 0 760 3 12 12 1
3 3 1 0 0 0 760 3 10 10 12
3 4 0 0 1 0 760 1 12 12 10
3 5 1 0 0 0 760 2 2 2 12
3 6 0 0 1 0 760 1 12 12 2
3 7 1 1 0 0 706 1 2 2 12
3 8 1 0 0 0 760 3 3 3 2
3 9 1 1 0 0 701 1 2 2 3
3 10 1 0 0 0 760 2 7 7 2
3 11 1 0 0 0 760 2 15 15 7
3 12 0 0 1 0 760 1 7 7 15
3 13 1 1 0 0 490 1 15 15 7
3 14 1 0 0 0 760 3 1 1 15
3 15 1 1 0 0 436 1 15 15 1
3 16 1 0 0 0 760 3 2 2 15
3 17 0 0 0 1 601 2 1 1 2
3 18 1 0 0 0 760 3 10 10 1
3 19 1 1 0 0 590 1 1 1 10
3 20 1 0 0 0 760 3 8 8 1
3 21 1 1 0 0 676 1 1 1 8
3 22 0 0 0 1 659 3 15 15 1
3 23 1 0 0 0 760 3 12 12 15
3 24 1 0 0 0 760 3 10 10 12
3 25 1 0 0 0 760 3 2 2 10
