1 1 1 0 0 0 760 3 14 14 0
1 2 1 0 0 0 760 3 1 1 14
1 3 1 1 0 0 526 1 14 14 1
1 4 1 1 0 0 485 1 1 1 14
1 5 1 0 0 0 760 2 13 13 1
1 6 1 1 0 0 578 1 1 1 13
1 7 1 0 0 0 760 2 14 14 1
1 8 1 0 0 0 760 2 6 6 14
1 9 1 0 0 0 760 3 9 9 6
1 10 1 0 0 0 760 3 9 9 9
1 11 1 0 0 0 760 3 4 4 9
1 12 1 0 0 0 760 2 15 15 4
1 13 1 0 0 0 760 3 13 13 15
1 14 1 0 0 0 760 2 13 13 13
1 15 1 0 0 0 760 2 9 9 13
1 16 1 0 0 0 760 2 14 14 9
1 17 1 1 0 0 579 1 9 9 14
1 18 1 1 0 0 588 1 14 14 9
1 19 1 0 0 0 760 3 8 8 14
1 20 1 1 0 0 549 1 14 14 8
1 21 1 0 0 0 760 3 15 15 14
1 22 1 0 0 0 760 2 8 8 15
1 23 1 0 0 0 760 2 1 1 8
1 24 1 0 0 0 760 2 5 5 1
1 25 0 0 1 0 760 1 1 1 5
2 1 1 0 0 0 760 2 15 15 1
2 2 1 0 0 0 760 2 11 11 15
2 3 1 0 0 0 760 3 5 5 11
2 4 1 0 0 0 760 2 4 4 5
2 5 1 1 0 0 708 1 5 5 4
2 6 1 1 0 0 503 1 4 4 5
2 7 1 0 0 0 760 3 13 13 4
2 8 1 1 0 0 476 1 4 4 13
2 9 1 1 0 0 479 1 13 13 4
2 10 1 0 0 0 760 3 14 14 13
2 11 1 1 0 0 665 1 13 13 14
2 12 1 1 0 0 589 1 14 14 13
2 13 1 0 0 0 760 3 10 10 14
2 14 1 1 0 0 471 1 14 14 10
2 15 1 1 0 0 504 1 10 10 14
2 16 1 1 0 0 466 1 14 14 10
2 17 1 0 0 0 760 3 3 3 14
2 18 1 0 0 0 760 3 15 15 3
2 19 1 0 0 0 760 3 10 10 15
2 20 1 1 0 0 497 1 15 15 10
2 21 1 0 0 0 760 3 4 4 15
2 22 1 0 0 0 760 3 9 9 4
2 23 1 0 0 0 760 2 12 12 9
2 24 1 0 0 0 760 3 14 14 12
2 25 1 0 0 0 760 2 5 5 14
3 1 1 0 0 0 760 3 6 6 5
3 2 1 0 0 0 760 1 8 8 6
3 3 1 0 0 0 760 3 1 1 8
3 4 1 0 0 0 760 2 12 12 1
3 5 1 1 0 0 556 1 1 1 12
3 6 1 0 0 0 760 3 9 9 1
3 7 1 0 0 0 760 3 7 7 9
3 8 1 0 0 0 760 2 2 2 7
3 9 1 1 0 0 480 1 7 7 2
3 10 1 1 0 0 506 1 2 2 7
3 11 1 0 0 0 760 3 3 3 2
3 12 1 0 0 0 760 2 3 3 3
3 13 1 1 0 0 483 1 3 3 3
3 14 1 0 0 0 760 3 6 6 3
3 15 1 1 0 0 687 1 3 3 6
3 16 1 0 0 0 760 2 8 8 3
3 17 1 1 0 0 533 1 3 3 8
3 18 1 0 0 0 760 2 13 13 3
3 19 1 1 0 0 487 1 3 3 13
3 20 1 0 0 0 760 3 7 7 3
3 21 1 0 0 0 760 3 14 14 7
3 22 1 0 0 0 760 3 12 12 14
3 23 1 0 0 0 760 3 11 11 12
3 24 1 0 0 0 760 3 7 7 11
3 25 1 0 0 0 760 3 9 9 7
