1 1 1 0 0 0 760 3 3 3 0
1 2 1 0 0 0 760 2 11 11 3
1 3 1 0 0 0 760 3 8 8 11
1 4 1 1 0 0 615 1 11 11 8
1 5 1 0 0 0 760 3 3 3 11
1 6 1 0 0 0 760 2 8 8 3
1 7 1 0 0 0 760 3 15 15 8
1 8 1 0 0 0 760 3 9 9 15
1 9 1 1 0 0 584 1 15 15 9
1 10 1 1 0 0 541 1 9 9 15
1 11 1 0 0 0 760 2 14 14 9
1 12 1 0 0 0 760 2 6 6 14
1 13 1 0 0 0 760 3 10 10 6
1 14 0 0 1 0 760 1 6 6 10
1 15 0 0 1 0 760 1 10 10 6
1 16 1 1 0 0 695 1 6 6 10
1 17 1 0 0 0 760 3 5 5 6
1 18 1 1 0 0 515 1 6 6 5
1 19 1 1 0 0 523 1 5 5 6
1 20 1 0 0 0 760 2 7 7 5
1 21 1 0 0 0 760 3 11 11 7
1 22 1 0 0 0 760 2 1 1 11
1 23 1 0 0 0 760 2 12 12 1
1 24 1 0 0 0 760 2 3 3 12
1 25 1 0 0 0 760 3 9 9 3
2 1 1 0 0 0 760 1 1 1 9
2 2 1 0 0 0 760 3 7 7 1
2 3 1 0 0 0 760 3 4 4 7
2 4 1 0 0 0 760 2 15 15 4
2 5 1 0 0 0 760 3 13 13 15
2 6 1 0 0 0 760 2 8 8 13
2 7 1 0 0 0 760 2 5 5 8
2 8 1 1 0 0 628 1 8 8 5
2 9 1 0 0 0 760 2 9 9 8
2 10 1 0 0 0 760 3 4 4 9
2 11 1 0 0 0 760 2 13 13 4
2 12 1 1 0 0 562 1 4 4 13
2 13 1 0 0 0 760 2 9 9 4
2 14 1 0 0 0 760 3 6 6 9
2 15 1 1 0 0 521 1 9 9 6
2 16 1 0 0 0 760 2 10 10 9
2 17 1 1 0 0 445 1 9 9 10
2 18 1 0 0 0 760 3 6 6 9
2 19 1 0 0 0 760 3 8 8 6
2 20 1 0 0 0 760 3 12 12 8
2 21 1 0 0 0 760 3 10 10 12
2 22 1 0 0 0 760 2 11 11 10
2 23 1 1 0 0 539 1 10 10 11
2 24 1 1 0 0 556 1 11 11 10
2 25 1 1 0 0 530 1 10 10 11
3 1 1 0 0 0 760 2 7 7 10
3 2 1 0 0 0 760 3 13 13 7
3 3 1 0 0 0 760 2 11 11 13
3 4 1 1 0 0 676 1 13 13 11
3 5 1 0 0 0 760 3 2 2 13
3 6 1 0 0 0 760 2 2 2 2
3 7 1 1 0 0 469 1 2 2 2
3 8 1 0 0 0 760 2 3 3 2
3 9 1 0 0 0 760 2 5 5 3
3 10 1 0 0 0 760 3 11 11 5
3 11 1 1 0 0 692 1 5 5 11
3 12 1 0 0 0 760 3 3 3 5
3 13 1 0 0 0 760 2 10 10 3
3 14 1 0 0 0 760 2 5 5 10
3 15 0 0 0 1 621 2 5 5 5
3 16 1 0 0 0 760 2 7 7 5
3 17 1 0 0 0 760 3 7 7 7
3 18 1 1 0 0 641 1 7 7 7
3 19 1 0 0 0 760 2 13 13 7
3 20 0 0 1 0 760 1 7 7 13
3 21 0 0 1 0 760 1 13 13 7
3 22 1 0 0 0 760 2 10 10 13
3 23 1 0 0 0 760 3 2 2 10
3 24 1 1 0 0 488 1 10 10 2
3 25 1 0 0 0 760 3 10 10 10
