1 1 1 0 0 0 760 1 7 7 0
1 2 1 0 0 0 760 3 5 5 7
1 3 1 0 0 0 760 3 9 9 5
1 4 1 0 0 0 760 2 8 8 9
1 5 1 1 0 0 539 1 9 9 8
1 6 1 0 0 0 760 3 4 4 9
1 7 1 1 0 0 550 1 9 9 4
1 8 0 0 0 1 574 3 9 9 9
1 9 1 0 0 0 760 2 1 1 9
1 10 1 0 0 0 760 3 8 8 1
1 11 1 0 0 0 760 3 5 5 8
1 12 1 1 0 0 579 1 8 8 5
1 13 1 0 0 0 760 3 13 13 8
1 14 1 0 0 0 760 2 1 1 13
1 15 1 0 0 0 760 2 2 2 1
1 16 1 0 0 0 760 2 11 11 2
1 17 1 0 0 0 760 2 10 10 11
1 18 1 0 0 0 760 2 3 3 10
1 19 1 0 0 0 760 3 15 15 3
1 20 1 1 0 0 750 1 3 3 15
1 21 1 0 0 0 760 3 5 5 3
1 22 1 0 0 0 760 2 9 9 5
1 23 1 0 0 0 760 2 3 3 9
1 24 1 1 0 0 628 1 9 9 3
1 25 1 0 0 0 760 3 15 15 9
2 1 1 0 0 0 760 1 5 5 15
2 2 1 0 0 0 760 3 12 12 5
2 3 1 1 0 0 582 1 5 5 12
2 4 1 0 0 0 760 2 8 8 5
2 5 1 1 0 0 642 1 5 5 8
2 6 1 0 0 0 760 2 13 13 5
2 7 1 0 0 0 760 3 2 2 13
2 8 1 0 0 0 760 3 7 7 2
2 9 1 0 0 0 760 2 13 13 7
2 10 1 0 0 0 760 3 1 1 13
2 11 1 0 0 0 760 3 6 6 1
2 12 1 0 0 0 760 2 9 9 6
2 13 1 0 0 0 760 3 5 5 9
2 14 1 0 0 0 760 3 4 4 5
2 15 1 0 0 0 760 3 11 11 4
2 16 1 0 0 0 760 3 13 13 11
2 17 1 0 0 0 760 3 12 12 13
2 18 1 1 0 0 512 1 13 13 12
2 19 1 1 0 0 510 1 12 12 13
2 20 1 0 0 0 760 3 15 15 12
2 21 1 0 0 0 760 2 7 7 15
2 22 1 0 0 0 760 3 10 10 7
2 23 1 1 0 0 474 1 7 7 10
2 24 1 1 0 0 475 1 10 10 7
2 25 1 0 0 0 760 2 12 12 10
3 1 1 0 0 0 760 2 9 9 12
3 2 1 0 0 0 760 1 14 14 9
3 3 1 0 0 0 760 2 4 4 14
3 4 1 0 0 0 760 3 9 9 4
3 5 0 0 1 0 760 1 4 4 9
3 6 1 0 0 0 760 3 14 14 4
3 7 1 0 0 0 760 3 5 5 14
3 8 1 0 0 0 760 2 2 2 5
3 9 1 0 0 0 760 2 4 4 2
3 10 1 0 0 0 760 3 4 4 4
3 11 1 1 0 0 429 1 4 4 4
3 12 1 0 0 0 760 3 2 2 4
3 13 1 1 0 0 566 1 4 4 2
3 14 1 0 0 0 760 3 8 8 4
3 15 1 0 0 0 760 2 7 7 8
3 16 1 0 0 0 760 2 1 1 7
3 17 1 0 0 0 760 2 3 3 1
3 18 1 0 0 0 760 2 7 7 3
3 19 1 0 0 0 760 3 6 6 7
3 20 1 0 0 0 760 2 11 11 6
3 21 1 0 0 0 760 3 12 12 11
3 22 1 0 0 0 760 3 8 8 12
3 23 0 0 0 1 506 2 8 8 8
3 24 1 0 0 0 760 3 1 1 8
3 25 1 0 0 0 760 3 9 9 1
