1 1 1 0 0 0 760 2 15 15 0
1 2 1 0 0 0 760 1 4 4 15
1 3 1 0 0 0 760 3 4 4 4
1 4 1 0 0 0 760 3 14 14 4
1 5 1 0 0 0 760 3 2 2 14
1 6 1 0 0 0 760 2 9 9 2
1 7 1 0 0 0 760 3 1 1 9
1 8 1 1 0 0 515 1 9 9 1
1 9 1 0 0 0 760 2 5 5 9
1 10 1 1 0 0 503 1 9 9 5
1 11 1 1 0 0 530 1 5 5 9
1 12 1 0 0 0 760 3 13 13 5
1 13 1 1 0 0 556 1 5 5 13
1 14 1 1 0 0 589 1 13 13 5
1 15 1 0 0 0 760 2 3 3 13
1 16 1 0 0 0 760 3 8 8 3
1 17 1 0 0 0 760 2 12 12 8
1 18 1 0 0 0 760 3 9 9 12
1 19 1 0 0 0 760 2 8 8 9
1 20 1 1 0 0 501 1 9 9 8
1 21 0 0 0 1 594 2 9 9 9
1 22 1 1 0 0 594 1 9 9 9
1 23 1 0 0 0 760 2 5 5 9
1 24 1 0 0 0 760 3 4 4 5
1 25 0 0 1 0 760 1 5 5 4
2 1 1 0 0 0 760 3 14 14 5
2 2 1 0 0 0 760 2 8 8 14
2 3 1 1 0 0 490 1 14 14 8
2 4 1 0 0 0 760 2 2 2 14
2 5 1 0 0 0 760 3 2 2 2
2 6 1 0 0 0 760 2 6 6 2
2 7 1 0 0 0 760 3 9 9 6
2 8 1 0 0 0 760 2 14 14 9
2 9 1 0 0 0 760 2 1 1 14
2 10 1 1 0 0 609 1 14 14 1
2 11 1 1 0 0 552 1 1 1 14
2 12 1 1 0 0 597 1 14 14 1
2 13 1 1 0 0 498 1 1 1 14
2 14 1 1 0 0 531 1 14 14 1
2 15 1 1 0 0 523 1 1 1 14
2 16 1 0 0 0 760 3 2 2 1
2 17 1 1 0 0 572 1 1 1 2
2 18 1 1 0 0 481 1 2 2 1
2 19 1 1 0 0 504 1 1 1 2
2 20 1 0 0 0 760 3 9 9 1
2 21 1 0 0 0 760 2 6 6 9
2 22 0 0 0 1 526 2 6 6 6
2 23 1 0 0 0 760 3 14 14 6
2 24 1 0 0 0 760 2 3 3 14
2 25 1 1 0 0 747 1 14 14 3
3 1 1 0 0 0 760 2 4 4 14
3 2 1 0 0 0 760 3 9 9 4
3 3 1 0 0 0 760 3 11 11 9
3 4 1 0 0 0 760 2 2 2 11
3 5 1 0 0 0 760 2 6 6 2
3 6 1 0 0 0 760 3 9 9 6
3 7 1 0 0 0 760 3 10 10 9
3 8 0 0 1 0 760 1 9 9 10
3 9 1 0 0 0 760 2 6 6 9
3 10 1 0 0 0 760 2 13 13 6
3 11 1 1 0 0 593 1 6 6 13
3 12 1 1 0 0 511 1 13 13 6
3 13 1 0 0 0 760 3 14 14 13
3 14 1 1 0 0 473 1 13 13 14
3 15 1 0 0 0 760 2 3 3 13
3 16 1 0 0 0 760 2 2 2 3
3 17 1 0 0 0 760 3 13 13 2
3 18 1 1 0 0 476 1 2 2 13
3 19 1 0 0 0 760 3 12 12 2
3 20 1 0 0 0 760 2 13 13 12
3 21 0 0 0 1 680 3 13 13 13
3 22 1 0 0 0 760 3 15 15 13
3 23 1 1 0 0 682 1 13 13 15
3 24 1 1 0 0 666 1 15 15 13
3 25 1 1 0 0 490 1 13 13 15
