1 1 1 0 0 0 760 3 6 6 0
1 2 1 0 0 0 760 2 14 14 6
1 3 1 0 0 0 760 3 13 13 14
1 4 1 1 0 0 705 1 14 14 13
1 5 1 1 0 0 441 1 13 13 14
1 6 1 0 0 0 760 3 1 1 13
1 7 1 1 0 0 622 1 13 13 1
1 8 1 0 0 0 760 3 3 3 13
1 9 1 0 0 0 760 3 15 15 3
1 10 1 1 0 0 529 1 3 3 15
1 11 1 0 0 0 760 2 3 3 3
1 12 1 0 0 0 760 3 12 12 3
1 13 1 0 0 0 760 2 14 14 12
1 14 1 0 0 0 760 2 13 13 14
1 15 1 1 0 0 527 1 14 14 13
1 16 1 0 0 0 760 2 4 4 14
1 17 1 1 0 0 525 1 14 14 4
1 18 1 0 0 0 760 2 14 14 14
1 19 1 0 0 0 760 2 8 8 14
1 20 0 0 1 0 760 1 14 14 8
1 21 1 0 0 0 760 2 2 2 14
1 22 1 1 0 0 574 1 14 14 2
1 23 1 0 0 0 760 2 7 7 14
1 24 1 0 0 0 760 2 6 6 7
1 25 1 0 0 0 760 2 9 9 6
2 1 1 0 0 0 760 2 4 4 9
2 2 1 0 0 0 760 1 14 14 4
2 3 1 0 0 0 760 2 12 12 14
2 4 1 1 0 0 476 1 14 14 12
2 5 1 1 0 0 494 1 12 12 14
2 6 1 0 0 0 760 2 13 13 12
2 7 1 1 0 0 540 1 12 12 13
2 8 1 0 0 0 760 3 6 6 12
2 9 1 0 0 0 760 2 6 6 6
2 10 1 0 0 0 760 3 7 7 6
2 11 1 0 0 0 760 3 11 11 7
2 12 1 1 0 0 566 1 7 7 11
2 13 1 0 0 0 760 2 12 12 7
2 14 1 0 0 0 760 3 3 3 12
2 15 1 0 0 0 760 2 5 5 3
2 16 1 0 0 0 760 2 2 2 5
2 17 1 0 0 0 760 2 10 10 2
2 18 1 0 0 0 760 2 1 1 10
2 19 0 0 1 0 760 1 10 10 1
2 20 1 0 0 0 760 3 8 8 10
2 21 1 0 0 0 760 3 7 7 8
2 22 1 0 0 0 760 2 9 9 7
2 23 1 0 0 0 760 3 15 15 9
2 24 1 1 0 0 615 1 9 9 15
2 25 1 0 0 0 760 3 6 6 9
3 1 1 0 0 0 760 3 14 14 6
3 2 1 0 0 0 760 1 4 4 14
3 3 1 0 0 0 760 3 2 2 4
3 4 1 0 0 0 760 2 12 12 2
3 5 1 0 0 0 760 3 4 4 12
3 6 1 1 0 0 526 1 12 12 4
3 7 1 1 0 0 554 1 4 4 12
3 8 1 0 0 0 760 2 8 8 4
3 9 1 0 0 0 760 2 10 10 8
3 10 1 0 0 0 760 2 15 15 10
3 11 1 0 0 0 760 3 5 5 15
3 12 1 0 0 0 760 2 13 13 5
3 13 0 0 1 0 760 1 5 5 13
3 14 1 0 0 0 760 3 2 2 5
3 15 0 0 0 1 621 2 13 13 2
3 16 1 0 0 0 760 2 1 1 13
3 17 1 0 0 0 760 3 2 2 1
3 18 1 0 0 0 760 2 14 14 2
3 19 1 0 0 0 760 2 8 8 14
3 20 1 0 0 0 760 3 12 12 8
3 21 1 0 0 0 760 2 1 1 12
3 22 1 0 0 0 760 3 7 7 1
3 23 1 0 0 0 760 3 9 9 7
3 24 1 0 0 0 760 2 13 13 9
3 25 0 0 1 0 760 1 9 9 13
