1 1 1 0 0 0 760 3 4 4 0
1 2 1 0 0 0 760 3 13 13 4
1 3 0 0 1 0 760 1 4 4 13
1 4 1 0 0 0 760 3 14 14 4
1 5 1 0 0 0 760 3 15 15 14
1 6 1 0 0 0 760 3 5 5 15
1 7 1 0 0 0 760 2 6 6 5
1 8 1 0 0 0 760 3 3 3 6
1 9 1 0 0 0 760 3 1 1 3
1 10 1 0 0 0 760 2 13 13 1
1 11 1 0 0 0 760 3 11 11 13
1 12 1 0 0 0 760 3 11 11 11
1 13 0 0 1 0 502 1 11 11 11
1 14 1 1 0 0 641 1 11 11 11
1 15 1 1 0 0 548 1 11 11 11
1 16 1 1 0 0 641 1 11 11 11
1 17 1 0 0 0 760 3 5 5 11
1 18 1 0 0 0 760 2 3 3 5
1 19 1 1 0 0 602 1 5 5 3
1 20 1 0 0 0 760 3 11 11 5
1 21 1 1 0 0 679 1 5 5 11
1 22 1 0 0 0 760 2 4 4 5
1 23 1 0 0 0 760 2 13 13 4
1 24 1 0 0 0 760 2 10 10 13
1 25 1 0 0 0 760 2 14 14 10
2 1 1 0 0 0 760 2 4 4 14
2 2 1 0 0 0 760 3 7 7 4
2 3 1 0 0 0 760 2 10 10 7
2 4 1 1 0 0 639 1 7 7 10
2 5 1 0 0 0 760 2 2 2 7
2 6 1 0 0 0 760 3 14 14 2
2 7 1 0 0 0 760 2 4 4 14
2 8 1 0 0 0 760 2 1 1 4
2 9 1 1 0 0 590 1 4 4 1
2 10 1 1 0 0 575 1 1 1 4
2 11 1 0 0 0 760 3 2 2 1
2 12 1 0 0 0 760 3 9 9 2
2 13 1 0 0 0 760 2 4 4 9
2 14 1 1 0 0 637 1 9 9 4
2 15 1 0 0 0 760 2 5 5 9
2 16 1 0 0 0 760 3 11 11 5
2 17 1 0 0 0 760 3 4 4 11
2 18 1 1 0 0 519 1 11 11 4
2 19 1 0 0 0 760 3 7 7 11
2 20 1 1 0 0 502 1 11 11 7
2 21 1 1 0 0 539 1 7 7 11
2 22 1 1 0 0 547 1 11 11 7
2 23 1 0 0 0 760 2 8 8 11
2 24 1 1 0 0 635 1 11 11 8
2 25 1 1 0 0 619 1 8 8 11
3 1 1 0 0 0 760 1 5 5 8
3 2 1 0 0 0 760 3 3 3 5
3 3 1 1 0 0 541 1 5 5 3
3 4 1 0 0 0 760 2 1 1 5
3 5 1 1 0 0 495 1 5 5 1
3 6 1 1 0 0 636 1 1 1 5
3 7 1 1 0 0 560 1 5 5 1
3 8 1 0 0 0 760 2 14 14 5
3 9 1 0 0 0 760 2 11 11 14
3 10 1 0 0 0 760 3 15 15 11
3 11 1 0 0 0 760 2 4 4 15
3 12 1 0 0 0 760 3 5 5 4
3 13 1 0 0 0 760 2 2 2 5
3 14 1 0 0 0 760 2 7 7 2
3 15 1 0 0 0 760 2 1 1 7
3 16 1 0 0 0 760 2 2 2 1
3 17 1 1 0 0 501 1 1 1 2
3 18 1 1 0 0 526 1 2 2 1
3 19 1 0 0 0 760 2 4 4 2
3 20 1 0 0 0 760 3 8 8 4
3 21 1 0 0 0 760 3 2 2 8
3 22 1 0 0 0 760 3 14 14 2
3 23 1 0 0 0 760 3 7 7 14
3 24 1 0 0 0 760 3 3 3 7
3 25 1 1 0 0 628 1 7 7 3
