1 1 1 0 0 0 760 3 8 8 0
1 2 1 0 0 0 760 2 15 15 8
1 3 1 0 0 0 760 2 15 15 15
1 4 1 0 0 0 760 3 10 10 15
1 5 1 1 0 0 529 1 15 15 10
1 6 1 0 0 0 760 3 5 5 15
1 7 1 0 0 0 760 2 11 11 5
1 8 1 0 0 0 760 2 8 8 11
1 9 0 0 1 0 760 1 11 11 8
1 10 0 0 0 1 556 3 11 11 11
1 11 1 0 0 0 760 2 12 12 11
1 12 1 0 0 0 760 2 3 3 12
1 13 1 0 0 0 760 2 14 14 3
1 14 1 0 0 0 760 3 11 11 14
1 15 1 0 0 0 760 3 12 12 11
1 16 1 0 0 0 760 2 2 2 12
1 17 1 0 0 0 760 2 14 14 2
1 18 1 0 0 0 760 2 5 5 14
1 19 1 0 0 0 760 3 5 5 5
1 20 1 0 0 0 760 3 10 10 5
1 21 1 0 0 0 760 2 11 11 10
1 22 1 1 0 0 742 1 10 10 11
1 23 1 0 0 0 760 3 14 14 10
1 24 1 1 0 0 530 1 10 10 14
1 25 1 1 0 0 455 1 14 14 10
2 1 1 0 0 0 760 2 5 5 14
2 2 1 0 0 0 760 3 10 10 5
2 3 1 1 0 0 547 1 5 5 10
2 4 1 0 0 0 760 3 15 15 5
2 5 1 0 0 0 760 2 12 12 15
2 6 1 1 0 0 508 1 15 15 12
2 7 1 1 0 0 734 1 12 12 15
2 8 1 0 0 0 760 3 9 9 12
2 9 1 0 0 0 760 3 8 8 9
2 10 1 0 0 0 760 2 7 7 8
2 11 1 0 0 0 760 2 5 5 7
2 12 1 1 0 0 468 1 7 7 5
2 13 1 1 0 0 527 1 5 5 7
2 14 1 0 0 0 760 2 11 11 5
2 15 1 1 0 0 514 1 5 5 11
2 16 1 1 0 0 540 1 11 11 5
2 17 1 0 0 0 760 2 3 3 11
2 18 1 1 0 0 650 1 11 11 3
2 19 1 1 0 0 601 1 3 3 11
2 20 1 1 0 0 527 1 11 11 3
2 21 1 0 0 0 760 2 5 5 11
2 22 1 0 0 0 760 2 7 7 5
2 23 1 0 0 0 760 2 14 14 7
2 24 1 0 0 0 760 2 14 14 14
2 25 1 1 0 0 471 1 14 14 14
3 1 1 0 0 0 760 3 12 12 14
3 2 1 0 0 0 760 3 2 2 12
3 3 1 1 0 0 490 1 12 12 2
3 4 1 1 0 0 544 1 2 2 12
3 5 1 0 0 0 760 3 11 11 2
3 6 1 0 0 0 760 3 15 15 11
3 7 1 1 0 0 536 1 11 11 15
3 8 1 1 0 0 610 1 15 15 11
3 9 1 0 0 0 760 3 8 8 15
3 10 1 0 0 0 760 3 10 10 8
3 11 1 1 0 0 628 1 8 8 10
3 12 1 1 0 0 710 1 10 10 8
3 13 1 1 0 0 552 1 8 8 10
3 14 1 1 0 0 521 1 10 10 8
3 15 1 0 0 0 760 2 12 12 10
3 16 1 0 0 0 760 3 3 3 12
3 17 1 0 0 0 760 2 8 8 3
3 18 1 0 0 0 760 3 9 9 8
3 19 1 0 0 0 760 2 11 11 9
3 20 1 1 0 0 584 1 9 9 11
3 21 1 0 0 0 760 3 14 14 9
3 22 1 0 0 0 760 2 11 11 14
3 23 1 0 0 0 760 3 8 8 11
3 24 1 0 0 0 760 3 10 10 8
3 25 1 0 0 0 760 3 4 4 10
