1 1 1 0 0 0 760 3 10 10 0
1 2 1 0 0 0 760 1 13 13 10
1 3 1 0 0 0 760 2 4 4 13
1 4 1 0 0 0 760 3 7 7 4
1 5 1 0 0 0 760 3 14 14 7
1 6 0 0 1 0 760 1 7 7 14
1 7 1 0 0 0 760 3 15 15 7
1 8 0 0 1 0 760 1 7 7 15
1 9 1 0 0 0 760 2 12 12 7
1 10 1 0 0 0 760 2 3 3 12
1 11 1 0 0 0 760 3 3 3 3
1 12 1 0 0 0 760 3 8 8 3
1 13 0 0 1 0 760 1 3 3 8
1 14 1 0 0 0 760 3 4 4 3
1 15 0 0 1 0 760 1 3 3 4
1 16 1 0 0 0 760 3 3 3 3
1 17 0 0 1 0 760 1 3 3 3
1 18 0 0 1 0 760 1 3 3 3
1 19 0 0 1 0 760 1 3 3 3
1 20 1 0 0 0 760 2 11 11 3
1 21 1 0 0 0 760 3 1 1 11
1 22 1 0 0 0 760 2 12 12 1
1 23 0 0 1 0 760 1 1 1 12
1 24 1 0 0 0 760 3 3 3 1
1 25 1 0 0 0 760 2 12 12 3
2 1 1 0 0 0 760 3 5 5 12
2 2 1 0 0 0 760 1 13 13 5
2 3 1 0 0 0 760 3 12 12 13
2 4 1 0 0 0 760 2 4 4 12
2 5 1 0 0 0 760 2 8 8 4
2 6 1 0 0 0 760 3 12 12 8
2 7 1 1 0 0 707 1 8 8 12
2 8 1 0 0 0 760 3 5 5 8
2 9 1 0 0 0 760 2 9 9 5
2 10 0 0 1 0 760 1 5 5 9
2 11 1 0 0 0 760 2 10 10 5
2 12 1 0 0 0 760 2 3 3 10
2 13 1 1 0 0 502 1 10 10 3
2 14 1 0 0 0 760 2 2 2 10
2 15 1 0 0 0 760 2 3 3 2
2 16 1 0 0 0 760 3 5 5 3
2 17 0 0 1 0 760 1 3 3 5
2 18 1 0 0 0 760 2 2 2 3
2 19 1 0 0 0 760 3 11 11 2
2 20 1 1 0 0 401 1 2 2 11
2 21 1 1 0 0 684 1 11 11 2
2 22 1 1 0 0 602 1 2 2 11
2 23 1 1 0 0 516 1 11 11 2
2 24 1 0 0 0 760 2 10 10 11
2 25 0 0 0 1 714 3 10 10 10
3 1 1 0 0 0 760 3 15 15 10
3 2 1 0 0 0 760 1 6 6 15
3 3 1 0 0 0 760 2 4 4 6
3 4 0 0 1 0 760 1 6 6 4
3 5 1 0 0 0 760 3 5 5 6
3 6 1 0 0 0 760 2 12 12 5
3 7 1 0 0 0 760 3 1 1 12
3 8 1 0 0 0 760 3 14 14 1
3 9 1 0 0 0 760 3 3 3 14
3 10 1 0 0 0 760 2 12 12 3
3 11 1 1 0 0 610 1 3 3 12
3 12 1 0 0 0 760 2 14 14 3
3 13 1 0 0 0 760 2 7 7 14
3 14 0 0 0 1 723 3 7 7 7
3 15 1 0 0 0 760 2 13 13 7
3 16 1 1 0 0 734 1 7 7 13
3 17 1 0 0 0 760 2 1 1 7
3 18 1 1 0 0 517 1 7 7 1
3 19 0 0 0 1 547 2 14 14 7
3 20 1 0 0 0 760 3 10 10 14
3 21 1 1 0 0 536 1 14 14 10
3 22 1 0 0 0 760 3 3 3 14
3 23 0 0 1 0 760 1 14 14 3
3 24 0 0 1 0 760 1 3 3 14
3 25 1 0 0 0 760 2 8 8 3
