1 1 1 0 0 0 760 2 5 5 0
1 2 1 0 0 0 760 1 13 13 5
1 3 1 0 0 0 760 3 2 2 13
1 4 1 0 0 0 760 2 12 12 2
1 5 1 0 0 0 760 3 9 9 12
1 6 1 0 0 0 760 3 13 13 9
1 7 1 0 0 0 760 3 12 12 13
1 8 0 0 1 0 760 1 13 13 12
1 9 0 0 1 0 760 1 12 12 13
1 10 1 0 0 0 760 2 9 9 12
1 11 0 0 1 0 760 1 12 12 9
1 12 1 0 0 0 760 2 12 12 12
1 13 0 0 1 0 760 1 12 12 12
1 14 1 0 0 0 760 2 1 1 12
1 15 1 0 0 0 760 3 4 4 1
1 16 1 0 0 0 760 3 10 10 4
1 17 1 0 0 0 760 3 1 1 10
1 18 1 0 0 0 760 2 8 8 1
1 19 0 0 1 0 760 1 1 1 8
1 20 1 0 0 0 760 2 12 12 1
1 21 1 0 0 0 760 2 15 15 12
1 22 1 0 0 0 760 3 8 8 15
1 23 1 0 0 0 760 3 10 10 8
1 24 1 0 0 0 760 2 3 3 10
1 25 1 0 0 0 760 3 2 2 3
2 1 1 0 0 0 760 2 7 7 2
2 2 1 0 0 0 760 2 10 10 7
2 3 1 0 0 0 760 3 3 3 10
2 4 1 0 0 0 760 3 6 6 3
2 5 1 0 0 0 760 2 5 5 6
2 6 1 0 0 0 760 3 15 15 5
2 7 1 0 0 0 760 3 13 13 15
2 8 1 0 0 0 760 2 14 14 13
2 9 1 0 0 0 760 3 10 10 14
2 10 0 0 1 0 760 1 14 14 10
2 11 1 0 0 0 760 3 8 8 14
2 12 1 1 0 0 710 1 14 14 8
2 13 1 0 0 0 760 2 4 4 14
2 14 1 0 0 0 760 2 9 9 4
2 15 1 0 0 0 760 2 8 8 9
2 16 1 1 0 0 601 1 9 9 8
2 17 0 0 1 0 760 1 8 8 9
2 18 0 0 1 0 760 1 9 9 8
2 19 1 0 0 0 760 3 11 11 9
2 20 1 1 0 0 475 1 9 9 11
2 21 1 1 0 0 498 1 11 11 9
2 22 1 0 0 0 760 3 11 11 11
2 23 0 0 1 0 760 1 11 11 11
2 24 1 0 0 0 760 2 8 8 11
2 25 1 0 0 0 760 2 6 6 8
3 1 1 0 0 0 760 2 2 2 6
3 2 1 0 0 0 760 1 4 4 2
3 3 1 0 0 0 760 2 3 3 4
3 4 0 0 1 0 760 1 4 4 3
3 5 1 0 0 0 760 3 13 13 4
3 6 1 0 0 0 760 2 5 5 13
3 7 1 0 0 0 760 3 1 1 5
3 8 1 0 0 0 760 3 3 3 1
3 9 1 0 0 0 760 2 10 10 3
3 10 1 1 0 0 537 1 3 3 10
3 11 1 0 0 0 760 3 9 9 3
3 12 0 0 1 0 760 1 3 3 9
3 13 0 0 1 0 760 1 9 9 3
3 14 0 0 0 1 723 3 9 9 9
3 15 1 0 0 0 760 2 2 2 9
3 16 1 1 0 0 511 1 9 9 2
3 17 0 0 0 1 674 2 9 9 9
3 18 1 0 0 0 760 2 15 15 9
3 19 1 0 0 0 760 3 11 11 15
3 20 0 0 1 0 760 1 15 15 11
3 21 1 0 0 0 760 2 3 3 15
3 22 1 0 0 0 760 3 8 8 3
3 23 1 0 0 0 760 2 9 9 8
3 24 1 0 0 0 760 3 2 2 9
3 25 1 0 0 0 760 2 7 7 2
