1 1 1 0 0 0 760 2 5 5 0
1 2 1 0 0 0 760 1 12 12 5
1 3 1 0 0 0 760 2 14 14 12
1 4 1 0 0 0 760 2 10 10 14
1 5 1 0 0 0 760 2 6 6 10
1 6 0 0 1 0 760 1 10 10 6
1 7 1 0 0 0 760 3 10 10 10
1 8 1 0 0 0 760 2 15 15 10
1 9 1 0 0 0 760 3 7 7 15
1 10 1 0 0 0 760 3 1 1 7
1 11 1 0 0 0 760 3 5 5 1
1 12 1 0 0 0 760 2 8 8 5
1 13 1 0 0 0 760 3 13 13 8
1 14 0 0 1 0 760 1 8 8 13
1 15 0 0 1 0 760 1 13 13 8
1 16 1 0 0 0 760 3 7 7 13
1 17 1 0 0 0 760 2 4 4 7
1 18 1 0 0 0 760 3 2 2 4
1 19 1 0 0 0 760 2 2 2 2
1 20 1 0 0 0 760 3 12 12 2
1 21 1 0 0 0 760 2 7 7 12
1 22 1 0 0 0 760 3 10 10 7
1 23 0 0 1 0 760 1 7 7 10
1 24 1 0 0 0 760 3 2 2 7
1 25 0 0 1 0 760 1 7 7 2
2 1 1 0 0 0 760 3 6 6 7
2 2 1 0 0 0 760 3 6 6 6
2 3 1 1 0 0 467 1 6 6 6
2 4 1 0 0 0 760 3 8 8 6
2 5 1 1 0 0 549 1 6 6 8
2 6 1 0 0 0 760 2 2 2 6
2 7 1 0 0 0 760 3 12 12 2
2 8 1 0 0 0 760 3 15 15 12
2 9 1 1 0 0 414 1 12 12 15
2 10 1 0 0 0 760 3 1 1 12
2 11 1 0 0 0 760 3 15 15 1
2 12 1 0 0 0 760 3 3 3 15
2 13 1 1 0 0 573 1 15 15 3
2 14 1 0 0 0 760 3 1 1 15
2 15 1 0 0 0 760 3 1 1 1
2 16 1 1 0 0 578 1 1 1 1
2 17 1 0 0 0 760 3 6 6 1
2 18 1 1 0 0 577 1 1 1 6
2 19 1 1 0 0 553 1 6 6 1
2 20 1 0 0 0 760 2 11 11 6
2 21 1 0 0 0 760 2 12 12 11
2 22 1 0 0 0 760 2 7 7 12
2 23 1 0 0 0 760 2 15 15 7
2 24 1 0 0 0 760 2 14 14 15
2 25 0 0 0 1 715 3 14 14 14
3 1 1 0 0 0 760 1 9 9 14
3 2 1 0 0 0 760 2 3 3 9
3 3 0 0 1 0 760 1 9 9 3
3 4 0 0 1 0 760 1 3 3 9
3 5 1 1 0 0 556 1 9 9 3
3 6 1 1 0 0 566 1 3 3 9
3 7 1 0 0 0 760 2 13 13 3
3 8 1 0 0 0 760 2 14 14 13
3 9 1 0 0 0 760 3 3 3 14
3 10 0 0 1 0 760 1 14 14 3
3 11 1 0 0 0 760 2 4 4 14
3 12 1 1 0 0 621 1 14 14 4
3 13 1 1 0 0 553 1 4 4 14
3 14 1 0 0 0 760 3 7 7 4
3 15 0 0 1 0 760 1 4 4 7
3 16 1 1 0 0 578 1 7 7 4
3 17 1 0 0 0 760 3 6 6 7
3 18 1 0 0 0 760 3 8 8 6
3 19 1 1 0 0 624 1 6 6 8
3 20 1 0 0 0 760 3 5 5 6
3 21 1 0 0 0 760 3 15 15 5
3 22 1 0 0 0 760 2 8 8 15
3 23 1 0 0 0 760 2 6 6 8
3 24 1 0 0 0 760 2 2 2 6
3 25 0 0 1 0 760 1 6 6 2
