1 1 1 0 0 0 760 2 14 14 0
1 2 1 0 0 0 760 2 5 5 14
1 3 1 0 0 0 760 3 9 9 5
1 4 0 0 1 0 760 1 5 5 9
1 5 1 0 0 0 760 3 3 3 5
1 6 0 0 1 0 657 1 5 5 3
1 7 0 0 1 0 760 1 3 3 5
1 8 1 0 0 0 760 3 4 4 3
1 9 1 0 0 0 459 3 8 8 4
1 10 1 0 0 0 760 3 5 5 8
1 11 1 0 0 0 760 3 6 6 5
1 12 1 0 0 0 760 2 12 12 6
1 13 1 0 0 0 760 3 5 5 12
1 14 1 0 0 0 760 2 13 13 5
1 15 1 0 0 0 760 2 2 2 13
1 16 1 0 0 0 760 3 11 11 2
1 17 0 0 1 0 660 1 2 2 11
1 18 1 0 0 0 760 3 12 12 2
1 19 0 0 1 0 483 1 2 2 12
1 20 1 0 0 0 760 3 13 13 2
1 21 0 0 1 0 575 1 2 2 13
1 22 1 0 0 0 760 2 1 1 2
1 23 1 0 0 0 760 3 7 7 1
1 24 0 0 1 0 641 1 1 1 7
1 25 1 0 0 0 760 2 5 5 1
2 1 1 0 0 0 760 1 15 15 5
2 2 1 0 0 0 760 2 13 13 15
2 3 1 0 0 0 760 2 10 10 13
2 4 0 0 1 0 760 1 13 13 10
2 5 1 0 0 0 760 2 5 5 13
2 6 1 0 0 0 760 3 8 8 5
2 7 1 0 0 0 760 3 12 12 8
2 8 1 0 0 0 760 3 13 13 12
2 9 0 0 0 1 749 2 5 5 13
2 10 0 0 1 0 760 1 13 13 5
2 11 1 0 0 0 760 2 11 11 13
2 12 1 0 0 0 760 2 9 9 11
2 13 1 0 0 0 760 3 4 4 9
2 14 1 0 0 0 760 3 15 15 4
2 15 1 0 0 0 760 2 6 6 15
2 16 1 0 0 0 760 3 14 14 6
2 17 1 0 0 0 760 3 2 2 14
2 18 1 0 0 0 760 3 12 12 2
2 19 1 0 0 0 760 3 8 8 12
2 20 1 0 0 0 760 3 10 10 8
2 21 1 0 0 0 760 3 1 1 10
2 22 0 0 1 0 760 1 10 10 1
2 23 0 0 1 0 760 1 1 1 10
2 24 1 0 0 0 760 2 9 9 1
2 25 1 0 0 0 760 2 9 9 9
3 1 1 0 0 0 760 1 14 14 9
3 2 1 0 0 0 760 3 4 4 14
3 3 0 0 1 0 760 1 14 14 4
3 4 1 0 0 0 760 2 7 7 14
3 5 1 0 0 0 760 3 5 5 7
3 6 1 0 0 0 760 3 5 5 5
3 7 1 0 0 0 760 2 4 4 5
3 8 1 0 0 0 760 2 8 8 4
3 9 1 0 0 0 760 3 5 5 8
3 10 1 0 0 0 760 2 12 12 5
3 11 0 0 1 0 760 1 5 5 12
3 12 0 0 1 0 760 1 12 12 5
3 13 0 0 1 0 760 1 5 5 12
3 14 1 0 0 0 760 2 9 9 5
3 15 1 1 0 0 489 1 5 5 9
3 16 1 0 0 0 760 2 15 15 5
3 17 1 0 0 0 760 2 1 1 15
3 18 1 0 0 0 760 3 14 14 1
3 19 0 0 0 1 729 3 14 14 14
3 20 0 0 1 0 760 1 14 14 14
3 21 0 0 1 0 760 1 14 14 14
3 22 1 0 0 0 760 3 8 8 14
3 23 0 0 1 0 760 1 14 14 8
3 24 0 0 1 0 760 1 8 8 14
3 25 1 0 0 0 760 2 13 13 8
