1 1 1 0 0 0 760 2 5 5 0
1 2 1 0 0 0 760 1 11 11 5
1 3 0 0 1 0 760 1 5 5 11
1 4 1 0 0 0 760 2 7 7 5
1 5 0 0 1 0 760 1 5 5 7
1 6 1 0 0 0 760 3 12 12 5
1 7 0 0 1 0 760 1 5 5 12
1 8 1 0 0 0 760 2 11 11 5
1 9 1 0 0 0 760 3 11 11 11
1 10 1 0 0 0 760 3 14 14 11
1 11 1 0 0 0 760 2 13 13 14
1 12 1 0 0 0 760 3 2 2 13
1 13 1 0 0 0 760 3 12 12 2
1 14 1 0 0 0 760 3 1 1 12
1 15 0 0 1 0 760 1 12 12 1
1 16 1 0 0 0 760 3 15 15 12
1 17 0 0 1 0 760 1 12 12 15
1 18 0 0 1 0 760 1 15 15 12
1 19 1 0 0 0 760 3 13 13 15
1 20 1 0 0 0 760 2 14 14 13
1 21 0 0 1 0 760 1 13 13 14
1 22 1 0 0 0 760 3 15 15 13
1 23 0 0 1 0 760 1 13 13 15
1 24 1 0 0 0 760 3 3 3 13
1 25 1 0 0 0 760 3 9 9 3
2 1 1 0 0 0 760 1 9 9 9
2 2 1 0 0 0 760 3 4 4 9
2 3 1 0 0 0 760 2 11 11 4
2 4 1 0 0 0 760 3 7 7 11
2 5 1 0 0 0 760 3 13 13 7
2 6 0 0 1 0 760 1 7 7 13
2 7 1 0 0 0 760 3 1 1 7
2 8 1 0 0 0 760 3 12 12 1
2 9 0 0 1 0 760 1 1 1 12
2 10 1 0 0 0 760 2 11 11 1
2 11 1 1 0 0 652 1 1 1 11
2 12 1 0 0 0 760 2 4 4 1
2 13 1 0 0 0 760 2 13 13 4
2 14 0 0 1 0 760 1 4 4 13
2 15 0 0 1 0 760 1 13 13 4
2 16 0 0 1 0 760 1 4 4 13
2 17 1 1 0 0 734 1 13 13 4
2 18 1 0 0 0 760 2 1 1 13
2 19 1 0 0 0 760 3 5 5 1
2 20 1 0 0 0 760 3 4 4 5
2 21 1 0 0 0 760 3 6 6 4
2 22 1 0 0 0 760 2 1 1 6
2 23 1 0 0 0 760 3 12 12 1
2 24 1 0 0 0 760 3 14 14 12
2 25 1 0 0 0 760 3 7 7 14
3 1 1 0 0 0 760 2 13 13 7
3 2 1 0 0 0 760 1 3 3 13
3 3 1 0 0 0 760 3 12 12 3
3 4 1 0 0 0 760 3 14 14 12
3 5 1 0 0 0 760 2 5 5 14
3 6 1 1 0 0 751 1 14 14 5
3 7 0 0 1 0 760 1 5 5 14
3 8 1 0 0 0 760 3 2 2 5
3 9 1 0 0 0 760 2 7 7 2
3 10 1 1 0 0 600 1 2 2 7
3 11 1 0 0 0 760 2 3 3 2
3 12 1 0 0 0 760 3 1 1 3
3 13 0 0 1 0 760 1 3 3 1
3 14 0 0 1 0 760 1 1 1 3
3 15 1 0 0 0 760 2 12 12 1
3 16 1 0 0 0 760 3 14 14 12
3 17 1 0 0 0 760 2 15 15 14
3 18 1 0 0 0 760 2 12 12 15
3 19 1 0 0 0 760 3 10 10 12
3 20 1 0 0 0 760 2 8 8 10
3 21 1 0 0 0 760 3 9 9 8
3 22 1 0 0 0 760 3 4 4 9
3 23 1 0 0 0 760 3 1 1 4
3 24 0 0 0 1 647 3 1 1 1
3 25 0 0 1 0 760 1 1 1 1
