1 1 1 0 0 0 760 3 13 13 0
1 2 1 0 0 0 760 2 14 14 13
1 3 1 0 0 0 760 2 12 12 14
1 4 0 0 1 0 760 1 14 14 12
1 5 0 0 1 0 760 1 12 12 14
1 6 1 0 0 0 760 2 2 2 12
1 7 1 0 0 0 760 2 1 1 2
1 8 1 0 0 0 760 3 1 1 1
1 9 1 1 0 0 749 1 1 1 1
1 10 1 0 0 0 760 3 13 13 1
1 11 1 1 0 0 614 1 1 1 13
1 12 0 0 1 0 760 1 13 13 1
1 13 1 1 0 0 614 1 1 1 13
1 14 1 0 0 0 760 3 2 2 1
1 15 1 0 0 0 760 2 7 7 2
1 16 1 0 0 0 760 3 11 11 7
1 17 1 1 0 0 678 1 7 7 11
1 18 1 0 0 0 760 3 15 15 7
1 19 1 0 0 0 760 2 14 14 15
1 20 1 1 0 0 700 1 15 15 14
1 21 1 0 0 0 760 3 6 6 15
1 22 1 0 0 0 760 3 10 10 6
1 23 1 0 0 0 760 3 1 1 10
1 24 1 0 0 0 760 2 11 11 1
1 25 1 0 0 0 760 2 12 12 11
2 1 1 0 0 0 760 2 2 2 12
2 2 1 0 0 0 760 2 3 3 2
2 3 0 0 1 0 760 1 2 2 3
2 4 1 0 0 0 760 2 9 9 2
2 5 1 0 0 0 760 3 15 15 9
2 6 1 0 0 0 760 3 1 1 15
2 7 1 0 0 0 760 2 5 5 1
2 8 1 0 0 0 760 2 3 3 5
2 9 0 0 1 0 760 1 5 5 3
2 10 1 1 0 0 659 1 3 3 5
2 11 1 0 0 0 760 2 6 6 3
2 12 1 0 0 0 760 2 10 10 6
2 13 1 0 0 0 760 2 3 3 10
2 14 1 1 0 0 653 1 10 10 3
2 15 0 0 1 0 760 1 3 3 10
2 16 1 1 0 0 525 1 10 10 3
2 17 1 0 0 0 760 3 13 13 10
2 18 1 0 0 0 760 3 11 11 13
2 19 1 0 0 0 760 3 6 6 11
2 20 0 0 1 0 760 1 11 11 6
2 21 1 0 0 0 760 3 8 8 11
2 22 1 1 0 0 541 1 11 11 8
2 23 1 0 0 0 760 3 2 2 11
2 24 1 1 0 0 704 1 11 11 2
2 25 1 1 0 0 540 1 2 2 11
3 1 1 0 0 0 760 3 2 2 2
3 2 0 0 0 1 543 3 13 13 2
3 3 1 0 0 0 760 3 12 12 13
3 4 1 0 0 0 760 2 8 8 12
3 5 1 1 0 0 614 1 12 12 8
3 6 1 0 0 0 760 2 13 13 12
3 7 0 0 0 1 576 2 13 13 13
3 8 1 0 0 0 760 2 12 12 13
3 9 1 0 0 0 760 3 9 9 12
3 10 1 0 0 0 760 2 5 5 9
3 11 1 0 0 0 760 3 7 7 5
3 12 1 1 0 0 741 1 5 5 7
3 13 1 1 0 0 667 1 7 7 5
3 14 1 0 0 0 760 3 11 11 7
3 15 1 1 0 0 680 1 7 7 11
3 16 1 0 0 0 760 3 10 10 7
3 17 1 0 0 0 760 2 9 9 10
3 18 1 0 0 0 760 3 14 14 9
3 19 0 0 1 0 760 1 9 9 14
3 20 1 0 0 0 760 3 3 3 9
3 21 1 0 0 0 760 3 12 12 3
3 22 0 0 1 0 760 1 3 3 12
3 23 1 0 0 0 760 2 4 4 3
3 24 1 0 0 0 760 2 12 12 4
3 25 1 1 0 0 662 1 4 4 12
