1 1 1 0 0 0 760 1 10 10 0
1 2 1 0 0 0 760 1 2 2 10
1 3 0 0 1 0 760 1 10 10 2
1 4 0 0 1 0 760 1 2 2 10
1 5 0 0 1 0 760 1 10 10 2
1 6 1 0 0 0 760 3 8 8 10
1 7 1 1 0 0 680 1 10 10 8
1 8 1 0 0 0 760 3 12 12 10
1 9 1 0 0 0 760 2 14 14 12
1 10 1 1 0 0 663 1 12 12 14
1 11 0 0 1 0 760 1 14 14 12
1 12 1 0 0 0 760 2 2 2 14
1 13 1 1 0 0 634 1 14 14 2
1 14 1 0 0 0 760 2 6 6 14
1 15 0 0 0 1 553 3 2 2 6
1 16 1 0 0 0 760 3 10 10 2
1 17 1 0 0 0 760 3 1 1 10
1 18 1 0 0 0 760 2 12 12 1
1 19 1 0 0 0 760 3 14 14 12
1 20 0 0 1 0 760 1 12 12 14
1 21 0 0 0 1 731 3 12 12 12
1 22 0 0 1 0 760 1 12 12 12
1 23 1 0 0 0 760 2 11 11 12
1 24 1 0 0 0 760 2 9 9 11
1 25 1 0 0 0 760 3 14 14 9
2 1 1 0 0 0 760 3 3 3 14
2 2 1 0 0 0 760 1 2 2 3
2 3 1 1 0 0 644 1 3 3 2
2 4 1 0 0 0 760 3 4 4 3
2 5 1 0 0 0 760 2 9 9 4
2 6 1 1 0 0 686 1 4 4 9
2 7 1 0 0 0 760 3 4 4 4
2 8 1 0 0 0 760 2 2 2 4
2 9 1 0 0 0 760 2 10 10 2
2 10 1 0 0 0 760 2 12 12 10
2 11 1 0 0 0 760 2 15 15 12
2 12 1 0 0 0 760 3 13 13 15
2 13 0 0 0 1 707 3 10 10 13
2 14 0 0 1 0 760 1 13 13 10
2 15 1 0 0 0 760 2 15 15 13
2 16 1 0 0 0 760 3 11 11 15
2 17 1 0 0 0 760 2 4 4 11
2 18 0 0 1 0 760 1 11 11 4
2 19 1 0 0 0 760 2 10 10 11
2 20 1 1 0 0 623 1 11 11 10
2 21 1 0 0 0 760 2 6 6 11
2 22 1 0 0 0 760 3 2 2 6
2 23 1 0 0 0 760 3 15 15 2
2 24 1 0 0 0 760 3 15 15 15
2 25 1 0 0 0 760 3 10 10 15
3 1 1 0 0 0 760 1 14 14 10
3 2 1 0 0 0 760 2 2 2 14
3 3 1 0 0 0 760 3 6 6 2
3 4 1 0 0 0 760 3 9 9 6
3 5 1 0 0 0 760 3 9 9 9
3 6 1 0 0 0 760 3 10 10 9
3 7 1 0 0 0 760 3 2 2 10
3 8 1 1 0 0 745 1 10 10 2
3 9 1 0 0 0 760 3 10 10 10
3 10 0 0 1 0 760 1 10 10 10
3 11 1 0 0 0 760 3 4 4 10
3 12 1 0 0 0 760 2 11 11 4
3 13 1 0 0 0 760 3 2 2 11
3 14 1 1 0 0 708 1 11 11 2
3 15 1 0 0 0 760 3 5 5 11
3 16 1 0 0 0 760 3 4 4 5
3 17 1 0 0 0 760 3 10 10 4
3 18 1 0 0 0 760 2 13 13 10
3 19 1 0 0 0 760 2 14 14 13
3 20 0 0 1 0 760 1 13 13 14
3 21 1 0 0 0 760 3 5 5 13
3 22 1 0 0 0 760 3 1 1 5
3 23 1 1 0 0 717 1 5 5 1
3 24 0 0 1 0 760 1 1 1 5
3 25 1 0 0 0 760 2 15 15 1
