1 1 1 0 0 0 760 3 15 15 0
1 2 1 0 0 0 760 3 3 3 15
1 3 1 0 0 0 760 3 3 3 3
1 4 0 0 1 0 760 1 3 3 3
1 5 1 0 0 0 760 2 6 6 3
1 6 0 0 1 0 760 1 3 3 6
1 7 1 0 0 0 760 3 12 12 3
1 8 1 0 0 0 760 2 5 5 12
1 9 1 0 0 0 760 2 8 8 5
1 10 1 1 0 0 668 1 5 5 8
1 11 1 0 0 0 760 2 7 7 5
1 12 1 0 0 0 760 2 8 8 7
1 13 0 0 0 1 559 3 4 4 8
1 14 1 0 0 0 760 3 15 15 4
1 15 1 1 0 0 688 1 4 4 15
1 16 1 0 0 0 760 2 8 8 4
1 17 1 0 0 0 760 2 1 1 8
1 18 1 0 0 0 760 3 9 9 1
1 19 1 1 0 0 690 1 1 1 9
1 20 1 0 0 0 760 2 11 11 1
1 21 0 0 1 0 760 1 1 1 11
1 22 1 0 0 0 760 2 9 9 1
1 23 1 1 0 0 655 1 1 1 9
1 24 1 1 0 0 719 1 9 9 1
1 25 1 0 0 0 760 3 12 12 9
2 1 1 0 0 0 760 2 6 6 12
2 2 1 0 0 0 760 2 13 13 6
2 3 1 1 0 0 603 1 6 6 13
2 4 1 0 0 0 760 3 3 3 6
2 5 1 0 0 0 760 3 12 12 3
2 6 1 0 0 0 760 3 9 9 12
2 7 1 0 0 0 760 3 5 5 9
2 8 1 1 0 0 748 1 9 9 5
2 9 1 0 0 0 760 2 2 2 9
2 10 1 0 0 0 760 2 13 13 2
2 11 1 1 0 0 630 1 2 2 13
2 12 1 0 0 0 760 3 10 10 2
2 13 1 0 0 0 760 2 4 4 10
2 14 1 0 0 0 760 2 7 7 4
2 15 1 0 0 0 760 3 6 6 7
2 16 0 0 1 0 760 1 7 7 6
2 17 0 0 1 0 760 1 6 6 7
2 18 1 0 0 0 760 3 10 10 6
2 19 1 0 0 0 760 3 5 5 10
2 20 1 0 0 0 760 2 14 14 5
2 21 1 1 0 0 678 1 5 5 14
2 22 1 0 0 0 760 2 6 6 5
2 23 1 1 0 0 640 1 5 5 6
2 24 1 0 0 0 760 2 15 15 5
2 25 1 0 0 0 760 3 11 11 15
3 1 1 0 0 0 760 3 7 7 11
3 2 1 0 0 0 760 1 8 8 7
3 3 1 1 0 0 688 1 7 7 8
3 4 1 1 0 0 663 1 8 8 7
3 5 0 0 0 1 560 3 8 8 8
3 6 1 0 0 0 760 3 11 11 8
3 7 1 1 0 0 720 1 8 8 11
3 8 1 0 0 0 760 3 5 5 8
3 9 1 0 0 0 760 3 5 5 5
3 10 1 0 0 0 760 2 10 10 5
3 11 1 0 0 0 760 3 11 11 10
3 12 0 0 1 0 760 1 10 10 11
3 13 1 0 0 0 760 3 7 7 10
3 14 1 0 0 0 760 2 4 4 7
3 15 1 1 0 0 685 1 7 7 4
3 16 1 0 0 0 760 2 3 3 7
3 17 1 0 0 0 760 3 4 4 3
3 18 0 0 1 0 760 1 3 3 4
3 19 1 0 0 0 760 2 13 13 3
3 20 1 0 0 0 760 2 2 2 13
3 21 1 1 0 0 731 1 13 13 2
3 22 0 0 0 1 684 2 14 14 13
3 23 0 0 1 0 760 1 13 13 14
3 24 0 0 1 0 760 1 14 14 13
3 25 1 1 0 0 672 1 13 13 14
