1 1 1 0 0 0 760 1 1 1 0
1 2 1 0 0 0 760 3 15 15 1
1 3 1 0 0 0 760 2 15 15 15
1 4 0 0 1 0 760 1 15 15 15
1 5 1 0 0 0 760 2 13 13 15
1 6 1 1 0 0 717 1 15 15 13
1 7 1 0 0 0 760 3 2 2 15
1 8 1 0 0 0 760 3 3 3 2
1 9 1 1 0 0 659 1 2 2 3
1 10 0 0 1 0 760 1 3 3 2
1 11 1 0 0 0 760 2 7 7 3
1 12 1 0 0 0 760 3 8 8 7
1 13 1 0 0 0 760 3 12 12 8
1 14 1 0 0 0 760 2 6 6 12
1 15 1 0 0 0 760 2 6 6 6
1 16 0 0 1 0 760 1 6 6 6
1 17 1 0 0 0 760 2 3 3 6
1 18 1 0 0 0 760 2 2 2 3
1 19 1 0 0 0 760 3 9 9 2
1 20 1 0 0 0 760 3 5 5 9
1 21 1 1 0 0 762 1 9 9 5
1 22 1 0 0 0 760 3 4 4 9
1 23 1 0 0 0 760 3 6 6 4
1 24 1 0 0 0 760 3 15 15 6
1 25 1 0 0 0 760 2 8 8 15
2 1 1 0 0 0 760 1 13 13 8
2 2 1 0 0 0 760 3 13 13 13
2 3 1 0 0 0 760 2 7 7 13
2 4 1 0 0 0 760 3 5 5 7
2 5 1 0 0 0 760 3 1 1 5
2 6 1 0 0 0 760 2 2 2 1
2 7 1 1 0 0 544 1 1 1 2
2 8 1 0 0 0 760 2 6 6 1
2 9 1 0 0 0 760 3 3 3 6
2 10 1 1 0 0 647 1 6 6 3
2 11 1 0 0 0 760 2 10 10 6
2 12 1 0 0 0 760 3 9 9 10
2 13 1 0 0 0 760 2 8 8 9
2 14 0 0 0 1 620 2 8 8 8
2 15 1 0 0 0 760 3 4 4 8
2 16 1 0 0 0 760 3 6 6 4
2 17 0 0 1 0 760 1 4 4 6
2 18 1 1 0 0 562 1 6 6 4
2 19 1 0 0 0 760 3 11 11 6
2 20 0 0 0 1 561 3 5 5 11
2 21 1 0 0 0 760 3 12 12 5
2 22 1 0 0 0 760 2 13 13 12
2 23 1 1 0 0 742 1 12 12 13
2 24 1 1 0 0 595 1 13 13 12
2 25 0 0 0 1 740 2 11 11 13
3 1 1 0 0 0 760 3 9 9 11
3 2 1 0 0 0 760 2 12 12 9
3 3 1 0 0 0 760 2 5 5 12
3 4 1 0 0 0 760 3 3 3 5
3 5 1 0 0 0 760 3 1 1 3
3 6 1 1 0 0 694 1 3 3 1
3 7 0 0 1 0 760 1 1 1 3
3 8 0 0 0 1 533 2 4 4 1
3 9 1 0 0 0 760 3 6 6 4
3 10 1 1 0 0 693 1 4 4 6
3 11 1 0 0 0 760 2 1 1 4
3 12 1 1 0 0 693 1 4 4 1
3 13 1 0 0 0 760 3 5 5 4
3 14 1 0 0 0 760 3 1 1 5
3 15 1 0 0 0 760 3 7 7 1
3 16 1 0 0 0 760 3 13 13 7
3 17 0 0 1 0 760 1 7 7 13
3 18 0 0 0 1 647 3 5 5 7
3 19 1 0 0 0 760 2 5 5 5
3 20 1 0 0 0 760 2 12 12 5
3 21 1 0 0 0 760 3 9 9 12
3 22 1 0 0 0 760 3 14 14 9
3 23 0 0 1 0 760 1 9 9 14
3 24 0 0 1 0 760 1 14 14 9
3 25 1 0 0 0 760 3 13 13 14
