1 1 1 0 0 0 760 1 9 9 0
1 2 1 0 0 0 760 1 9 9 9
1 3 1 0 0 0 760 3 12 12 9
1 4 1 0 0 0 760 3 5 5 12
1 5 1 1 0 0 634 1 12 12 5
1 6 0 0 1 0 760 1 5 5 12
1 7 1 1 0 0 704 1 12 12 5
1 8 1 0 0 0 760 3 15 15 12
1 9 1 0 0 0 760 2 1 1 15
1 10 0 0 0 1 674 3 12 12 1
1 11 1 1 0 0 611 1 1 1 12
1 12 1 0 0 0 760 3 1 1 1
1 13 1 0 0 0 760 2 4 4 1
1 14 1 0 0 0 760 3 7 7 4
1 15 1 1 0 0 727 1 4 4 7
1 16 1 0 0 0 760 2 5 5 4
1 17 1 1 0 0 651 1 4 4 5
1 18 1 0 0 0 760 3 15 15 4
1 19 0 0 1 0 760 1 4 4 15
1 20 1 1 0 0 639 1 15 15 4
1 21 0 0 1 0 760 1 4 4 15
1 22 1 1 0 0 550 1 15 15 4
1 23 1 0 0 0 760 2 6 6 15
1 24 1 0 0 0 760 2 2 2 6
1 25 1 1 0 0 698 1 6 6 2
2 1 1 0 0 0 760 3 14 14 6
2 2 1 0 0 0 760 1 4 4 14
2 3 1 0 0 0 760 3 10 10 4
2 4 1 0 0 0 760 2 10 10 10
2 5 1 0 0 0 760 3 13 13 10
2 6 1 0 0 0 760 2 14 14 13
2 7 1 0 0 0 760 3 15 15 14
2 8 1 0 0 0 760 3 8 8 15
2 9 1 0 0 0 760 3 4 4 8
2 10 1 0 0 0 760 3 15 15 4
2 11 1 0 0 0 760 2 14 14 15
2 12 1 0 0 0 760 2 6 6 14
2 13 1 0 0 0 760 2 13 13 6
2 14 1 0 0 0 760 2 15 15 13
2 15 1 0 0 0 760 3 9 9 15
2 16 0 0 1 0 760 1 15 15 9
2 17 1 0 0 0 760 3 11 11 15
2 18 1 0 0 0 760 3 11 11 11
2 19 1 0 0 0 760 3 15 15 11
2 20 1 0 0 0 760 2 15 15 15
2 21 1 1 0 0 550 1 15 15 15
2 22 0 0 1 0 760 1 15 15 15
2 23 1 1 0 0 541 1 15 15 15
2 24 1 0 0 0 760 2 7 7 15
2 25 1 0 0 0 760 3 6 6 7
3 1 1 0 0 0 760 1 1 1 6
3 2 1 0 0 0 760 2 12 12 1
3 3 1 0 0 0 760 2 6 6 12
3 4 1 0 0 0 760 3 11 11 6
3 5 1 0 0 0 760 2 7 7 11
3 6 0 0 1 0 760 1 11 11 7
3 7 1 0 0 0 760 3 1 1 11
3 8 1 0 0 0 760 2 8 8 1
3 9 1 0 0 0 760 3 6 6 8
3 10 1 0 0 0 760 2 7 7 6
3 11 1 0 0 0 760 3 5 5 7
3 12 1 0 0 0 760 2 5 5 5
3 13 0 0 1 0 760 1 5 5 5
3 14 1 0 0 0 760 3 9 9 5
3 15 1 1 0 0 561 1 5 5 9
3 16 1 1 0 0 625 1 9 9 5
3 17 1 0 0 0 760 2 10 10 9
3 18 1 1 0 0 697 1 9 9 10
3 19 1 0 0 0 760 2 6 6 9
3 20 1 0 0 0 760 3 2 2 6
3 21 1 0 0 0 760 2 10 10 2
3 22 1 1 0 0 727 1 2 2 10
3 23 1 0 0 0 760 3 6 6 2
3 24 1 0 0 0 760 2 13 13 6
3 25 1 1 0 0 537 1 6 6 13
