1 1 1 0 0 0 760 1 7 7 0
1 2 1 0 0 0 760 1 7 7 7
1 3 0 0 1 0 760 1 7 7 7
1 4 0 0 1 0 760 1 7 7 7
1 5 1 0 0 0 760 2 3 3 7
1 6 0 0 1 0 760 1 7 7 3
1 7 1 0 0 0 760 3 8 8 7
1 8 1 0 0 0 760 2 12 12 8
1 9 1 0 0 0 760 3 5 5 12
1 10 1 0 0 0 760 2 13 13 5
1 11 1 0 0 0 760 2 3 3 13
1 12 0 0 1 0 760 1 13 13 3
1 13 1 0 0 0 760 3 11 11 13
1 14 0 0 1 0 760 1 13 13 11
1 15 1 0 0 0 760 2 13 13 13
1 16 1 0 0 0 760 2 10 10 13
1 17 0 0 1 0 760 1 13 13 10
1 18 0 0 1 0 760 1 10 10 13
1 19 1 0 0 0 760 2 10 10 10
1 20 1 0 0 0 760 2 13 13 10
1 21 1 1 0 0 609 1 10 10 13
1 22 1 0 0 0 760 2 1 1 10
1 23 1 0 0 0 760 3 3 3 1
1 24 1 0 0 0 760 3 13 13 3
1 25 1 0 0 0 760 2 12 12 13
2 1 1 0 0 0 760 3 10 10 12
2 2 1 0 0 0 760 1 11 11 10
2 3 1 0 0 0 760 3 8 8 11
2 4 1 0 0 0 760 2 13 13 8
2 5 1 0 0 0 760 2 15 15 13
2 6 1 0 0 0 760 3 14 14 15
2 7 1 0 0 0 760 2 11 11 14
2 8 0 0 1 0 760 1 14 14 11
2 9 1 0 0 0 760 2 1 1 14
2 10 1 0 0 0 760 2 12 12 1
2 11 1 0 0 0 760 3 10 10 12
2 12 1 0 0 0 760 2 5 5 10
2 13 1 0 0 0 760 3 15 15 5
2 14 0 0 1 0 760 1 5 5 15
2 15 1 1 0 0 532 1 15 15 5
2 16 1 0 0 0 760 3 13 13 15
2 17 1 0 0 0 760 2 13 13 13
2 18 1 1 0 0 648 1 13 13 13
2 19 1 1 0 0 664 1 13 13 13
2 20 1 0 0 0 760 3 1 1 13
2 21 1 1 0 0 593 1 13 13 1
2 22 1 1 0 0 713 1 1 1 13
2 23 1 0 0 0 760 3 6 6 1
2 24 1 0 0 0 760 3 2 2 6
2 25 0 0 1 0 760 1 6 6 2
3 1 1 0 0 0 760 1 6 6 6
3 2 1 0 0 0 760 1 4 4 6
3 3 0 0 1 0 760 1 6 6 4
3 4 0 0 1 0 760 1 4 4 6
3 5 1 0 0 0 760 3 15 15 4
3 6 1 0 0 0 760 3 6 6 15
3 7 1 1 0 0 602 1 15 15 6
3 8 1 0 0 0 760 3 8 8 15
3 9 1 0 0 0 760 3 14 14 8
3 10 1 0 0 0 760 3 4 4 14
3 11 1 0 0 0 760 3 13 13 4
3 12 1 0 0 0 760 2 6 6 13
3 13 1 0 0 0 760 2 7 7 6
3 14 1 0 0 0 760 3 14 14 7
3 15 1 0 0 0 760 3 1 1 14
3 16 1 1 0 0 612 1 14 14 1
3 17 0 0 1 0 760 1 1 1 14
3 18 1 0 0 0 760 3 9 9 1
3 19 1 0 0 0 760 2 10 10 9
3 20 1 0 0 0 760 3 3 3 10
3 21 1 0 0 0 760 2 12 12 3
3 22 0 0 1 0 760 1 3 3 12
3 23 1 0 0 0 760 3 9 9 3
3 24 1 0 0 0 760 2 7 7 9
3 25 1 0 0 0 760 3 14 14 7
