1 1 1 0 0 0 760 3 15 15 0
1 2 1 0 0 0 760 1 4 4 15
1 3 1 0 0 0 760 3 5 5 4
1 4 1 0 0 0 760 2 5 5 5
1 5 1 0 0 0 760 3 1 1 5
1 6 1 0 0 0 760 3 4 4 1
1 7 1 0 0 0 760 3 9 9 4
1 8 1 1 0 0 718 1 4 4 9
1 9 0 0 1 0 760 1 9 9 4
1 10 0 0 1 0 760 1 4 4 9
1 11 1 1 0 0 669 1 9 9 4
1 12 1 1 0 0 606 1 4 4 9
1 13 1 0 0 0 760 2 10 10 4
1 14 1 0 0 0 760 3 12 12 10
1 15 1 0 0 0 760 2 8 8 12
1 16 1 0 0 0 760 2 6 6 8
1 17 0 0 1 0 760 1 8 8 6
1 18 1 1 0 0 611 1 6 6 8
1 19 1 0 0 0 760 2 10 10 6
1 20 0 0 1 0 760 1 6 6 10
1 21 1 0 0 0 760 3 2 2 6
1 22 1 1 0 0 499 1 6 6 2
1 23 0 0 1 0 760 1 2 2 6
1 24 1 1 0 0 592 1 6 6 2
1 25 1 0 0 0 760 3 6 6 6
2 1 1 0 0 0 760 3 3 3 6
2 2 1 0 0 0 760 1 1 1 3
2 3 1 0 0 0 760 3 5 5 1
2 4 1 0 0 0 760 3 14 14 5
2 5 1 0 0 0 760 3 6 6 14
2 6 1 0 0 0 760 3 9 9 6
2 7 1 0 0 0 760 2 11 11 9
2 8 1 0 0 0 760 3 10 10 11
2 9 1 1 0 0 482 1 11 11 10
2 10 1 1 0 0 531 1 10 10 11
2 11 1 0 0 0 760 3 15 15 10
2 12 1 1 0 0 537 1 10 10 15
2 13 1 0 0 0 760 2 7 7 10
2 14 1 0 0 0 760 3 12 12 7
2 15 1 0 0 0 760 2 12 12 12
2 16 1 0 0 0 760 3 13 13 12
2 17 1 0 0 0 760 3 14 14 13
2 18 1 0 0 0 760 3 2 2 14
2 19 1 0 0 0 760 3 8 8 2
2 20 0 0 1 0 760 1 2 2 8
2 21 1 0 0 0 760 2 13 13 2
2 22 1 0 0 0 760 2 12 12 13
2 23 1 1 0 0 593 1 13 13 12
2 24 1 0 0 0 760 2 7 7 13
2 25 1 1 0 0 627 1 13 13 7
3 1 1 0 0 0 760 1 14 14 13
3 2 1 0 0 0 760 1 11 11 14
3 3 1 0 0 0 760 2 10 10 11
3 4 1 1 0 0 605 1 11 11 10
3 5 1 1 0 0 607 1 10 10 11
3 6 1 0 0 0 760 3 5 5 10
3 7 1 0 0 0 760 3 14 14 5
3 8 1 0 0 0 760 3 10 10 14
3 9 1 1 0 0 711 1 14 14 10
3 10 1 0 0 0 760 2 3 3 14
3 11 1 0 0 0 760 2 3 3 3
3 12 1 0 0 0 760 2 12 12 3
3 13 1 0 0 0 760 2 1 1 12
3 14 1 0 0 0 760 3 9 9 1
3 15 1 0 0 0 760 2 15 15 9
3 16 1 0 0 0 760 3 11 11 15
3 17 1 1 0 0 726 1 15 15 11
3 18 1 0 0 0 760 3 3 3 15
3 19 1 1 0 0 551 1 15 15 3
3 20 1 1 0 0 631 1 3 3 15
3 21 1 0 0 0 760 3 1 1 3
3 22 1 0 0 0 760 3 4 4 1
3 23 1 0 0 0 760 3 5 5 4
3 24 0 0 1 0 760 1 4 4 5
3 25 0 0 1 0 760 1 5 5 4
