1 1 1 0 0 0 760 2 4 4 0
1 2 1 0 0 0 760 1 4 4 4
1 3 1 1 0 0 699 1 4 4 4
1 4 1 1 0 0 671 1 4 4 4
1 5 1 1 0 0 651 1 4 4 4
1 6 1 0 0 0 760 2 2 2 4
1 7 0 0 1 0 760 1 4 4 2
1 8 1 1 0 0 623 1 2 2 4
1 9 1 0 0 0 760 2 12 12 2
1 10 1 0 0 0 760 2 15 15 12
1 11 1 1 0 0 709 1 12 12 15
1 12 0 0 1 0 760 1 15 15 12
1 13 1 0 0 0 760 2 4 4 15
1 14 1 0 0 0 760 3 3 3 4
1 15 1 0 0 0 760 2 10 10 3
1 16 1 1 0 0 609 1 3 3 10
1 17 1 0 0 0 760 3 2 2 3
1 18 1 0 0 0 760 2 1 1 2
1 19 0 0 1 0 760 1 2 2 1
1 20 0 0 1 0 760 1 1 1 2
1 21 1 0 0 0 760 3 8 8 1
1 22 1 0 0 0 760 3 13 13 8
1 23 1 0 0 0 760 2 10 10 13
1 24 1 0 0 0 760 3 3 3 10
1 25 1 0 0 0 760 2 11 11 3
2 1 1 0 0 0 760 1 1 1 11
2 2 1 0 0 0 760 1 5 5 1
2 3 1 1 0 0 620 1 1 1 5
2 4 1 1 0 0 665 1 5 5 1
2 5 1 1 0 0 553 1 1 1 5
2 6 1 0 0 0 760 2 3 3 1
2 7 1 0 0 0 760 2 9 9 3
2 8 0 0 1 0 760 1 3 3 9
2 9 1 0 0 0 760 2 6 6 3
2 10 0 0 1 0 760 1 3 3 6
2 11 1 0 0 0 760 2 1 1 3
2 12 1 0 0 0 760 2 1 1 1
2 13 1 0 0 0 760 2 12 12 1
2 14 1 0 0 0 760 2 5 5 12
2 15 0 0 1 0 760 1 12 12 5
2 16 1 0 0 0 760 3 10 10 12
2 17 1 1 0 0 545 1 12 12 10
2 18 1 1 0 0 618 1 10 10 12
2 19 1 0 0 0 760 3 8 8 10
2 20 1 0 0 0 760 3 1 1 8
2 21 0 0 1 0 760 1 8 8 1
2 22 1 0 0 0 760 2 3 3 8
2 23 1 0 0 0 760 2 11 11 3
2 24 1 0 0 0 760 2 5 5 11
2 25 0 0 1 0 760 1 11 11 5
3 1 1 0 0 0 760 3 2 2 11
3 2 1 0 0 0 760 2 5 5 2
3 3 1 0 0 0 760 2 5 5 5
3 4 1 0 0 0 760 3 1 1 5
3 5 1 0 0 0 760 2 13 13 1
3 6 1 0 0 0 760 2 5 5 13
3 7 0 0 1 0 760 1 13 13 5
3 8 1 0 0 0 760 3 9 9 13
3 9 1 0 0 0 760 3 8 8 9
3 10 1 0 0 0 760 2 4 4 8
3 11 1 0 0 0 760 2 9 9 4
3 12 0 0 1 0 760 1 4 4 9
3 13 1 0 0 0 760 3 13 13 4
3 14 1 0 0 0 760 2 1 1 13
3 15 1 1 0 0 574 1 13 13 1
3 16 1 0 0 0 760 3 8 8 13
3 17 1 0 0 0 760 3 9 9 8
3 18 1 0 0 0 760 2 11 11 9
3 19 1 1 0 0 581 1 9 9 11
3 20 1 0 0 0 760 2 14 14 9
3 21 1 0 0 0 760 3 1 1 14
3 22 1 0 0 0 760 3 1 1 1
3 23 1 0 0 0 760 3 5 5 1
3 24 1 0 0 0 760 3 9 9 5
3 25 1 0 0 0 760 3 10 10 9
