1 1 1 0 0 0 760 2 9 9 0
1 2 1 0 0 0 760 3 2 2 9
1 3 0 0 1 0 760 1 9 9 2
1 4 1 0 0 0 760 3 5 5 9
1 5 1 0 0 0 760 2 10 10 5
1 6 1 0 0 0 760 3 8 8 10
1 7 1 1 0 0 664 1 10 10 8
1 8 1 0 0 0 760 2 6 6 10
1 9 1 0 0 0 760 3 13 13 6
1 10 1 1 0 0 694 1 6 6 13
1 11 1 0 0 0 760 2 11 11 6
1 12 1 0 0 0 760 3 2 2 11
1 13 1 1 0 0 600 1 11 11 2
1 14 1 0 0 0 760 3 10 10 11
1 15 1 0 0 0 760 3 3 3 10
1 16 1 0 0 0 760 3 4 4 3
1 17 1 0 0 0 760 3 9 9 4
1 18 1 0 0 0 760 3 1 1 9
1 19 1 0 0 0 760 2 2 2 1
1 20 1 0 0 0 760 2 3 3 2
1 21 1 1 0 0 651 1 2 2 3
1 22 0 0 1 0 760 1 3 3 2
1 23 1 0 0 0 760 2 15 15 3
1 24 1 0 0 0 760 2 12 12 15
1 25 1 0 0 0 760 2 5 5 12
2 1 1 0 0 0 760 3 3 3 5
2 2 1 0 0 0 760 2 11 11 3
2 3 0 0 1 0 760 1 3 3 11
2 4 0 0 1 0 760 1 11 11 3
2 5 0 0 1 0 760 1 3 3 11
2 6 1 0 0 0 760 3 14 14 3
2 7 1 0 0 0 760 3 9 9 14
2 8 1 0 0 0 760 3 7 7 9
2 9 1 0 0 0 760 2 13 13 7
2 10 1 0 0 0 760 2 15 15 13
2 11 1 1 0 0 736 1 13 13 15
2 12 1 0 0 0 760 2 3 3 13
2 13 1 0 0 0 760 2 12 12 3
2 14 1 0 0 0 760 3 15 15 12
2 15 1 1 0 0 604 1 12 12 15
2 16 1 0 0 0 760 2 3 3 12
2 17 1 0 0 0 760 2 7 7 3
2 18 1 0 0 0 760 2 10 10 7
2 19 1 0 0 0 760 3 5 5 10
2 20 1 1 0 0 629 1 10 10 5
2 21 1 1 0 0 625 1 5 5 10
2 22 1 0 0 0 760 2 9 9 5
2 23 1 0 0 0 760 2 8 8 9
2 24 0 0 1 0 760 1 9 9 8
2 25 1 0 0 0 760 3 11 11 9
3 1 1 0 0 0 760 1 10 10 11
3 2 1 0 0 0 760 3 3 3 10
3 3 1 0 0 0 760 3 9 9 3
3 4 1 0 0 0 760 3 15 15 9
3 5 1 0 0 0 760 2 3 3 15
3 6 1 0 0 0 760 3 9 9 3
3 7 1 0 0 0 760 2 9 9 9
3 8 0 0 1 0 760 1 9 9 9
3 9 1 0 0 0 760 2 5 5 9
3 10 1 0 0 0 760 3 11 11 5
3 11 1 0 0 0 760 2 8 8 11
3 12 1 0 0 0 760 2 8 8 8
3 13 1 0 0 0 760 3 14 14 8
3 14 1 0 0 0 760 3 15 15 14
3 15 1 0 0 0 760 3 11 11 15
3 16 0 0 1 0 760 1 15 15 11
3 17 0 0 1 0 760 1 11 11 15
3 18 1 0 0 0 760 2 6 6 11
3 19 1 0 0 0 760 3 9 9 6
3 20 1 0 0 0 760 2 12 12 9
3 21 0 0 0 1 664 2 15 15 12
3 22 0 0 1 0 760 1 12 12 15
3 23 1 0 0 0 760 3 6 6 12
3 24 1 0 0 0 760 2 2 2 6
3 25 1 0 0 0 760 3 12 12 2
