1 1 1 0 0 0 760 2 15 15 0
1 2 1 0 0 0 760 1 8 8 15
1 3 1 0 0 0 760 3 11 11 8
1 4 1 0 0 0 760 2 7 7 11
1 5 0 0 1 0 760 1 11 11 7
1 6 1 0 0 0 760 2 15 15 11
1 7 1 0 0 0 760 2 1 1 15
1 8 1 0 0 0 760 3 14 14 1
1 9 1 0 0 0 760 2 4 4 14
1 10 0 0 1 0 760 1 14 14 4
1 11 0 0 0 1 738 2 11 11 14
1 12 1 0 0 0 760 2 9 9 11
1 13 0 0 1 0 760 1 11 11 9
1 14 1 0 0 0 36 2 2 2 11
1 15 1 0 0 0 760 2 14 14 2
1 16 0 0 1 0 760 1 2 2 14
1 17 0 0 1 0 760 1 14 14 2
1 18 1 1 0 0 597 1 2 2 14
1 19 1 1 0 0 713 1 14 14 2
1 20 1 0 0 0 760 3 6 6 14
1 21 1 1 0 0 672 1 14 14 6
1 22 1 1 0 0 640 1 6 6 14
1 23 1 0 0 0 760 2 4 4 6
1 24 1 0 0 0 760 3 14 14 4
1 25 1 0 0 0 760 2 15 15 14
2 1 1 0 0 0 760 3 6 6 15
2 2 1 0 0 0 760 1 9 9 6
2 3 1 1 0 0 593 1 6 6 9
2 4 1 1 0 0 536 1 9 9 6
2 5 1 0 0 0 760 2 12 12 9
2 6 1 0 0 0 760 3 11 11 12
2 7 1 0 0 0 760 3 5 5 11
2 8 0 0 1 0 760 1 11 11 5
2 9 0 0 1 0 760 1 5 5 11
2 10 1 1 0 0 660 1 11 11 5
2 11 1 0 0 0 760 3 10 10 11
2 12 1 1 0 0 675 1 11 11 10
2 13 1 0 0 0 760 3 5 5 11
2 14 0 0 0 1 652 2 12 12 5
2 15 1 0 0 0 760 3 6 6 12
2 16 0 0 0 1 542 3 13 13 6
2 17 1 0 0 0 760 2 4 4 13
2 18 1 0 0 0 760 2 12 12 4
2 19 0 0 1 0 760 1 4 4 12
2 20 0 0 1 0 760 1 12 12 4
2 21 0 0 1 0 760 1 4 4 12
2 22 1 0 0 0 760 2 9 9 4
2 23 1 0 0 0 760 3 6 6 9
2 24 1 0 0 0 760 2 7 7 6
2 25 0 0 1 0 760 1 6 6 7
3 1 1 0 0 0 760 2 9 9 6
3 2 1 0 0 0 760 1 4 4 9
3 3 1 1 0 0 52 1 9 9 4
3 4 1 0 0 0 760 2 12 12 9
3 5 0 0 1 0 760 1 9 9 12
3 6 0 0 1 0 760 1 12 12 9
3 7 0 0 1 0 760 1 9 9 12
3 8 1 0 0 0 760 2 6 6 9
3 9 0 0 1 0 760 1 9 9 6
3 10 1 1 0 0 691 1 6 6 9
3 11 1 0 0 0 760 3 1 1 6
3 12 0 0 1 0 760 1 6 6 1
3 13 0 0 0 1 614 2 12 12 6
3 14 1 0 0 0 760 3 10 10 12
3 15 0 0 1 0 760 1 12 12 10
3 16 1 0 0 0 760 3 4 4 12
3 17 0 0 0 1 596 2 11 11 4
3 18 1 0 0 0 760 2 11 11 11
3 19 1 1 0 0 547 1 11 11 11
3 20 1 0 0 0 760 2 4 4 11
3 21 1 0 0 0 760 2 7 7 4
3 22 1 0 0 0 760 3 6 6 7
3 23 1 0 0 0 760 2 14 14 6
3 24 1 0 0 0 760 3 9 9 14
3 25 1 0 0 0 760 3 9 9 9
