1 1 1 0 0 0 760 2 2 2 0
1 2 1 0 0 0 760 1 15 15 2
1 3 1 0 0 0 760 3 15 15 15
1 4 1 0 0 0 760 3 11 11 15
1 5 1 1 0 0 619 1 15 15 11
1 6 0 0 1 0 760 1 11 11 15
1 7 1 0 0 0 760 2 6 6 11
1 8 1 0 0 0 760 2 9 9 6
1 9 1 0 0 0 760 3 11 11 9
1 10 0 0 1 0 760 1 9 9 11
1 11 1 0 0 0 760 2 3 3 9
1 12 1 0 0 0 760 2 15 15 3
1 13 1 0 0 0 760 2 7 7 15
1 14 0 0 1 0 760 1 15 15 7
1 15 1 0 0 0 760 2 4 4 15
1 16 1 0 0 0 760 2 14 14 4
1 17 1 1 0 0 611 1 4 4 14
1 18 1 0 0 0 760 3 15 15 4
1 19 1 0 0 0 760 2 12 12 15
1 20 0 0 1 0 760 1 15 15 12
1 21 1 1 0 0 747 1 12 12 15
1 22 1 0 0 0 760 2 5 5 12
1 23 0 0 1 0 760 1 12 12 5
1 24 1 1 0 0 696 1 5 5 12
1 25 0 0 1 0 760 1 12 12 5
2 1 1 0 0 0 760 3 3 3 12
2 2 1 0 0 0 760 2 5 5 3
2 3 1 0 0 0 760 2 13 13 5
2 4 1 0 0 0 760 2 3 3 13
2 5 1 0 0 0 760 2 10 10 3
2 6 1 1 0 0 607 1 3 3 10
2 7 1 0 0 0 760 3 11 11 3
2 8 1 0 0 0 760 2 12 12 11
2 9 0 0 1 0 760 1 11 11 12
2 10 1 0 0 0 760 2 7 7 11
2 11 0 0 1 0 760 1 11 11 7
2 12 1 0 0 0 760 3 9 9 11
2 13 1 0 0 0 760 3 4 4 9
2 14 1 0 0 0 760 3 10 10 4
2 15 0 0 1 0 760 1 4 4 10
2 16 0 0 1 0 760 1 10 10 4
2 17 1 0 0 0 760 2 8 8 10
2 18 1 0 0 0 760 2 8 8 8
2 19 0 0 1 0 760 1 8 8 8
2 20 1 1 0 0 747 1 8 8 8
2 21 1 0 0 0 760 3 9 9 8
2 22 1 1 0 0 622 1 8 8 9
2 23 1 0 0 0 760 2 7 7 8
2 24 1 0 0 0 760 2 3 3 7
2 25 1 0 0 0 760 3 4 4 3
3 1 1 0 0 0 760 3 1 1 4
3 2 1 0 0 0 760 3 3 3 1
3 3 1 0 0 0 760 3 14 14 3
3 4 1 0 0 0 760 2 9 9 14
3 5 1 0 0 0 760 2 5 5 9
3 6 1 0 0 0 760 2 5 5 5
3 7 1 0 0 0 760 3 2 2 5
3 8 1 0 0 0 760 2 9 9 2
3 9 1 0 0 0 760 2 1 1 9
3 10 1 0 0 0 760 3 10 10 1
3 11 1 1 0 0 662 1 1 1 10
3 12 1 1 0 0 621 1 10 10 1
3 13 1 0 0 0 760 3 8 8 10
3 14 1 0 0 0 760 3 13 13 8
3 15 1 1 0 0 637 1 8 8 13
3 16 0 0 1 0 760 1 13 13 8
3 17 1 0 0 0 760 2 6 6 13
3 18 1 1 0 0 601 1 13 13 6
3 19 1 0 0 0 760 3 15 15 13
3 20 1 0 0 0 760 3 14 14 15
3 21 1 0 0 0 760 3 12 12 14
3 22 1 0 0 0 760 3 7 7 12
3 23 1 0 0 0 760 2 5 5 7
3 24 1 0 0 0 760 3 14 14 5
3 25 1 0 0 0 760 2 10 10 14
