1 1 1 0 0 0 760 2 4 4 0
1 2 1 0 0 0 760 1 7 7 4
1 3 0 0 1 0 760 1 4 4 7
1 4 0 0 1 0 760 1 7 7 4
1 5 0 0 1 0 760 1 4 4 7
1 6 1 0 0 0 760 2 2 2 4
1 7 1 0 0 0 156 2 5 5 2
1 8 1 0 0 0 760 3 8 8 5
1 9 0 0 0 1 654 3 8 8 8
1 10 1 0 0 0 760 2 1 1 8
1 11 1 0 0 0 760 2 15 15 1
1 12 1 1 0 0 633 1 1 1 15
1 13 1 0 0 0 760 3 4 4 1
1 14 1 0 0 0 760 3 6 6 4
1 15 0 0 1 0 760 1 4 4 6
1 16 0 0 0 1 610 2 4 4 4
1 17 0 0 0 1 690 2 11 11 4
1 18 1 1 0 0 710 1 4 4 11
1 19 1 0 0 0 760 3 1 1 4
1 20 0 0 1 0 760 1 4 4 1
1 21 1 0 0 0 760 3 8 8 4
1 22 1 0 0 0 760 3 15 15 8
1 23 0 0 1 0 760 1 8 8 15
1 24 0 0 0 1 564 3 8 8 8
1 25 1 0 0 0 760 3 1 1 8
2 1 1 0 0 0 760 3 2 2 1
2 2 1 0 0 0 760 2 5 5 2
2 3 1 1 0 0 745 1 2 2 5
2 4 0 0 0 1 639 2 2 2 2
2 5 1 0 0 0 760 2 15 15 2
2 6 1 0 0 0 760 2 13 13 15
2 7 1 0 0 0 760 2 14 14 13
2 8 1 0 0 0 760 2 10 10 14
2 9 1 1 0 0 510 1 14 14 10
2 10 1 1 0 0 761 1 10 10 14
2 11 1 0 0 0 760 2 13 13 10
2 12 1 0 0 0 760 2 9 9 13
2 13 1 0 0 0 760 3 9 9 9
2 14 1 0 0 0 760 2 3 3 9
2 15 1 0 0 0 760 3 15 15 3
2 16 0 0 0 1 711 2 15 15 15
2 17 1 0 0 0 760 3 13 13 15
2 18 1 0 0 0 760 3 6 6 13
2 19 0 0 1 0 760 1 13 13 6
2 20 0 0 1 0 760 1 6 6 13
2 21 1 0 0 0 760 2 5 5 6
2 22 1 0 0 0 760 2 14 14 5
2 23 0 0 1 0 760 1 5 5 14
2 24 1 1 0 0 683 1 14 14 5
2 25 1 0 0 0 760 2 4 4 14
3 1 1 0 0 0 760 1 1 1 4
3 2 1 0 0 0 760 1 3 3 1
3 3 0 0 1 0 760 1 1 1 3
3 4 0 0 1 0 760 1 3 3 1
3 5 1 1 0 0 537 1 1 1 3
3 6 1 0 0 0 760 2 12 12 1
3 7 1 0 0 0 760 2 10 10 12
3 8 1 1 0 0 628 1 12 12 10
3 9 1 0 0 0 760 2 2 2 12
3 10 1 0 0 0 760 3 14 14 2
3 11 0 0 1 0 760 1 2 2 14
3 12 0 0 1 0 760 1 14 14 2
3 13 1 0 0 0 760 2 6 6 14
3 14 1 0 0 0 760 3 13 13 6
3 15 1 0 0 0 760 2 9 9 13
3 16 1 0 0 0 760 3 9 9 9
3 17 1 0 0 0 760 2 4 4 9
3 18 1 1 0 0 705 1 9 9 4
3 19 1 1 0 0 668 1 4 4 9
3 20 1 0 0 0 760 2 8 8 4
3 21 0 0 1 0 760 1 4 4 8
3 22 1 0 0 0 760 2 6 6 4
3 23 1 1 0 0 643 1 4 4 6
3 24 1 0 0 0 760 2 3 3 4
3 25 1 1 0 0 538 1 4 4 3
