1 1 1 0 0 0 760 1 12 12 0
1 2 1 0 0 0 760 3 1 1 12
1 3 1 0 0 0 760 3 10 10 1
1 4 1 0 0 0 760 2 6 6 10
1 5 1 0 0 0 760 3 5 5 6
1 6 1 0 0 0 760 2 4 4 5
1 7 1 0 0 0 760 2 10 10 4
1 8 1 0 0 0 760 3 2 2 10
1 9 1 1 0 0 602 1 10 10 2
1 10 0 0 1 0 760 1 2 2 10
1 11 1 1 0 0 584 1 10 10 2
1 12 1 1 0 0 482 1 2 2 10
1 13 1 0 0 0 760 2 4 4 2
1 14 1 0 0 0 760 2 13 13 4
1 15 0 0 1 0 760 1 4 4 13
1 16 1 0 0 0 760 2 4 4 4
1 17 1 0 0 0 760 3 8 8 4
1 18 1 0 0 0 760 3 12 12 8
1 19 1 0 0 0 760 3 4 4 12
1 20 1 0 0 0 760 3 7 7 4
1 21 0 0 1 0 760 1 4 4 7
1 22 1 0 0 0 760 3 11 11 4
1 23 1 1 0 0 491 1 4 4 11
1 24 1 0 0 0 760 3 12 12 4
1 25 1 0 0 0 760 3 12 12 12
2 1 1 0 0 0 760 3 5 5 12
2 2 1 0 0 0 760 1 1 1 5
2 3 1 0 0 0 760 3 7 7 1
2 4 0 0 1 0 760 1 1 1 7
2 5 1 0 0 0 760 2 1 1 1
2 6 1 0 0 0 760 2 2 2 1
2 7 0 0 1 0 760 1 1 1 2
2 8 1 0 0 0 760 2 11 11 1
2 9 1 0 0 0 760 2 3 3 11
2 10 1 0 0 0 760 3 15 15 3
2 11 1 0 0 0 760 2 14 14 15
2 12 1 0 0 0 760 3 12 12 14
2 13 1 1 0 0 641 1 14 14 12
2 14 1 0 0 0 760 2 2 2 14
2 15 1 1 0 0 629 1 14 14 2
2 16 1 1 0 0 537 1 2 2 14
2 17 1 0 0 0 760 3 3 3 2
2 18 1 0 0 0 760 2 9 9 3
2 19 1 0 0 0 760 2 5 5 9
2 20 0 0 1 0 760 1 9 9 5
2 21 1 0 0 0 760 3 8 8 9
2 22 1 0 0 0 760 3 6 6 8
2 23 1 0 0 0 760 2 7 7 6
2 24 1 0 0 0 760 3 11 11 7
2 25 0 0 1 0 760 1 7 7 11
3 1 1 0 0 0 760 3 4 4 7
3 2 1 0 0 0 760 2 12 12 4
3 3 1 0 0 0 760 2 13 13 12
3 4 1 0 0 0 760 2 10 10 13
3 5 1 0 0 0 760 3 11 11 10
3 6 1 0 0 0 760 3 7 7 11
3 7 1 0 0 0 760 3 9 9 7
3 8 1 0 0 0 760 2 13 13 9
3 9 1 0 0 0 760 3 6 6 13
3 10 1 0 0 0 760 3 11 11 6
3 11 1 0 0 0 760 3 10 10 11
3 12 1 0 0 0 760 3 14 14 10
3 13 1 0 0 0 760 3 12 12 14
3 14 1 1 0 0 627 1 14 14 12
3 15 1 0 0 0 760 2 6 6 14
3 16 1 1 0 0 539 1 14 14 6
3 17 1 0 0 0 760 3 7 7 14
3 18 1 0 0 0 760 2 5 5 7
3 19 1 1 0 0 480 1 7 7 5
3 20 1 0 0 0 760 3 7 7 7
3 21 1 1 0 0 560 1 7 7 7
3 22 1 0 0 0 760 3 5 5 7
3 23 1 0 0 0 760 2 13 13 5
3 24 1 1 0 0 691 1 5 5 13
3 25 0 0 1 0 760 1 13 13 5
