1 1 1 0 0 0 760 2 14 14 0
1 2 1 0 0 0 760 1 11 11 14
1 3 1 0 0 0 760 2 6 6 11
1 4 1 0 0 0 760 2 12 12 6
1 5 1 0 0 0 760 3 9 9 12
1 6 1 0 0 0 760 3 4 4 9
1 7 0 0 1 0 760 1 9 9 4
1 8 1 0 0 0 760 2 2 2 9
1 9 0 0 1 0 760 1 9 9 2
1 10 1 0 0 0 760 2 7 7 9
1 11 1 0 0 0 760 2 5 5 7
1 12 1 0 0 0 760 2 13 13 5
1 13 1 1 0 0 592 1 5 5 13
1 14 1 0 0 0 760 3 15 15 5
1 15 1 0 0 0 760 2 2 2 15
1 16 1 0 0 0 760 2 14 14 2
1 17 1 0 0 0 760 3 8 8 14
1 18 1 0 0 0 760 2 9 9 8
1 19 1 0 0 0 760 3 11 11 9
1 20 1 0 0 0 760 2 5 5 11
1 21 1 0 0 0 760 3 6 6 5
1 22 1 1 0 0 653 1 5 5 6
1 23 0 0 1 0 760 1 6 6 5
1 24 1 0 0 0 760 3 2 2 6
1 25 1 1 0 0 649 1 6 6 2
2 1 1 0 0 0 760 1 9 9 6
2 2 1 0 0 0 760 3 13 13 9
2 3 1 1 0 0 570 1 9 9 13
2 4 0 0 1 0 760 1 13 13 9
2 5 1 0 0 0 760 3 10 10 13
2 6 1 0 0 0 760 2 2 2 10
2 7 1 0 0 0 760 3 6 6 2
2 8 1 0 0 0 760 2 6 6 6
2 9 1 0 0 0 760 3 12 12 6
2 10 1 0 0 0 760 2 11 11 12
2 11 1 0 0 0 760 3 1 1 11
2 12 1 1 0 0 571 1 11 11 1
2 13 1 0 0 0 760 2 3 3 11
2 14 1 0 0 0 760 3 6 6 3
2 15 1 0 0 0 760 2 14 14 6
2 16 1 1 0 0 518 1 6 6 14
2 17 1 0 0 0 760 2 12 12 6
2 18 1 0 0 0 760 2 7 7 12
2 19 1 0 0 0 760 3 11 11 7
2 20 1 1 0 0 499 1 7 7 11
2 21 1 0 0 0 760 2 15 15 7
2 22 1 0 0 0 760 3 2 2 15
2 23 1 0 0 0 760 3 13 13 2
2 24 1 0 0 0 760 2 8 8 13
2 25 1 1 0 0 547 1 13 13 8
3 1 1 0 0 0 760 1 2 2 13
3 2 1 0 0 0 760 2 12 12 2
3 3 1 0 0 0 760 2 7 7 12
3 4 1 0 0 0 760 2 6 6 7
3 5 1 0 0 0 760 2 14 14 6
3 6 1 1 0 0 540 1 6 6 14
3 7 1 1 0 0 610 1 14 14 6
3 8 0 0 1 0 760 1 6 6 14
3 9 0 0 0 1 603 2 6 6 6
3 10 1 0 0 0 760 2 13 13 6
3 11 1 0 0 0 760 2 12 12 13
3 12 1 0 0 0 760 3 12 12 12
3 13 1 0 0 0 760 2 10 10 12
3 14 1 0 0 0 760 2 2 2 10
3 15 1 0 0 0 760 3 11 11 2
3 16 1 0 0 0 760 2 14 14 11
3 17 1 0 0 0 760 2 14 14 14
3 18 1 0 0 0 760 3 1 1 14
3 19 1 1 0 0 555 1 14 14 1
3 20 1 0 0 0 760 3 9 9 14
3 21 1 0 0 0 760 2 15 15 9
3 22 1 0 0 0 760 2 2 2 15
3 23 1 1 0 0 634 1 15 15 2
3 24 1 1 0 0 588 1 2 2 15
3 25 1 0 0 0 760 3 5 5 2
