1 1 1 0 0 0 760 1 3 3 0
1 2 1 0 0 0 760 1 8 8 3
1 3 1 0 0 0 760 3 8 8 8
1 4 1 1 0 0 662 1 8 8 8
1 5 1 0 0 0 760 2 9 9 8
1 6 1 0 0 0 760 3 1 1 9
1 7 1 0 0 0 760 2 14 14 1
1 8 1 0 0 0 760 3 8 8 14
1 9 1 1 0 0 686 1 14 14 8
1 10 1 1 0 0 662 1 8 8 14
1 11 0 0 1 0 760 1 14 14 8
1 12 1 0 0 0 760 3 9 9 14
1 13 1 0 0 0 760 2 1 1 9
1 14 1 1 0 0 687 1 9 9 1
1 15 1 0 0 0 760 2 13 13 9
1 16 1 0 0 0 760 3 11 11 13
1 17 1 0 0 0 760 2 5 5 11
1 18 1 0 0 0 760 2 13 13 5
1 19 1 1 0 0 686 1 5 5 13
1 20 1 0 0 0 760 2 3 3 5
1 21 1 1 0 0 685 1 5 5 3
1 22 1 1 0 0 731 1 3 3 5
1 23 0 0 1 0 760 1 5 5 3
1 24 1 1 0 0 677 1 3 3 5
1 25 1 0 0 0 760 2 15 15 3
2 1 1 0 0 0 760 1 5 5 15
2 2 1 0 0 0 760 3 4 4 5
2 3 1 0 0 0 760 2 4 4 4
2 4 1 0 0 0 760 3 8 8 4
2 5 0 0 1 0 760 1 4 4 8
2 6 1 0 0 0 760 2 15 15 4
2 7 1 1 0 0 637 1 4 4 15
2 8 0 0 1 0 760 1 15 15 4
2 9 1 0 0 0 760 3 12 12 15
2 10 1 0 0 0 760 2 1 1 12
2 11 1 0 0 0 760 3 5 5 1
2 12 1 0 0 0 760 2 8 8 5
2 13 1 0 0 0 760 2 6 6 8
2 14 1 0 0 0 760 3 12 12 6
2 15 1 0 0 0 760 2 5 5 12
2 16 1 0 0 0 760 2 11 11 5
2 17 1 0 0 0 760 3 4 4 11
2 18 0 0 1 0 760 1 11 11 4
2 19 1 0 0 0 760 3 2 2 11
2 20 1 0 0 0 760 2 9 9 2
2 21 1 0 0 0 760 2 12 12 9
2 22 1 0 0 0 760 2 7 7 12
2 23 0 0 1 0 760 1 12 12 7
2 24 1 1 0 0 573 1 7 7 12
2 25 1 0 0 0 760 2 1 1 7
3 1 1 0 0 0 760 1 13 13 1
3 2 0 0 0 1 626 1 13 13 13
3 3 1 0 0 0 760 3 11 11 13
3 4 1 0 0 0 760 2 5 5 11
3 5 1 0 0 0 760 3 6 6 5
3 6 1 1 0 0 561 1 5 5 6
3 7 0 0 1 0 760 1 6 6 5
3 8 1 1 0 0 721 1 5 5 6
3 9 1 0 0 0 760 3 3 3 5
3 10 1 0 0 0 760 2 13 13 3
3 11 0 0 1 0 760 1 3 3 13
3 12 1 0 0 0 760 3 15 15 3
3 13 1 0 0 0 760 2 1 1 15
3 14 1 0 0 0 760 2 2 2 1
3 15 1 0 0 0 760 3 3 3 2
3 16 1 0 0 0 760 2 1 1 3
3 17 1 0 0 0 760 3 14 14 1
3 18 1 0 0 0 760 2 5 5 14
3 19 1 0 0 0 760 2 8 8 5
3 20 1 0 0 0 760 2 7 7 8
3 21 1 0 0 0 760 3 9 9 7
3 22 1 0 0 0 760 3 6 6 9
3 23 1 0 0 0 760 3 13 13 6
3 24 1 0 0 0 760 2 2 2 13
3 25 1 0 0 0 760 3 10 10 2
