1 1 1 0 0 0 760 3 9 9 0
1 2 1 0 0 0 760 1 8 8 9
1 3 1 0 0 0 760 2 8 8 8
1 4 1 0 0 0 760 2 14 14 8
1 5 1 0 0 0 760 3 4 4 14
1 6 1 0 0 0 760 2 13 13 4
1 7 1 0 0 0 760 3 5 5 13
1 8 1 0 0 0 760 3 14 14 5
1 9 1 0 0 0 760 3 11 11 14
1 10 1 1 0 0 631 1 14 14 11
1 11 1 1 0 0 750 1 11 11 14
1 12 1 1 0 0 673 1 14 14 11
1 13 1 0 0 0 760 3 14 14 14
1 14 1 0 0 0 760 3 4 4 14
1 15 1 0 0 0 760 2 2 2 4
1 16 1 0 0 0 760 3 9 9 2
1 17 1 1 0 0 681 1 2 2 9
1 18 1 0 0 0 760 3 7 7 2
1 19 1 1 0 0 664 1 2 2 7
1 20 1 0 0 0 760 2 3 3 2
1 21 1 0 0 0 760 3 9 9 3
1 22 1 0 0 0 760 3 2 2 9
1 23 1 0 0 0 760 3 14 14 2
1 24 1 0 0 0 760 3 13 13 14
1 25 1 1 0 0 621 1 14 14 13
2 1 1 0 0 0 760 3 12 12 14
2 2 1 0 0 0 760 3 5 5 12
2 3 1 0 0 0 760 3 11 11 5
2 4 1 0 0 0 760 3 14 14 11
2 5 1 0 0 0 760 2 2 2 14
2 6 1 0 0 0 760 3 2 2 2
2 7 1 0 0 0 760 2 10 10 2
2 8 0 0 1 0 760 1 2 2 10
2 9 1 0 0 0 760 2 6 6 2
2 10 0 0 1 0 760 1 2 2 6
2 11 1 1 0 0 677 1 6 6 2
2 12 0 0 1 0 760 1 2 2 6
2 13 1 0 0 0 760 2 10 10 2
2 14 1 0 0 0 760 2 3 3 10
2 15 1 0 0 0 760 2 14 14 3
2 16 1 0 0 0 760 3 6 6 14
2 17 1 0 0 0 760 2 15 15 6
2 18 1 0 0 0 760 2 14 14 15
2 19 0 0 1 0 760 1 15 15 14
2 20 1 0 0 0 760 3 12 12 15
2 21 1 0 0 0 760 2 8 8 12
2 22 0 0 1 0 760 1 12 12 8
2 23 1 1 0 0 519 1 8 8 12
2 24 1 1 0 0 601 1 12 12 8
2 25 1 0 0 0 760 2 2 2 12
3 1 1 0 0 0 760 2 9 9 2
3 2 1 0 0 0 760 2 15 15 9
3 3 1 0 0 0 760 3 5 5 15
3 4 1 0 0 0 760 2 3 3 5
3 5 1 0 0 0 760 3 15 15 3
3 6 1 0 0 0 760 3 2 2 15
3 7 1 1 0 0 579 1 15 15 2
3 8 1 0 0 0 760 3 11 11 15
3 9 1 0 0 0 760 2 14 14 11
3 10 1 0 0 0 760 2 6 6 14
3 11 1 0 0 0 760 3 4 4 6
3 12 1 0 0 0 760 3 10 10 4
3 13 1 0 0 0 760 3 11 11 10
3 14 1 0 0 0 760 2 3 3 11
3 15 1 1 0 0 605 1 11 11 3
3 16 1 0 0 0 760 3 6 6 11
3 17 1 0 0 0 760 3 9 9 6
3 18 1 0 0 0 760 3 4 4 9
3 19 1 0 0 0 760 2 1 1 4
3 20 0 0 0 1 589 3 1 1 1
3 21 0 0 1 0 760 1 1 1 1
3 22 1 0 0 0 760 3 2 2 1
3 23 0 0 1 0 760 1 1 1 2
3 24 1 1 0 0 669 1 2 2 1
3 25 1 0 0 0 760 3 14 14 2
