1 1 1 0 0 0 760 1 3 3 0
1 2 1 0 0 0 760 3 10 10 3
1 3 0 0 1 0 760 1 3 3 10
1 4 1 0 0 0 760 2 11 11 3
1 5 1 0 0 0 760 3 6 6 11
1 6 1 0 0 0 760 2 15 15 6
1 7 1 0 0 0 760 3 11 11 15
1 8 1 1 0 0 579 1 15 15 11
1 9 1 0 0 0 760 3 4 4 15
1 10 1 1 0 0 581 1 15 15 4
1 11 1 0 0 0 760 3 12 12 15
1 12 1 0 0 0 760 3 14 14 12
1 13 1 0 0 0 760 2 2 2 14
1 14 0 0 1 0 760 1 14 14 2
1 15 1 0 0 0 760 2 13 13 14
1 16 1 0 0 0 760 2 13 13 13
1 17 1 0 0 0 760 2 15 15 13
1 18 1 0 0 0 760 2 15 15 15
1 19 1 0 0 0 760 3 11 11 15
1 20 1 0 0 0 760 3 6 6 11
1 21 1 0 0 0 760 3 14 14 6
1 22 1 0 0 0 760 2 8 8 14
1 23 1 1 0 0 764 1 14 14 8
1 24 1 0 0 0 760 3 10 10 14
1 25 1 1 0 0 730 1 14 14 10
2 1 1 0 0 0 760 1 1 1 14
2 2 1 0 0 0 760 3 8 8 1
2 3 1 0 0 0 760 3 2 2 8
2 4 0 0 1 0 760 1 8 8 2
2 5 1 0 0 0 760 3 15 15 8
2 6 1 0 0 0 760 2 15 15 15
2 7 1 0 0 0 760 2 8 8 15
2 8 1 1 0 0 639 1 15 15 8
2 9 1 0 0 0 760 3 9 9 15
2 10 1 0 0 0 760 2 12 12 9
2 11 1 0 0 0 760 2 14 14 12
2 12 1 1 0 0 653 1 12 12 14
2 13 1 0 0 0 760 3 12 12 12
2 14 1 0 0 0 760 2 6 6 12
2 15 1 0 0 0 760 3 13 13 6
2 16 1 0 0 0 760 2 11 11 13
2 17 1 0 0 0 760 2 9 9 11
2 18 1 1 0 0 580 1 11 11 9
2 19 1 0 0 0 760 2 14 14 11
2 20 1 0 0 0 760 2 14 14 14
2 21 1 0 0 0 760 2 8 8 14
2 22 1 0 0 0 760 2 13 13 8
2 23 1 0 0 0 760 3 5 5 13
2 24 1 0 0 0 760 2 14 14 5
2 25 1 0 0 0 760 3 7 7 14
3 1 1 0 0 0 760 3 2 2 7
3 2 1 0 0 0 760 3 8 8 2
3 3 1 0 0 0 760 3 5 5 8
3 4 1 0 0 0 760 2 5 5 5
3 5 1 0 0 0 760 2 4 4 5
3 6 1 0 0 0 760 3 11 11 4
3 7 1 0 0 0 760 3 7 7 11
3 8 1 1 0 0 709 1 11 11 7
3 9 1 1 0 0 560 1 7 7 11
3 10 1 0 0 0 760 3 10 10 7
3 11 0 0 1 0 760 1 7 7 10
3 12 1 0 0 0 760 3 2 2 7
3 13 1 0 0 0 760 3 13 13 2
3 14 1 0 0 0 760 2 7 7 13
3 15 1 0 0 0 760 3 7 7 7
3 16 1 0 0 0 760 3 13 13 7
3 17 1 0 0 0 760 3 11 11 13
3 18 1 0 0 0 760 3 15 15 11
3 19 1 0 0 0 760 2 15 15 15
3 20 1 0 0 0 760 3 4 4 15
3 21 1 1 0 0 644 1 15 15 4
3 22 0 0 1 0 760 1 4 4 15
3 23 1 0 0 0 760 3 8 8 4
3 24 1 0 0 0 760 3 12 12 8
3 25 1 1 0 0 506 1 8 8 12
