1 1 1 0 0 0 760 1 4 4 0
1 2 1 0 0 0 760 3 5 5 4
1 3 1 0 0 0 760 3 3 3 5
1 4 1 0 0 0 760 2 2 2 3
1 5 1 0 0 0 760 2 9 9 2
1 6 1 0 0 0 760 3 1 1 9
1 7 1 1 0 0 494 1 9 9 1
1 8 1 1 0 0 674 1 1 1 9
1 9 1 1 0 0 413 1 9 9 1
1 10 1 0 0 0 760 2 11 11 9
1 11 1 1 0 0 506 1 9 9 11
1 12 1 0 0 0 760 2 14 14 9
1 13 1 0 0 0 760 2 10 10 14
1 14 1 0 0 0 760 2 3 3 10
1 15 1 0 0 0 760 3 14 14 3
1 16 1 1 0 0 503 1 3 3 14
1 17 1 0 0 0 760 3 4 4 3
1 18 1 1 0 0 506 1 3 3 4
1 19 1 1 0 0 610 1 4 4 3
1 20 1 0 0 0 760 3 5 5 4
1 21 1 0 0 0 760 3 10 10 5
1 22 1 0 0 0 760 2 8 8 10
1 23 1 0 0 0 760 3 4 4 8
1 24 0 0 1 0 760 1 8 8 4
1 25 1 0 0 0 760 2 5 5 8
2 1 1 0 0 0 760 2 1 1 5
2 2 1 0 0 0 760 2 1 1 1
2 3 1 0 0 0 760 3 14 14 1
2 4 1 1 0 0 468 1 1 1 14
2 5 1 1 0 0 450 1 14 14 1
2 6 0 0 0 1 683 2 4 4 14
2 7 1 0 0 0 760 3 5 5 4
2 8 1 0 0 0 760 3 9 9 5
2 9 1 0 0 0 760 2 15 15 9
2 10 1 0 0 0 760 2 2 2 15
2 11 1 1 0 0 482 1 15 15 2
2 12 1 0 0 0 760 2 7 7 15
2 13 1 0 0 0 760 3 9 9 7
2 14 1 1 0 0 733 1 7 7 9
2 15 1 1 0 0 502 1 9 9 7
2 16 1 0 0 0 760 2 3 3 9
2 17 1 1 0 0 511 1 9 9 3
2 18 1 0 0 0 760 2 4 4 9
2 19 1 1 0 0 561 1 9 9 4
2 20 1 1 0 0 604 1 4 4 9
2 21 1 0 0 0 760 3 15 15 4
2 22 1 0 0 0 760 3 11 11 15
2 23 1 0 0 0 760 2 10 10 11
2 24 1 0 0 0 760 2 3 3 10
2 25 1 0 0 0 760 2 8 8 3
3 1 1 0 0 0 760 3 14 14 8
3 2 1 0 0 0 760 2 15 15 14
3 3 1 0 0 0 760 3 10 10 15
3 4 1 1 0 0 668 1 15 15 10
3 5 1 0 0 0 760 3 4 4 15
3 6 1 0 0 0 760 2 11 11 4
3 7 1 0 0 0 760 2 15 15 11
3 8 1 0 0 0 760 2 3 3 15
3 9 1 1 0 0 568 1 15 15 3
3 10 1 1 0 0 508 1 3 3 15
3 11 1 1 0 0 528 1 15 15 3
3 12 1 1 0 0 511 1 3 3 15
3 13 1 1 0 0 482 1 15 15 3
3 14 0 0 1 0 760 1 3 3 15
3 15 1 0 0 0 760 3 11 11 3
3 16 1 0 0 0 760 3 8 8 11
3 17 1 1 0 0 604 1 11 11 8
3 18 1 0 0 0 760 3 5 5 11
3 19 1 1 0 0 518 1 11 11 5
3 20 1 0 0 0 760 3 6 6 11
3 21 1 0 0 0 760 2 6 6 6
3 22 1 0 0 0 760 3 3 3 6
3 23 1 0 0 0 760 2 9 9 3
3 24 0 0 1 0 760 1 3 3 9
3 25 0 0 0 1 575 3 3 3 3
