1 1 1 0 0 0 760 1 10 10 0
1 2 1 0 0 0 760 2 12 12 10
1 3 1 0 0 0 760 2 14 14 12
1 4 0 0 1 0 760 1 12 12 14
1 5 1 1 0 0 504 1 14 14 12
1 6 1 0 0 0 760 3 15 15 14
1 7 1 0 0 0 760 2 13 13 15
1 8 0 0 1 0 760 1 15 15 13
1 9 1 1 0 0 602 1 13 13 15
1 10 1 1 0 0 563 1 15 15 13
1 11 1 1 0 0 528 1 13 13 15
1 12 0 0 0 1 549 3 14 14 13
1 13 1 0 0 0 760 3 12 12 14
1 14 1 0 0 0 760 2 3 3 12
1 15 1 0 0 0 760 2 5 5 3
1 16 1 0 0 0 760 3 4 4 5
1 17 1 0 0 0 760 3 15 15 4
1 18 1 0 0 0 760 2 10 10 15
1 19 1 0 0 0 760 2 1 1 10
1 20 1 1 0 0 541 1 10 10 1
1 21 0 0 1 0 760 1 1 1 10
1 22 0 0 1 0 760 1 10 10 1
1 23 1 0 0 0 760 2 12 12 10
1 24 1 0 0 0 760 2 11 11 12
1 25 1 0 0 0 760 2 6 6 11
2 1 1 0 0 0 760 2 2 2 6
2 2 1 0 0 0 760 3 1 1 2
2 3 1 0 0 0 760 3 6 6 1
2 4 1 1 0 0 459 1 1 1 6
2 5 1 0 0 0 760 3 4 4 1
2 6 1 0 0 0 760 3 9 9 4
2 7 1 0 0 0 760 3 11 11 9
2 8 1 1 0 0 472 1 9 9 11
2 9 1 1 0 0 462 1 11 11 9
2 10 1 1 0 0 421 1 9 9 11
2 11 1 0 0 0 760 2 2 2 9
2 12 0 0 1 0 760 1 9 9 2
2 13 1 0 0 0 760 2 12 12 9
2 14 1 0 0 0 760 2 7 7 12
2 15 1 0 0 0 760 2 2 2 7
2 16 1 0 0 0 760 2 6 6 2
2 17 1 0 0 0 760 3 6 6 6
2 18 1 0 0 0 760 2 9 9 6
2 19 1 0 0 0 760 2 2 2 9
2 20 1 1 0 0 466 1 9 9 2
2 21 1 0 0 0 760 2 6 6 9
2 22 1 0 0 0 760 3 1 1 6
2 23 1 0 0 0 760 3 13 13 1
2 24 1 0 0 0 760 3 4 4 13
2 25 0 0 1 0 760 1 13 13 4
3 1 1 0 0 0 760 3 8 8 13
3 2 1 0 0 0 760 3 4 4 8
3 3 0 0 1 0 760 1 8 8 4
3 4 1 0 0 0 760 3 6 6 8
3 5 1 1 0 0 554 1 8 8 6
3 6 1 0 0 0 760 2 15 15 8
3 7 1 1 0 0 574 1 8 8 15
3 8 1 0 0 0 760 2 4 4 8
3 9 0 0 0 1 538 2 6 6 4
3 10 1 0 0 0 760 3 3 3 6
3 11 1 0 0 0 760 3 4 4 3
3 12 1 0 0 0 760 2 9 9 4
3 13 1 0 0 0 760 3 9 9 9
3 14 1 1 0 0 637 1 9 9 9
3 15 1 1 0 0 579 1 9 9 9
3 16 1 0 0 0 760 3 12 12 9
3 17 1 0 0 0 760 2 13 13 12
3 18 1 0 0 0 760 2 11 11 13
3 19 0 0 0 1 734 2 11 11 11
3 20 1 1 0 0 560 1 11 11 11
3 21 1 0 0 0 760 2 14 14 11
3 22 1 1 0 0 690 1 11 11 14
3 23 1 0 0 0 760 2 7 7 11
3 24 1 1 0 0 627 1 11 11 7
3 25 1 1 0 0 611 1 7 7 11
