1 1 1 0 0 0 760 2 15 15 0
1 2 1 0 0 0 760 1 15 15 15
1 3 0 0 0 1 457 3 3 3 15
1 4 1 0 0 0 760 2 12 12 3
1 5 1 1 0 0 553 1 3 3 12
1 6 1 0 0 0 760 3 8 8 3
1 7 1 0 0 0 760 2 4 4 8
1 8 1 0 0 0 760 2 2 2 4
1 9 1 1 0 0 549 1 4 4 2
1 10 1 0 0 0 760 2 15 15 4
1 11 1 0 0 0 760 2 1 1 15
1 12 1 0 0 0 760 3 7 7 1
1 13 1 1 0 0 674 1 1 1 7
1 14 1 0 0 0 760 2 15 15 1
1 15 0 0 0 1 548 2 15 15 15
1 16 1 0 0 0 760 2 5 5 15
1 17 1 1 0 0 593 1 15 15 5
1 18 1 1 0 0 708 1 5 5 15
1 19 1 1 0 0 542 1 15 15 5
1 20 1 1 0 0 489 1 5 5 15
1 21 1 1 0 0 729 1 15 15 5
1 22 1 1 0 0 524 1 5 5 15
1 23 1 0 0 0 760 2 9 9 5
1 24 1 1 0 0 560 1 5 5 9
1 25 1 0 0 0 760 2 7 7 5
2 1 1 0 0 0 760 1 3 3 7
2 2 1 0 0 0 760 2 4 4 3
2 3 1 0 0 0 760 2 2 2 4
2 4 1 1 0 0 552 1 4 4 2
2 5 1 0 0 0 760 3 11 11 4
2 6 1 0 0 0 760 3 9 9 11
2 7 1 1 0 0 576 1 11 11 9
2 8 1 1 0 0 552 1 9 9 11
2 9 1 1 0 0 520 1 11 11 9
2 10 1 0 0 0 760 2 4 4 11
2 11 1 0 0 0 760 2 9 9 4
2 12 1 0 0 0 760 2 3 3 9
2 13 1 0 0 0 760 2 1 1 3
2 14 1 1 0 0 588 1 3 3 1
2 15 1 0 0 0 760 2 8 8 3
2 16 1 0 0 0 760 2 15 15 8
2 17 1 0 0 0 760 3 3 3 15
2 18 1 0 0 0 760 2 1 1 3
2 19 1 0 0 0 760 2 7 7 1
2 20 1 0 0 0 760 2 7 7 7
2 21 1 0 0 0 760 2 2 2 7
2 22 1 0 0 0 760 2 8 8 2
2 23 0 0 1 0 760 1 2 2 8
2 24 1 0 0 0 760 2 9 9 2
2 25 1 0 0 0 760 2 8 8 9
3 1 1 0 0 0 760 2 10 10 8
3 2 1 0 0 0 760 2 12 12 10
3 3 1 0 0 0 760 2 3 3 12
3 4 0 0 1 0 760 1 12 12 3
3 5 1 0 0 0 760 3 15 15 12
3 6 0 0 1 0 760 1 12 12 15
3 7 1 1 0 0 509 1 15 15 12
3 8 1 0 0 0 760 3 10 10 15
3 9 1 0 0 0 760 3 11 11 10
3 10 1 0 0 0 760 3 2 2 11
3 11 1 0 0 0 760 2 6 6 2
3 12 1 0 0 0 760 3 1 1 6
3 13 1 0 0 0 760 3 3 3 1
3 14 0 0 1 0 760 1 1 1 3
3 15 0 0 1 0 760 1 3 3 1
3 16 1 1 0 0 548 1 1 1 3
3 17 1 1 0 0 523 1 3 3 1
3 18 1 0 0 0 760 3 11 11 3
3 19 1 0 0 0 760 2 12 12 11
3 20 1 0 0 0 760 3 13 13 12
3 21 1 0 0 0 760 3 3 3 13
3 22 1 0 0 0 760 2 9 9 3
3 23 1 1 0 0 644 1 3 3 9
3 24 1 0 0 0 760 3 11 11 3
3 25 1 1 0 0 564 1 3 3 11
