1 1 1 0 0 0 760 2 13 13 0
1 2 1 0 0 0 760 1 15 15 13
1 3 1 1 0 0 729 1 13 13 15
1 4 0 0 1 0 760 1 15 15 13
1 5 1 0 0 0 760 3 1 1 15
1 6 1 0 0 0 760 3 7 7 1
1 7 1 1 0 0 752 1 1 1 7
1 8 1 0 0 0 760 2 3 3 1
1 9 0 0 0 1 615 2 6 6 3
1 10 1 0 0 0 760 2 8 8 6
1 11 1 0 0 0 760 2 1 1 8
1 12 1 1 0 0 682 1 8 8 1
1 13 1 1 0 0 582 1 1 1 8
1 14 1 1 0 0 550 1 8 8 1
1 15 1 0 0 0 760 2 8 8 8
1 16 1 0 0 0 760 3 13 13 8
1 17 1 1 0 0 669 1 8 8 13
1 18 1 0 0 0 760 2 5 5 8
1 19 1 0 0 0 760 3 6 6 5
1 20 1 1 0 0 576 1 5 5 6
1 21 1 1 0 0 636 1 6 6 5
1 22 1 0 0 0 760 3 13 13 6
1 23 1 0 0 0 760 2 15 15 13
1 24 1 0 0 0 760 3 6 6 15
1 25 1 0 0 0 760 3 6 6 6
2 1 1 0 0 0 760 2 13 13 6
2 2 1 0 0 0 760 1 15 15 13
2 3 1 0 0 0 760 3 14 14 15
2 4 1 0 0 0 760 3 3 3 14
2 5 1 1 0 0 655 1 14 14 3
2 6 1 0 0 0 760 3 12 12 14
2 7 1 0 0 0 760 2 2 2 12
2 8 1 0 0 0 760 3 3 3 2
2 9 1 0 0 0 760 3 13 13 3
2 10 1 1 0 0 472 1 3 3 13
2 11 1 0 0 0 760 3 4 4 3
2 12 1 0 0 0 760 2 1 1 4
2 13 1 0 0 0 760 3 8 8 1
2 14 1 0 0 0 760 3 14 14 8
2 15 1 0 0 0 760 2 12 12 14
2 16 1 0 0 0 760 3 9 9 12
2 17 0 0 0 1 727 2 9 9 9
2 18 1 0 0 0 760 3 10 10 9
2 19 1 0 0 0 760 3 11 11 10
2 20 0 0 1 0 760 1 10 10 11
2 21 1 0 0 0 760 3 3 3 10
2 22 1 0 0 0 760 2 14 14 3
2 23 1 1 0 0 572 1 3 3 14
2 24 0 0 1 0 760 1 14 14 3
2 25 0 0 1 0 760 1 3 3 14
3 1 1 0 0 0 760 1 7 7 3
3 2 1 0 0 0 760 2 4 4 7
3 3 1 0 0 0 760 3 2 2 4
3 4 1 0 0 0 760 2 12 12 2
3 5 1 0 0 0 760 2 15 15 12
3 6 0 0 1 0 760 1 12 12 15
3 7 1 0 0 0 760 2 2 2 12
3 8 1 0 0 0 760 3 1 1 2
3 9 1 0 0 0 760 2 9 9 1
3 10 1 0 0 0 760 3 9 9 9
3 11 0 0 1 0 760 1 9 9 9
3 12 1 0 0 0 760 2 13 13 9
3 13 1 0 0 0 760 2 6 6 13
3 14 1 0 0 0 760 3 8 8 6
3 15 1 0 0 0 760 2 15 15 8
3 16 1 0 0 0 760 2 3 3 15
3 17 1 0 0 0 760 2 12 12 3
3 18 1 1 0 0 499 1 3 3 12
3 19 1 0 0 0 760 2 11 11 3
3 20 1 1 0 0 520 1 3 3 11
3 21 1 0 0 0 760 2 14 14 3
3 22 1 0 0 0 760 2 14 14 14
3 23 1 1 0 0 473 1 14 14 14
3 24 1 0 0 0 760 2 4 4 14
3 25 1 1 0 0 549 1 14 14 4
