1 1 1 0 0 0 760 2 5 5 0
1 2 1 0 0 0 760 3 4 4 5
1 3 1 1 0 0 761 1 5 5 4
1 4 1 0 0 0 760 2 15 15 5
1 5 1 0 0 0 760 2 9 9 15
1 6 1 0 0 0 760 2 14 14 9
1 7 1 1 0 0 710 1 9 9 14
1 8 1 0 0 0 760 2 12 12 9
1 9 1 0 0 0 760 3 15 15 12
1 10 1 1 0 0 569 1 12 12 15
1 11 1 0 0 0 760 2 14 14 12
1 12 1 0 0 0 760 3 15 15 14
1 13 1 0 0 0 760 3 9 9 15
1 14 1 0 0 0 760 3 1 1 9
1 15 1 1 0 0 574 1 9 9 1
1 16 1 1 0 0 568 1 1 1 9
1 17 1 0 0 0 760 2 4 4 1
1 18 1 0 0 0 760 3 6 6 4
1 19 1 0 0 0 760 2 13 13 6
1 20 1 0 0 0 760 2 2 2 13
1 21 1 0 0 0 760 3 10 10 2
1 22 1 0 0 0 760 3 6 6 10
1 23 1 0 0 0 760 2 6 6 6
1 24 1 0 0 0 760 3 10 10 6
1 25 1 0 0 0 760 3 15 15 10
2 1 1 0 0 0 760 3 13 13 15
2 2 1 0 0 0 760 2 6 6 13
2 3 1 1 0 0 753 1 13 13 6
2 4 1 0 0 0 760 3 13 13 13
2 5 1 0 0 0 760 2 6 6 13
2 6 1 0 0 0 760 2 4 4 6
2 7 1 0 0 0 760 3 10 10 4
2 8 1 1 0 0 660 1 4 4 10
2 9 1 0 0 0 760 2 12 12 4
2 10 1 1 0 0 612 1 4 4 12
2 11 1 0 0 0 760 3 4 4 4
2 12 1 0 0 0 760 2 8 8 4
2 13 1 0 0 0 760 2 2 2 8
2 14 0 0 1 0 760 1 8 8 2
2 15 1 1 0 0 585 1 2 2 8
2 16 0 0 1 0 760 1 8 8 2
2 17 1 1 0 0 590 1 2 2 8
2 18 1 1 0 0 568 1 8 8 2
2 19 1 0 0 0 760 2 7 7 8
2 20 1 1 0 0 740 1 8 8 7
2 21 0 0 1 0 760 1 7 7 8
2 22 0 0 0 1 623 3 2 2 7
2 23 0 0 0 1 657 3 15 15 2
2 24 1 0 0 0 760 3 3 3 15
2 25 1 1 0 0 746 1 15 15 3
3 1 1 0 0 0 760 1 11 11 15
3 2 1 0 0 0 760 1 2 2 11
3 3 1 0 0 0 760 3 12 12 2
3 4 1 0 0 0 760 3 3 3 12
3 5 1 0 0 0 760 3 7 7 3
3 6 1 1 0 0 753 1 3 3 7
3 7 1 0 0 0 760 3 6 6 3
3 8 1 0 0 0 760 2 4 4 6
3 9 1 0 0 0 760 2 8 8 4
3 10 1 0 0 0 760 2 13 13 8
3 11 1 0 0 0 760 3 10 10 13
3 12 0 0 1 0 760 1 13 13 10
3 13 1 0 0 0 760 2 4 4 13
3 14 1 0 0 0 760 3 11 11 4
3 15 1 0 0 0 760 2 15 15 11
3 16 1 0 0 0 760 2 13 13 15
3 17 1 0 0 0 760 2 4 4 13
3 18 1 0 0 0 760 2 4 4 4
3 19 1 0 0 0 760 2 5 5 4
3 20 1 0 0 0 760 2 6 6 5
3 21 1 1 0 0 756 1 5 5 6
3 22 1 1 0 0 636 1 6 6 5
3 23 1 0 0 0 760 3 7 7 6
3 24 1 0 0 0 760 3 7 7 7
3 25 1 0 0 0 760 2 9 9 7
