1 1 1 0 0 0 760 3 15 15 0
1 2 1 0 0 0 760 2 6 6 15
1 3 1 0 0 0 760 2 14 14 6
1 4 1 0 0 0 760 2 2 2 14
1 5 1 0 0 0 760 2 15 15 2
1 6 1 0 0 0 760 2 3 3 15
1 7 1 0 0 0 760 3 6 6 3
1 8 1 0 0 0 760 2 1 1 6
1 9 0 0 1 0 760 1 6 6 1
1 10 1 0 0 0 760 2 8 8 6
1 11 1 0 0 0 472 2 4 4 8
1 12 1 0 0 0 760 3 15 15 4
1 13 1 0 0 0 760 3 15 15 15
1 14 1 0 0 0 760 2 13 13 15
1 15 1 0 0 0 760 3 8 8 13
1 16 1 0 0 0 760 2 3 3 8
1 17 1 0 0 0 760 2 13 13 3
1 18 1 0 0 0 760 3 1 1 13
1 19 1 0 0 0 760 3 6 6 1
1 20 1 0 0 0 760 2 6 6 6
1 21 0 0 1 0 760 1 6 6 6
1 22 1 1 0 0 688 1 6 6 6
1 23 1 0 0 0 760 2 3 3 6
1 24 0 0 1 0 760 1 6 6 3
1 25 1 0 0 0 760 2 1 1 6
2 1 1 0 0 0 760 2 4 4 1
2 2 1 0 0 0 760 3 10 10 4
2 3 1 0 0 0 760 3 5 5 10
2 4 1 0 0 0 760 3 12 12 5
2 5 1 0 0 0 760 2 8 8 12
2 6 1 0 0 0 760 2 4 4 8
2 7 1 1 0 0 590 1 8 8 4
2 8 1 1 0 0 574 1 4 4 8
2 9 1 0 0 0 760 3 5 5 4
2 10 1 1 0 0 513 1 4 4 5
2 11 1 0 0 0 760 3 14 14 4
2 12 1 0 0 0 760 3 15 15 14
2 13 1 0 0 0 760 2 12 12 15
2 14 1 0 0 0 760 3 12 12 12
2 15 1 0 0 0 760 2 2 2 12
2 16 1 1 0 0 736 1 12 12 2
2 17 1 0 0 0 760 2 8 8 12
2 18 1 0 0 0 760 2 11 11 8
2 19 1 1 0 0 593 1 8 8 11
2 20 1 0 0 0 760 2 1 1 8
2 21 1 1 0 0 650 1 8 8 1
2 22 0 0 1 0 760 1 1 1 8
2 23 1 0 0 0 760 2 1 1 1
2 24 1 0 0 0 760 3 13 13 1
2 25 1 0 0 0 760 2 6 6 13
3 1 1 0 0 0 760 1 2 2 6
3 2 1 0 0 0 760 1 10 10 2
3 3 1 0 0 0 760 3 12 12 10
3 4 1 0 0 0 760 2 2 2 12
3 5 1 0 0 0 760 3 15 15 2
3 6 1 0 0 0 760 2 15 15 15
3 7 1 0 0 0 760 2 5 5 15
3 8 0 0 1 0 760 1 15 15 5
3 9 1 0 0 0 760 2 7 7 15
3 10 1 0 0 0 760 3 9 9 7
3 11 1 0 0 0 760 2 10 10 9
3 12 1 0 0 0 760 3 5 5 10
3 13 1 1 0 0 619 1 10 10 5
3 14 1 0 0 0 760 3 2 2 10
3 15 1 0 0 0 760 3 3 3 2
3 16 1 0 0 0 760 2 6 6 3
3 17 1 1 0 0 676 1 3 3 6
3 18 0 0 1 0 760 1 6 6 3
3 19 0 0 1 0 760 1 3 3 6
3 20 0 0 1 0 760 1 6 6 3
3 21 1 0 0 0 760 3 7 7 6
3 22 0 0 1 0 760 1 6 6 7
3 23 0 0 1 0 760 1 7 7 6
3 24 0 0 0 1 512 2 4 4 7
3 25 1 0 0 0 760 2 1 1 4
