1 1 1 0 0 0 760 1 15 15 0
1 2 1 0 0 0 760 2 6 6 15
1 3 0 0 1 0 760 1 15 15 6
1 4 1 0 0 0 760 3 5 5 15
1 5 1 0 0 0 760 2 12 12 5
1 6 0 0 1 0 760 1 5 5 12
1 7 1 0 0 0 760 2 14 14 5
1 8 1 0 0 0 760 3 15 15 14
1 9 1 1 0 0 642 1 14 14 15
1 10 1 0 0 0 760 3 11 11 14
1 11 0 0 0 1 689 2 12 12 11
1 12 1 0 0 0 760 2 13 13 12
1 13 1 1 0 0 672 1 12 12 13
1 14 1 0 0 0 760 3 8 8 12
1 15 0 0 1 0 760 1 12 12 8
1 16 0 0 1 0 760 1 8 8 12
1 17 1 1 0 0 639 1 12 12 8
1 18 1 1 0 0 682 1 8 8 12
1 19 1 0 0 0 760 3 8 8 8
1 20 1 0 0 0 760 2 15 15 8
1 21 1 0 0 0 760 3 3 3 15
1 22 1 0 0 0 760 3 9 9 3
1 23 1 1 0 0 678 1 3 3 9
1 24 1 0 0 0 760 2 14 14 3
1 25 1 0 0 0 760 2 9 9 14
2 1 1 0 0 0 760 3 11 11 9
2 2 1 0 0 0 760 2 5 5 11
2 3 1 1 0 0 613 1 11 11 5
2 4 0 0 1 0 760 1 5 5 11
2 5 1 0 0 0 760 2 8 8 5
2 6 1 0 0 0 760 2 10 10 8
2 7 0 0 1 0 760 1 8 8 10
2 8 1 0 0 0 760 2 3 3 8
2 9 1 0 0 0 760 2 3 3 3
2 10 1 0 0 0 760 2 5 5 3
2 11 1 0 0 0 760 3 5 5 5
2 12 1 0 0 0 760 2 12 12 5
2 13 1 1 0 0 611 1 5 5 12
2 14 1 0 0 0 760 2 1 1 5
2 15 1 1 0 0 652 1 5 5 1
2 16 1 0 0 0 760 3 3 3 5
2 17 0 0 1 0 760 1 5 5 3
2 18 1 1 0 0 686 1 3 3 5
2 19 1 0 0 0 760 2 12 12 3
2 20 1 0 0 0 760 3 4 4 12
2 21 1 0 0 0 760 2 10 10 4
2 22 1 1 0 0 759 1 4 4 10
2 23 1 0 0 0 760 2 9 9 4
2 24 1 0 0 0 760 3 8 8 9
2 25 1 0 0 0 760 3 15 15 8
3 1 1 0 0 0 760 1 7 7 15
3 2 1 0 0 0 760 3 6 6 7
3 3 1 0 0 0 760 2 9 9 6
3 4 1 1 0 0 570 1 6 6 9
3 5 1 1 0 0 694 1 9 9 6
3 6 1 0 0 0 760 3 8 8 9
3 7 1 0 0 0 760 3 14 14 8
3 8 1 1 0 0 569 1 8 8 14
3 9 1 0 0 0 760 3 5 5 8
3 10 1 0 0 0 760 3 9 9 5
3 11 1 1 0 0 658 1 5 5 9
3 12 1 0 0 0 760 3 8 8 5
3 13 1 0 0 0 760 3 4 4 8
3 14 1 1 0 0 698 1 8 8 4
3 15 1 0 0 0 760 2 15 15 8
3 16 1 0 0 0 760 3 11 11 15
3 17 1 0 0 0 760 3 10 10 11
3 18 1 0 0 0 760 3 4 4 10
3 19 1 0 0 0 760 2 8 8 4
3 20 1 0 0 0 760 3 3 3 8
3 21 1 0 0 0 760 3 13 13 3
3 22 1 0 0 0 760 3 15 15 13
3 23 0 0 1 0 760 1 13 13 15
3 24 0 0 1 0 760 1 15 15 13
3 25 1 0 0 0 760 2 7 7 15
