1 1 1 0 0 0 760 1 3 3 0
1 2 1 0 0 0 760 3 2 2 3
1 3 1 0 0 0 760 3 12 12 2
1 4 1 0 0 0 760 3 11 11 12
1 5 1 0 0 0 760 2 9 9 11
1 6 1 0 0 0 760 3 6 6 9
1 7 1 0 0 0 760 3 1 1 6
1 8 1 1 0 0 761 1 6 6 1
1 9 1 0 0 0 760 2 14 14 6
1 10 1 0 0 0 760 3 12 12 14
1 11 1 0 0 0 760 3 13 13 12
1 12 0 0 1 0 760 1 12 12 13
1 13 1 0 0 0 760 3 10 10 12
1 14 1 0 0 0 760 2 7 7 10
1 15 1 0 0 0 760 2 14 14 7
1 16 0 0 1 0 760 1 7 7 14
1 17 0 0 1 0 760 1 14 14 7
1 18 1 0 0 0 760 2 5 5 14
1 19 0 0 1 0 642 1 14 14 5
1 20 1 0 0 0 760 3 10 10 14
1 21 0 0 1 0 760 1 14 14 10
1 22 1 0 0 0 760 2 11 11 14
1 23 0 0 1 0 760 1 14 14 11
1 24 1 0 0 0 760 3 10 10 14
1 25 1 0 0 0 760 3 8 8 10
2 1 1 0 0 0 760 1 13 13 8
2 2 1 0 0 0 760 1 3 3 13
2 3 1 0 0 0 760 3 5 5 3
2 4 1 1 0 0 662 1 3 3 5
2 5 1 0 0 0 760 3 12 12 3
2 6 0 0 1 0 760 1 3 3 12
2 7 1 0 0 0 760 2 9 9 3
2 8 1 1 0 0 612 1 3 3 9
2 9 0 0 1 0 760 1 9 9 3
2 10 0 0 1 0 760 1 3 3 9
2 11 1 0 0 0 760 3 1 1 3
2 12 1 1 0 0 646 1 3 3 1
2 13 1 0 0 0 760 2 7 7 3
2 14 1 1 0 0 660 1 3 3 7
2 15 1 0 0 0 760 2 13 13 3
2 16 1 1 0 0 677 1 3 3 13
2 17 0 0 1 0 760 1 13 13 3
2 18 1 0 0 0 760 3 2 2 13
2 19 1 0 0 0 760 3 15 15 2
2 20 1 0 0 0 760 2 11 11 15
2 21 1 0 0 0 760 3 3 3 11
2 22 1 0 0 0 760 2 14 14 3
2 23 0 0 1 0 760 1 3 3 14
2 24 1 0 0 0 760 3 12 12 3
2 25 1 0 0 0 760 3 11 11 12
3 1 1 0 0 0 760 1 11 11 11
3 2 1 0 0 0 760 1 7 7 11
3 3 1 0 0 0 760 2 3 3 7
3 4 0 0 0 1 720 3 5 5 3
3 5 0 0 1 0 760 1 3 3 5
3 6 1 0 0 0 760 2 10 10 3
3 7 0 0 1 0 760 1 3 3 10
3 8 0 0 1 0 760 1 10 10 3
3 9 1 0 0 0 760 3 5 5 10
3 10 1 0 0 0 760 2 13 13 5
3 11 1 0 0 0 760 3 10 10 13
3 12 1 0 0 0 760 2 2 2 10
3 13 1 0 0 0 760 3 6 6 2
3 14 1 0 0 0 760 2 5 5 6
3 15 0 0 1 0 760 1 6 6 5
3 16 1 0 0 0 760 2 11 11 6
3 17 1 0 0 0 760 2 12 12 11
3 18 1 0 0 0 760 2 7 7 12
3 19 1 0 0 0 760 3 3 3 7
3 20 1 0 0 0 760 3 3 3 3
3 21 1 0 0 0 760 2 14 14 3
3 22 0 0 1 0 760 1 3 3 14
3 23 1 0 0 0 760 3 6 6 3
3 24 0 0 1 0 760 1 3 3 6
3 25 1 0 0 0 760 3 8 8 3
