1 1 1 0 0 0 760 3 9 9 0
1 2 1 0 0 0 760 3 10 10 9
1 3 1 0 0 0 760 2 6 6 10
1 4 0 0 1 0 760 1 10 10 6
1 5 0 0 1 0 760 1 6 6 10
1 6 0 0 1 0 760 1 10 10 6
1 7 0 0 1 0 760 1 6 6 10
1 8 1 0 0 0 760 2 13 13 6
1 9 1 0 0 0 760 3 1 1 13
1 10 1 0 0 0 760 3 1 1 1
1 11 1 0 0 0 760 3 14 14 1
1 12 0 0 1 0 760 1 1 1 14
1 13 1 1 0 0 615 1 14 14 1
1 14 1 0 0 0 760 3 12 12 14
1 15 0 0 0 1 414 2 1 1 12
1 16 1 0 0 0 760 2 1 1 1
1 17 1 0 0 0 760 3 7 7 1
1 18 1 0 0 0 760 2 4 4 7
1 19 0 0 1 0 760 1 7 7 4
1 20 1 0 0 0 760 2 14 14 7
1 21 1 0 0 0 760 2 1 1 14
1 22 1 0 0 0 760 3 3 3 1
1 23 1 1 0 0 738 1 1 1 3
1 24 1 0 0 0 760 2 4 4 1
1 25 1 0 0 0 760 3 5 5 4
2 1 1 0 0 0 760 2 3 3 5
2 2 1 0 0 0 760 1 7 7 3
2 3 1 0 0 0 760 3 2 2 7
2 4 1 0 0 0 760 2 6 6 2
2 5 0 0 1 0 760 1 2 2 6
2 6 1 0 0 0 760 3 1 1 2
2 7 1 1 0 0 563 1 2 2 1
2 8 1 0 0 0 760 3 6 6 2
2 9 1 0 0 0 760 3 9 9 6
2 10 1 0 0 0 760 2 4 4 9
2 11 1 0 0 0 760 2 2 2 4
2 12 1 0 0 0 760 2 7 7 2
2 13 1 0 0 0 760 2 1 1 7
2 14 1 0 0 0 760 3 14 14 1
2 15 1 0 0 0 760 3 6 6 14
2 16 1 0 0 0 760 3 1 1 6
2 17 0 0 0 1 718 3 1 1 1
2 18 1 0 0 0 760 3 3 3 1
2 19 0 0 1 0 760 1 1 1 3
2 20 1 0 0 0 760 3 9 9 1
2 21 1 0 0 0 760 2 3 3 9
2 22 1 0 0 0 760 3 3 3 3
2 23 1 0 0 0 760 3 15 15 3
2 24 1 0 0 0 760 3 11 11 15
2 25 0 0 1 0 760 1 15 15 11
3 1 1 0 0 0 760 3 13 13 15
3 2 1 0 0 0 760 3 4 4 13
3 3 0 0 1 0 760 1 13 13 4
3 4 1 0 0 0 760 2 2 2 13
3 5 1 0 0 0 760 2 10 10 2
3 6 1 0 0 0 760 2 5 5 10
3 7 1 0 0 0 760 3 11 11 5
3 8 0 0 1 0 760 1 5 5 11
3 9 1 1 0 0 742 1 11 11 5
3 10 1 0 0 0 760 2 3 3 11
3 11 0 0 1 0 760 1 11 11 3
3 12 1 0 0 0 760 3 9 9 11
3 13 1 0 0 0 760 2 2 2 9
3 14 1 0 0 0 760 2 15 15 2
3 15 0 0 1 0 760 1 2 2 15
3 16 1 0 0 0 760 2 3 3 2
3 17 1 0 0 0 760 2 12 12 3
3 18 1 0 0 0 760 3 14 14 12
3 19 1 0 0 0 760 2 6 6 14
3 20 0 0 1 0 760 1 14 14 6
3 21 1 0 0 0 760 3 14 14 14
3 22 1 0 0 0 760 3 12 12 14
3 23 1 1 0 0 564 1 14 14 12
3 24 0 0 1 0 760 1 12 12 14
3 25 1 0 0 0 760 3 15 15 12
