1 1 1 0 0 0 760 3 1 1 0
1 2 1 0 0 0 760 1 4 4 1
1 3 1 0 0 0 760 3 5 5 4
1 4 1 0 0 0 760 3 7 7 5
1 5 1 0 0 0 760 2 14 14 7
1 6 1 0 0 0 760 3 3 3 14
1 7 1 0 0 0 760 3 2 2 3
1 8 1 1 0 0 739 1 3 3 2
1 9 0 0 1 0 760 1 2 2 3
1 10 1 0 0 0 760 2 5 5 2
1 11 1 1 0 0 698 1 2 2 5
1 12 1 0 0 0 760 2 11 11 2
1 13 0 0 1 0 760 1 2 2 11
1 14 0 0 1 0 760 1 11 11 2
1 15 1 0 0 0 760 2 11 11 11
1 16 1 0 0 0 760 2 7 7 11
1 17 1 0 0 0 760 2 7 7 7
1 18 1 1 0 0 639 1 7 7 7
1 19 1 1 0 0 620 1 7 7 7
1 20 1 1 0 0 754 1 7 7 7
1 21 1 1 0 0 646 1 7 7 7
1 22 1 0 0 0 760 2 3 3 7
1 23 1 0 0 0 760 3 14 14 3
1 24 1 1 0 0 750 1 3 3 14
1 25 1 0 0 0 760 2 9 9 3
2 1 1 0 0 0 760 3 6 6 9
2 2 1 0 0 0 760 1 15 15 6
2 3 0 0 1 0 760 1 6 6 15
2 4 0 0 1 0 760 1 15 15 6
2 5 1 0 0 0 760 2 2 2 15
2 6 1 0 0 0 760 2 12 12 2
2 7 1 1 0 0 572 1 2 2 12
2 8 0 0 1 0 760 1 12 12 2
2 9 1 0 0 0 760 3 8 8 12
2 10 1 0 0 0 760 2 1 1 8
2 11 1 1 0 0 701 1 8 8 1
2 12 1 0 0 0 760 2 4 4 8
2 13 1 1 0 0 585 1 8 8 4
2 14 1 1 0 0 601 1 4 4 8
2 15 1 1 0 0 550 1 8 8 4
2 16 1 0 0 0 760 3 13 13 8
2 17 1 0 0 0 760 2 6 6 13
2 18 1 0 0 0 760 3 15 15 6
2 19 1 0 0 0 760 3 15 15 15
2 20 1 0 0 0 760 2 14 14 15
2 21 0 0 1 0 760 1 15 15 14
2 22 1 1 0 0 730 1 14 14 15
2 23 1 0 0 0 760 2 8 8 14
2 24 1 0 0 0 760 3 6 6 8
2 25 0 0 1 0 760 1 8 8 6
3 1 1 0 0 0 760 1 4 4 8
3 2 1 0 0 0 760 2 14 14 4
3 3 1 0 0 0 760 2 14 14 14
3 4 1 0 0 0 760 3 3 3 14
3 5 1 0 0 0 760 3 12 12 3
3 6 1 0 0 0 760 3 15 15 12
3 7 0 0 1 0 760 1 12 12 15
3 8 1 0 0 0 760 3 9 9 12
3 9 1 0 0 0 760 2 5 5 9
3 10 1 0 0 0 760 2 14 14 5
3 11 1 1 0 0 749 1 5 5 14
3 12 1 0 0 0 760 3 5 5 5
3 13 1 0 0 0 760 3 12 12 5
3 14 1 0 0 0 760 2 3 3 12
3 15 0 0 1 0 760 1 12 12 3
3 16 1 0 0 0 760 3 8 8 12
3 17 1 0 0 0 760 2 14 14 8
3 18 1 0 0 0 760 2 3 3 14
3 19 1 0 0 0 760 2 6 6 3
3 20 1 0 0 0 760 3 9 9 6
3 21 1 1 0 0 696 1 6 6 9
3 22 1 0 0 0 760 3 12 12 6
3 23 1 0 0 0 760 2 7 7 12
3 24 1 1 0 0 682 1 12 12 7
3 25 1 0 0 0 760 2 10 10 12
