1 1 1 0 0 0 760 1 8 8 0
1 2 1 0 0 0 760 2 14 14 8
1 3 1 0 0 0 760 2 6 6 14
1 4 1 0 0 0 760 3 2 2 6
1 5 1 0 0 0 760 2 9 9 2
1 6 1 0 0 0 760 3 9 9 9
1 7 0 0 1 0 760 1 9 9 9
1 8 1 0 0 0 760 3 13 13 9
1 9 0 0 1 0 760 1 9 9 13
1 10 1 0 0 0 760 3 14 14 9
1 11 1 0 0 0 760 2 4 4 14
1 12 0 0 1 0 760 1 14 14 4
1 13 1 0 0 0 760 3 13 13 14
1 14 1 0 0 0 760 3 8 8 13
1 15 1 0 0 0 760 3 2 2 8
1 16 1 0 0 0 760 3 4 4 2
1 17 1 0 0 0 760 3 13 13 4
1 18 1 0 0 0 760 3 8 8 13
1 19 1 0 0 0 760 2 4 4 8
1 20 1 0 0 0 760 2 9 9 4
1 21 1 0 0 0 760 2 10 10 9
1 22 0 0 1 0 760 1 9 9 10
1 23 1 0 0 0 760 3 15 15 9
1 24 0 0 1 0 760 1 9 9 15
1 25 0 0 1 0 760 1 15 15 9
2 1 1 0 0 0 760 1 15 15 15
2 2 1 0 0 0 760 2 9 9 15
2 3 1 0 0 0 760 3 11 11 9
2 4 0 0 1 0 760 1 9 9 11
2 5 0 0 1 0 760 1 11 11 9
2 6 0 0 1 0 760 1 9 9 11
2 7 1 0 0 0 760 3 10 10 9
2 8 0 0 1 0 760 1 9 9 10
2 9 1 0 0 0 760 2 15 15 9
2 10 0 0 1 0 760 1 9 9 15
2 11 1 0 0 0 760 2 1 1 9
2 12 1 0 0 0 760 2 11 11 1
2 13 1 0 0 0 760 3 13 13 11
2 14 1 0 0 0 760 2 1 1 13
2 15 0 0 1 0 760 1 13 13 1
2 16 0 0 1 0 760 1 1 1 13
2 17 1 0 0 0 760 2 7 7 1
2 18 1 0 0 0 760 2 13 13 7
2 19 1 0 0 0 760 3 1 1 13
2 20 1 0 0 0 760 3 6 6 1
2 21 1 0 0 0 760 2 3 3 6
2 22 1 0 0 0 760 2 14 14 3
2 23 1 1 0 0 644 1 3 3 14
2 24 1 0 0 0 760 3 4 4 3
2 25 1 0 0 0 760 3 1 1 4
3 1 1 0 0 0 760 2 11 11 1
3 2 1 0 0 0 760 3 7 7 11
3 3 1 0 0 0 760 2 5 5 7
3 4 1 1 0 0 513 1 7 7 5
3 5 0 0 1 0 760 1 5 5 7
3 6 1 0 0 0 760 3 1 1 5
3 7 1 0 0 0 760 3 13 13 1
3 8 0 0 0 1 721 2 13 13 13
3 9 1 1 0 0 730 1 13 13 13
3 10 1 0 0 0 760 3 8 8 13
3 11 0 0 1 0 760 1 13 13 8
3 12 1 0 0 0 760 2 3 3 13
3 13 1 0 0 0 760 3 14 14 3
3 14 1 1 0 0 761 1 3 3 14
3 15 1 0 0 0 760 3 11 11 3
3 16 1 0 0 0 760 3 15 15 11
3 17 0 0 1 0 760 1 11 11 15
3 18 0 0 1 0 760 1 15 15 11
3 19 1 0 0 0 760 2 10 10 15
3 20 1 0 0 0 760 2 9 9 10
3 21 1 0 0 0 760 3 15 15 9
3 22 1 0 0 0 760 3 8 8 15
3 23 1 0 0 0 760 3 1 1 8
3 24 1 0 0 0 760 2 4 4 1
3 25 1 0 0 0 760 2 3 3 4
