1 1 1 0 0 0 760 3 13 13 0
1 2 1 0 0 0 760 1 2 2 13
1 3 0 0 1 0 760 1 13 13 2
1 4 1 0 0 0 760 2 9 9 13
1 5 1 1 0 0 568 1 13 13 9
1 6 1 0 0 0 760 2 13 13 13
1 7 1 0 0 0 760 2 11 11 13
1 8 1 0 0 0 760 2 2 2 11
1 9 1 0 0 0 760 3 2 2 2
1 10 1 0 0 0 760 3 5 5 2
1 11 0 0 1 0 760 1 2 2 5
1 12 1 0 0 0 760 3 9 9 2
1 13 0 0 0 1 682 2 9 9 9
1 14 0 0 1 0 760 1 9 9 9
1 15 1 0 0 0 760 3 15 15 9
1 16 1 0 0 0 760 2 6 6 15
1 17 1 1 0 0 697 1 15 15 6
1 18 1 0 0 0 760 3 5 5 15
1 19 1 0 0 0 760 3 13 13 5
1 20 1 0 0 0 760 2 2 2 13
1 21 1 0 0 0 760 3 5 5 2
1 22 1 0 0 0 760 2 3 3 5
1 23 0 0 1 0 760 1 5 5 3
1 24 1 0 0 0 760 3 9 9 5
1 25 1 1 0 0 762 1 5 5 9
2 1 1 0 0 0 760 2 13 13 5
2 2 1 0 0 0 760 3 1 1 13
2 3 0 0 0 1 595 3 1 1 1
2 4 1 0 0 0 760 3 3 3 1
2 5 1 0 0 0 760 3 8 8 3
2 6 1 1 0 0 721 1 3 3 8
2 7 1 0 0 0 760 2 6 6 3
2 8 1 0 0 0 760 3 8 8 6
2 9 1 0 0 0 760 2 11 11 8
2 10 1 1 0 0 651 1 8 8 11
2 11 1 0 0 0 760 2 13 13 8
2 12 1 1 0 0 634 1 8 8 13
2 13 0 0 1 0 760 1 13 13 8
2 14 1 0 0 0 760 3 15 15 13
2 15 1 0 0 0 760 2 15 15 15
2 16 1 0 0 0 760 3 4 4 15
2 17 1 1 0 0 700 1 15 15 4
2 18 1 1 0 0 716 1 4 4 15
2 19 1 1 0 0 599 1 15 15 4
2 20 1 1 0 0 606 1 4 4 15
2 21 1 0 0 0 760 3 14 14 4
2 22 1 1 0 0 704 1 4 4 14
2 23 0 0 1 0 760 1 14 14 4
2 24 1 0 0 0 760 3 2 2 14
2 25 0 0 1 0 760 1 14 14 2
3 1 1 0 0 0 760 3 9 9 14
3 2 1 0 0 0 760 2 13 13 9
3 3 1 1 0 0 658 1 9 9 13
3 4 1 0 0 0 760 2 6 6 9
3 5 1 0 0 0 760 2 11 11 6
3 6 1 0 0 0 760 2 11 11 11
3 7 1 0 0 0 760 3 13 13 11
3 8 1 0 0 0 760 3 13 13 13
3 9 1 0 0 0 760 2 6 6 13
3 10 1 0 0 0 760 2 15 15 6
3 11 1 1 0 0 620 1 6 6 15
3 12 1 0 0 0 760 3 13 13 6
3 13 1 0 0 0 760 3 3 3 13
3 14 1 0 0 0 760 3 1 1 3
3 15 1 0 0 0 760 3 15 15 1
3 16 1 0 0 0 760 2 3 3 15
3 17 1 0 0 0 760 2 1 1 3
3 18 1 0 0 0 760 2 15 15 1
3 19 1 0 0 0 760 3 2 2 15
3 20 1 1 0 0 618 1 15 15 2
3 21 0 0 1 0 760 1 2 2 15
3 22 1 0 0 0 760 2 9 9 2
3 23 1 0 0 0 760 3 4 4 9
3 24 1 1 0 0 578 1 9 9 4
3 25 1 0 0 0 760 3 7 7 9
