1 1 1 0 0 0 760 3 3 3 0
1 2 1 0 0 0 760 1 13 13 3
1 3 1 0 0 0 760 3 14 14 13
1 4 1 0 0 0 760 2 11 11 14
1 5 0 0 1 0 760 1 14 14 11
1 6 0 0 1 0 760 1 11 11 14
1 7 0 0 1 0 760 1 14 14 11
1 8 1 0 0 0 760 3 7 7 14
1 9 1 0 0 0 760 2 5 5 7
1 10 1 0 0 0 760 2 11 11 5
1 11 1 0 0 0 760 3 6 6 11
1 12 1 0 0 0 760 2 5 5 6
1 13 1 1 0 0 750 1 6 6 5
1 14 1 0 0 0 760 2 11 11 6
1 15 1 0 0 0 760 2 4 4 11
1 16 1 1 0 0 690 1 11 11 4
1 17 0 0 1 0 760 1 4 4 11
1 18 1 0 0 0 760 3 3 3 4
1 19 1 0 0 0 760 2 13 13 3
1 20 1 0 0 0 760 3 10 10 13
1 21 1 0 0 0 760 3 1 1 10
1 22 1 1 0 0 661 1 10 10 1
1 23 1 0 0 0 760 3 13 13 10
1 24 1 0 0 0 760 3 3 3 13
1 25 1 1 0 0 733 1 13 13 3
2 1 1 0 0 0 760 1 2 2 13
2 2 1 0 0 0 760 2 6 6 2
2 3 1 0 0 0 760 3 3 3 6
2 4 1 0 0 0 760 3 15 15 3
2 5 1 0 0 0 760 3 4 4 15
2 6 1 0 0 0 760 2 6 6 4
2 7 1 0 0 0 760 3 1 1 6
2 8 1 0 0 0 760 3 14 14 1
2 9 1 1 0 0 546 1 1 1 14
2 10 0 0 1 0 760 1 14 14 1
2 11 1 0 0 0 760 2 8 8 14
2 12 1 0 0 0 760 2 11 11 8
2 13 1 0 0 0 760 3 2 2 11
2 14 1 0 0 0 760 3 8 8 2
2 15 0 0 1 0 760 1 2 2 8
2 16 1 0 0 0 760 2 9 9 2
2 17 1 0 0 0 760 3 14 14 9
2 18 1 0 0 0 760 2 7 7 14
2 19 1 1 0 0 578 1 14 14 7
2 20 1 0 0 0 760 3 6 6 14
2 21 1 0 0 0 760 2 12 12 6
2 22 1 0 0 0 760 3 13 13 12
2 23 1 0 0 0 760 3 8 8 13
2 24 1 0 0 0 760 3 8 8 8
2 25 1 0 0 0 760 2 6 6 8
3 1 1 0 0 0 760 1 5 5 6
3 2 1 0 0 0 760 1 5 5 5
3 3 1 1 0 0 606 1 5 5 5
3 4 1 0 0 0 760 2 15 15 5
3 5 0 0 1 0 760 1 5 5 15
3 6 1 0 0 0 760 2 2 2 5
3 7 0 0 1 0 760 1 5 5 2
3 8 1 0 0 0 760 3 8 8 5
3 9 0 0 1 0 760 1 5 5 8
3 10 1 0 0 0 760 3 6 6 5
3 11 1 0 0 0 760 2 11 11 6
3 12 1 0 0 0 760 3 13 13 11
3 13 1 0 0 0 760 3 1 1 13
3 14 1 0 0 0 760 3 9 9 1
3 15 1 0 0 0 760 3 11 11 9
3 16 1 0 0 0 760 3 12 12 11
3 17 1 0 0 0 760 3 1 1 12
3 18 1 0 0 0 760 3 9 9 1
3 19 1 0 0 0 760 3 5 5 9
3 20 1 0 0 0 760 2 15 15 5
3 21 0 0 1 0 760 1 5 5 15
3 22 0 0 1 0 760 1 15 15 5
3 23 1 1 0 0 621 1 5 5 15
3 24 0 0 1 0 760 1 15 15 5
3 25 1 1 0 0 638 1 5 5 15
