1 1 1 0 0 0 760 1 7 7 0
1 2 1 0 0 0 760 2 15 15 7
1 3 1 0 0 0 760 3 8 8 15
1 4 1 0 0 0 760 3 6 6 8
1 5 1 0 0 0 760 2 7 7 6
1 6 1 0 0 0 760 2 7 7 7
1 7 1 1 0 0 661 1 7 7 7
1 8 1 0 0 0 760 3 10 10 7
1 9 1 0 0 0 760 3 13 13 10
1 10 1 1 0 0 533 1 10 10 13
1 11 1 0 0 0 760 3 1 1 10
1 12 1 0 0 0 760 3 7 7 1
1 13 1 1 0 0 709 1 1 1 7
1 14 1 0 0 0 760 2 14 14 1
1 15 1 1 0 0 624 1 1 1 14
1 16 0 0 0 1 718 3 1 1 1
1 17 1 0 0 0 760 2 9 9 1
1 18 1 0 0 0 760 2 4 4 9
1 19 1 0 0 0 760 2 14 14 4
1 20 0 0 1 0 760 1 4 4 14
1 21 1 0 0 0 760 2 4 4 4
1 22 1 1 0 0 623 1 4 4 4
1 23 1 1 0 0 608 1 4 4 4
1 24 1 1 0 0 645 1 4 4 4
1 25 1 1 0 0 712 1 4 4 4
2 1 1 0 0 0 760 3 9 9 4
2 2 1 0 0 0 760 3 1 1 9
2 3 0 0 1 0 760 1 9 9 1
2 4 1 1 0 0 600 1 1 1 9
2 5 1 0 0 0 760 3 4 4 1
2 6 1 1 0 0 523 1 1 1 4
2 7 1 0 0 0 760 2 7 7 1
2 8 1 0 0 0 760 2 3 3 7
2 9 1 0 0 0 760 3 11 11 3
2 10 0 0 1 0 760 1 3 3 11
2 11 1 0 0 0 760 3 4 4 3
2 12 1 0 0 0 760 2 15 15 4
2 13 1 0 0 0 760 3 10 10 15
2 14 1 0 0 0 760 2 9 9 10
2 15 1 1 0 0 612 1 10 10 9
2 16 0 0 1 0 760 1 9 9 10
2 17 1 0 0 0 760 2 1 1 9
2 18 1 0 0 0 760 2 3 3 1
2 19 1 0 0 0 760 2 8 8 3
2 20 1 0 0 0 760 3 6 6 8
2 21 1 0 0 0 760 3 5 5 6
2 22 0 0 1 0 760 1 6 6 5
2 23 1 1 0 0 694 1 5 5 6
2 24 1 0 0 0 760 3 13 13 5
2 25 1 0 0 0 760 2 6 6 13
3 1 1 0 0 0 760 3 14 14 6
3 2 1 0 0 0 760 2 8 8 14
3 3 1 1 0 0 542 1 14 14 8
3 4 0 0 0 1 627 3 14 14 14
3 5 1 1 0 0 750 1 14 14 14
3 6 1 0 0 0 760 2 4 4 14
3 7 1 0 0 0 760 3 9 9 4
3 8 0 0 1 0 760 1 4 4 9
3 9 0 0 1 0 760 1 9 9 4
3 10 1 0 0 0 760 2 6 6 9
3 11 1 1 0 0 518 1 9 9 6
3 12 1 0 0 0 760 2 1 1 9
3 13 1 0 0 0 760 3 4 4 1
3 14 1 0 0 0 760 2 12 12 4
3 15 1 0 0 0 760 2 2 2 12
3 16 1 1 0 0 748 1 12 12 2
3 17 1 0 0 0 760 3 4 4 12
3 18 1 0 0 0 760 3 1 1 4
3 19 1 1 0 0 710 1 4 4 1
3 20 0 0 1 0 760 1 1 1 4
3 21 1 0 0 0 760 2 9 9 1
3 22 1 0 0 0 760 3 5 5 9
3 23 0 0 0 1 620 3 7 7 5
3 24 0 0 0 1 702 2 1 1 7
3 25 1 0 0 0 760 3 6 6 1
