1 1 1 0 0 0 760 2 8 8 0
1 2 1 0 0 0 760 2 3 3 8
1 3 1 1 0 0 710 1 8 8 3
1 4 1 0 0 0 760 2 12 12 8
1 5 1 0 0 0 760 3 4 4 12
1 6 1 0 0 0 760 3 6 6 4
1 7 1 0 0 0 760 3 11 11 6
1 8 1 0 0 0 760 2 12 12 11
1 9 1 0 0 0 760 2 2 2 12
1 10 1 0 0 0 760 2 8 8 2
1 11 1 0 0 0 760 3 11 11 8
1 12 1 0 0 0 760 3 12 12 11
1 13 1 0 0 0 760 3 8 8 12
1 14 1 0 0 0 760 2 14 14 8
1 15 1 0 0 0 760 2 6 6 14
1 16 1 0 0 0 760 3 8 8 6
1 17 1 0 0 0 760 2 4 4 8
1 18 1 0 0 0 760 3 14 14 4
1 19 1 0 0 0 760 2 8 8 14
1 20 1 0 0 0 760 2 9 9 8
1 21 1 0 0 0 760 2 15 15 9
1 22 1 0 0 0 760 2 5 5 15
1 23 1 0 0 0 760 3 14 14 5
1 24 1 0 0 0 760 2 1 1 14
1 25 1 0 0 0 760 2 15 15 1
2 1 1 0 0 0 760 2 9 9 15
2 2 1 0 0 0 760 3 14 14 9
2 3 1 1 0 0 629 1 9 9 14
2 4 1 0 0 0 760 2 15 15 9
2 5 1 0 0 0 760 3 6 6 15
2 6 1 0 0 0 760 2 12 12 6
2 7 1 1 0 0 718 1 6 6 12
2 8 1 0 0 0 760 2 15 15 6
2 9 1 1 0 0 624 1 6 6 15
2 10 1 1 0 0 576 1 15 15 6
2 11 0 0 1 0 760 1 6 6 15
2 12 1 0 0 0 760 2 12 12 6
2 13 1 0 0 0 760 2 5 5 12
2 14 1 1 0 0 498 1 12 12 5
2 15 1 0 0 0 760 3 3 3 12
2 16 1 0 0 0 760 2 10 10 3
2 17 1 0 0 0 760 3 13 13 10
2 18 1 0 0 0 760 3 12 12 13
2 19 1 1 0 0 696 1 13 13 12
2 20 1 0 0 0 760 2 10 10 13
2 21 1 0 0 0 760 3 1 1 10
2 22 1 1 0 0 651 1 10 10 1
2 23 1 0 0 0 760 2 14 14 10
2 24 1 1 0 0 554 1 10 10 14
2 25 1 1 0 0 709 1 14 14 10
3 1 1 0 0 0 760 1 13 13 14
3 2 1 0 0 0 760 1 10 10 13
3 3 1 1 0 0 525 1 13 13 10
3 4 1 0 0 0 760 3 1 1 13
3 5 1 1 0 0 639 1 13 13 1
3 6 1 0 0 0 760 3 6 6 13
3 7 1 0 0 0 760 3 8 8 6
3 8 1 1 0 0 674 1 6 6 8
3 9 1 0 0 0 760 2 12 12 6
3 10 0 0 0 1 689 2 12 12 12
3 11 1 0 0 0 760 3 5 5 12
3 12 1 0 0 0 760 3 7 7 5
3 13 1 0 0 0 760 2 8 8 7
3 14 1 0 0 0 760 2 1 1 8
3 15 1 0 0 0 760 2 10 10 1
3 16 1 0 0 0 760 3 12 12 10
3 17 1 0 0 0 760 3 11 11 12
3 18 1 1 0 0 627 1 12 12 11
3 19 1 1 0 0 678 1 11 11 12
3 20 1 1 0 0 728 1 12 12 11
3 21 1 0 0 0 760 2 4 4 12
3 22 1 0 0 0 760 2 8 8 4
3 23 0 0 1 0 760 1 4 4 8
3 24 1 1 0 0 710 1 8 8 4
3 25 1 0 0 0 760 3 14 14 8
