1 1 1 0 0 0 760 3 13 13 0
1 2 1 0 0 0 760 2 6 6 13
1 3 1 0 0 0 760 3 12 12 6
1 4 1 0 0 0 760 3 13 13 12
1 5 1 0 0 0 760 3 11 11 13
1 6 1 0 0 0 760 3 15 15 11
1 7 1 1 0 0 690 1 11 11 15
1 8 1 0 0 0 760 2 2 2 11
1 9 1 1 0 0 562 1 11 11 2
1 10 1 0 0 0 760 2 8 8 11
1 11 1 0 0 0 760 3 6 6 8
1 12 1 0 0 0 760 3 9 9 6
1 13 1 0 0 0 760 3 9 9 9
1 14 1 0 0 0 760 2 11 11 9
1 15 1 0 0 0 760 2 11 11 11
1 16 1 1 0 0 493 1 11 11 11
1 17 1 0 0 0 760 2 9 9 11
1 18 1 0 0 0 760 2 8 8 9
1 19 1 0 0 0 760 3 12 12 8
1 20 1 0 0 0 760 2 11 11 12
1 21 1 0 0 0 760 3 6 6 11
1 22 1 0 0 0 760 3 12 12 6
1 23 0 0 1 0 760 1 6 6 12
1 24 0 0 1 0 760 1 12 12 6
1 25 1 0 0 0 760 2 14 14 12
2 1 1 0 0 0 760 3 1 1 14
2 2 1 0 0 0 760 3 5 5 1
2 3 1 0 0 0 760 2 7 7 5
2 4 0 0 1 0 760 1 5 5 7
2 5 1 0 0 0 760 3 14 14 5
2 6 1 0 0 0 760 2 12 12 14
2 7 1 0 0 0 760 2 4 4 12
2 8 1 0 0 0 760 3 6 6 4
2 9 1 0 0 0 760 3 3 3 6
2 10 1 0 0 0 760 2 2 2 3
2 11 1 0 0 0 760 3 8 8 2
2 12 1 0 0 0 760 3 4 4 8
2 13 1 1 0 0 745 1 8 8 4
2 14 1 0 0 0 760 2 11 11 8
2 15 1 0 0 0 760 2 7 7 11
2 16 1 1 0 0 596 1 11 11 7
2 17 0 0 1 0 760 1 7 7 11
2 18 1 0 0 0 760 3 1 1 7
2 19 1 0 0 0 760 3 13 13 1
2 20 1 0 0 0 760 2 13 13 13
2 21 1 1 0 0 596 1 13 13 13
2 22 1 0 0 0 760 3 4 4 13
2 23 1 0 0 0 760 2 6 6 4
2 24 1 0 0 0 760 2 15 15 6
2 25 1 0 0 0 760 2 7 7 15
3 1 1 0 0 0 760 2 9 9 7
3 2 1 0 0 0 760 1 3 3 9
3 3 0 0 1 0 760 1 9 9 3
3 4 1 0 0 0 760 3 5 5 9
3 5 1 1 0 0 536 1 9 9 5
3 6 0 0 1 0 760 1 5 5 9
3 7 1 0 0 0 760 3 10 10 5
3 8 1 0 0 0 760 2 14 14 10
3 9 0 0 1 0 760 1 10 10 14
3 10 0 0 1 0 760 1 14 14 10
3 11 0 0 1 0 760 1 10 10 14
3 12 1 0 0 0 760 3 1 1 10
3 13 1 0 0 0 760 3 9 9 1
3 14 1 1 0 0 725 1 1 1 9
3 15 1 0 0 0 760 3 11 11 1
3 16 1 1 0 0 557 1 1 1 11
3 17 1 1 0 0 700 1 11 11 1
3 18 1 0 0 0 760 2 3 3 11
3 19 1 0 0 0 760 2 12 12 3
3 20 0 0 1 0 760 1 3 3 12
3 21 1 0 0 0 760 2 5 5 3
3 22 0 0 0 1 650 3 5 5 5
3 23 1 0 0 0 760 2 8 8 5
3 24 0 0 1 0 760 1 5 5 8
3 25 1 0 0 0 760 2 9 9 5
