1 1 1 0 0 0 760 2 7 7 0
1 2 1 0 0 0 760 2 7 7 7
1 3 1 1 0 0 651 1 7 7 7
1 4 0 0 1 0 426 1 7 7 7
1 5 0 0 1 0 760 1 7 7 7
1 6 0 0 0 1 449 3 11 11 7
1 7 1 0 0 0 760 3 6 6 11
1 8 1 0 0 0 760 2 3 3 6
1 9 0 0 1 0 760 1 6 6 3
1 10 1 0 0 0 760 2 14 14 6
1 11 1 0 0 0 760 2 4 4 14
1 12 1 0 0 0 760 3 3 3 4
1 13 1 0 0 0 760 2 2 2 3
1 14 1 0 0 0 760 3 4 4 2
1 15 1 0 0 0 668 2 5 5 4
1 16 1 0 0 0 481 2 8 8 5
1 17 0 0 1 0 760 1 5 5 8
1 18 1 0 0 0 760 2 1 1 5
1 19 1 0 0 0 760 3 6 6 1
1 20 1 0 0 0 760 2 5 5 6
1 21 1 1 0 0 543 1 6 6 5
1 22 1 0 0 0 760 3 4 4 6
1 23 1 0 0 0 760 2 10 10 4
1 24 0 0 1 0 760 1 4 4 10
1 25 1 1 0 0 610 1 10 10 4
2 1 1 0 0 0 760 3 13 13 10
2 2 1 0 0 0 760 3 4 4 13
2 3 1 0 0 0 760 2 5 5 4
2 4 1 0 0 0 760 3 5 5 5
2 5 0 0 1 0 760 1 5 5 5
2 6 1 0 0 0 760 3 9 9 5
2 7 1 0 0 0 760 2 9 9 9
2 8 1 0 0 0 760 2 13 13 9
2 9 0 0 1 0 760 1 9 9 13
2 10 0 0 1 0 760 1 13 13 9
2 11 1 0 0 0 760 3 6 6 13
2 12 1 0 0 0 760 3 4 4 6
2 13 1 0 0 0 760 3 13 13 4
2 14 0 0 1 0 760 1 4 4 13
2 15 1 0 0 0 760 3 4 4 4
2 16 0 0 1 0 760 1 4 4 4
2 17 1 0 0 0 760 2 10 10 4
2 18 0 0 0 1 443 2 9 9 10
2 19 0 0 1 0 760 1 10 10 9
2 20 0 0 1 0 760 1 9 9 10
2 21 1 0 0 0 760 2 14 14 9
2 22 1 1 0 0 488 1 9 9 14
2 23 1 1 0 0 514 1 14 14 9
2 24 1 0 0 0 760 2 13 13 14
2 25 1 0 0 0 760 2 6 6 13
3 1 1 0 0 0 760 2 15 15 6
3 2 1 0 0 0 760 1 14 14 15
3 3 0 0 1 0 760 1 15 15 14
3 4 1 1 0 0 647 1 14 14 15
3 5 1 0 0 0 760 3 7 7 14
3 6 1 1 0 0 542 1 14 14 7
3 7 1 0 0 0 760 3 8 8 14
3 8 1 0 0 0 760 3 1 1 8
3 9 1 0 0 0 760 3 6 6 1
3 10 0 0 1 0 760 1 1 1 6
3 11 0 0 1 0 760 1 6 6 1
3 12 1 0 0 0 760 3 4 4 6
3 13 1 0 0 0 760 3 11 11 4
3 14 1 1 0 0 571 1 4 4 11
3 15 1 0 0 0 760 3 5 5 4
3 16 0 0 1 0 760 1 4 4 5
3 17 1 1 0 0 578 1 5 5 4
3 18 1 0 0 0 760 3 3 3 5
3 19 1 0 0 0 760 2 15 15 3
3 20 1 0 0 0 760 2 2 2 15
3 21 0 0 1 0 760 1 15 15 2
3 22 0 0 0 1 478 3 10 10 15
3 23 1 0 0 0 760 2 2 2 10
3 24 1 1 0 0 609 1 10 10 2
3 25 0 0 1 0 760 1 2 2 10
