1 1 1 0 0 0 760 3 15 15 0
1 2 1 0 0 0 760 1 13 13 15
1 3 0 0 1 0 760 1 15 15 13
1 4 1 0 0 0 760 3 8 8 15
1 5 1 1 0 0 621 1 15 15 8
1 6 1 1 0 0 745 1 8 8 15
1 7 1 0 0 0 760 3 3 3 8
1 8 1 0 0 0 760 2 4 4 3
1 9 1 0 0 0 760 2 12 12 4
1 10 1 1 0 0 576 1 4 4 12
1 11 1 1 0 0 621 1 12 12 4
1 12 1 0 0 0 760 2 8 8 12
1 13 1 0 0 0 760 3 7 7 8
1 14 1 0 0 0 760 3 11 11 7
1 15 1 1 0 0 524 1 7 7 11
1 16 1 1 0 0 567 1 11 11 7
1 17 1 0 0 0 760 2 14 14 11
1 18 1 0 0 0 760 2 1 1 14
1 19 0 0 1 0 760 1 14 14 1
1 20 1 0 0 0 760 2 15 15 14
1 21 1 0 0 0 760 3 6 6 15
1 22 0 0 1 0 760 1 15 15 6
1 23 0 0 1 0 760 1 6 6 15
1 24 1 0 0 0 760 3 11 11 6
1 25 1 0 0 0 760 2 7 7 11
2 1 1 0 0 0 760 1 12 12 7
2 2 1 0 0 0 760 1 14 14 12
2 3 1 0 0 0 760 2 15 15 14
2 4 1 1 0 0 530 1 14 14 15
2 5 1 1 0 0 616 1 15 15 14
2 6 1 1 0 0 716 1 14 14 15
2 7 0 0 1 0 760 1 15 15 14
2 8 1 1 0 0 691 1 14 14 15
2 9 1 1 0 0 656 1 15 15 14
2 10 1 0 0 0 760 3 6 6 15
2 11 0 0 1 0 760 1 15 15 6
2 12 1 1 0 0 633 1 6 6 15
2 13 1 0 0 0 760 2 11 11 6
2 14 1 0 0 0 760 3 14 14 11
2 15 1 1 0 0 621 1 11 11 14
2 16 1 1 0 0 639 1 14 14 11
2 17 1 0 0 0 760 2 6 6 14
2 18 0 0 1 0 760 1 14 14 6
2 19 0 0 1 0 760 1 6 6 14
2 20 1 1 0 0 584 1 14 14 6
2 21 1 1 0 0 555 1 6 6 14
2 22 1 0 0 0 760 2 5 5 6
2 23 1 1 0 0 493 1 6 6 5
2 24 0 0 1 0 760 1 5 5 6
2 25 1 0 0 0 760 3 5 5 5
3 1 1 0 0 0 760 2 2 2 5
3 2 1 0 0 0 760 2 13 13 2
3 3 1 1 0 0 502 1 2 2 13
3 4 1 0 0 0 760 2 9 9 2
3 5 1 0 0 0 760 3 15 15 9
3 6 1 1 0 0 641 1 9 9 15
3 7 1 1 0 0 660 1 15 15 9
3 8 1 1 0 0 760 1 9 9 15
3 9 1 0 0 0 760 3 5 5 9
3 10 0 0 0 1 476 3 5 5 5
3 11 0 0 1 0 760 1 5 5 5
3 12 1 0 0 0 760 2 4 4 5
3 13 0 0 1 0 760 1 5 5 4
3 14 1 0 0 0 760 3 8 8 5
3 15 0 0 1 0 760 1 5 5 8
3 16 0 0 1 0 760 1 8 8 5
3 17 1 0 0 0 760 2 2 2 8
3 18 0 0 1 0 760 1 8 8 2
3 19 1 0 0 0 760 2 12 12 8
3 20 0 0 1 0 760 1 8 8 12
3 21 1 0 0 0 760 3 14 14 8
3 22 1 1 0 0 430 1 8 8 14
3 23 1 0 0 0 760 2 11 11 8
3 24 0 0 1 0 760 1 8 8 11
3 25 0 0 1 0 760 1 11 11 8
