1 1 1 0 0 0 760 3 1 1 0
1 2 1 0 0 0 760 3 4 4 1
1 3 1 0 0 0 760 2 7 7 4
1 4 0 0 1 0 760 1 4 4 7
1 5 0 0 1 0 760 1 7 7 4
1 6 1 0 0 0 760 2 6 6 7
1 7 1 0 0 0 760 2 3 3 6
1 8 0 0 1 0 760 1 6 6 3
1 9 1 0 0 0 760 2 9 9 6
1 10 1 1 0 0 505 1 6 6 9
1 11 1 0 0 0 760 3 2 2 6
1 12 0 0 1 0 760 1 6 6 2
1 13 1 0 0 0 760 2 3 3 6
1 14 0 0 1 0 760 1 6 6 3
1 15 1 0 0 0 760 3 1 1 6
1 16 1 0 0 0 760 3 13 13 1
1 17 1 0 0 0 760 2 11 11 13
1 18 1 0 0 0 760 3 3 3 11
1 19 1 0 0 0 760 3 1 1 3
1 20 0 0 1 0 760 1 3 3 1
1 21 0 0 1 0 760 1 1 1 3
1 22 1 0 0 0 760 2 9 9 1
1 23 1 0 0 0 760 3 7 7 9
1 24 1 0 0 0 760 2 10 10 7
1 25 1 0 0 0 760 2 15 15 10
2 1 1 0 0 0 760 3 6 6 15
2 2 1 0 0 0 760 2 7 7 6
2 3 0 0 0 1 463 3 10 10 7
2 4 1 0 0 0 760 3 6 6 10
2 5 1 0 0 0 760 2 5 5 6
2 6 1 0 0 0 760 2 13 13 5
2 7 1 0 0 0 760 3 13 13 13
2 8 0 0 1 0 760 1 13 13 13
2 9 1 1 0 0 582 1 13 13 13
2 10 1 0 0 0 760 3 3 3 13
2 11 1 0 0 0 760 3 11 11 3
2 12 1 1 0 0 612 1 3 3 11
2 13 1 0 0 0 760 2 5 5 3
2 14 1 1 0 0 685 1 3 3 5
2 15 1 0 0 0 760 2 8 8 3
2 16 1 0 0 0 760 3 13 13 8
2 17 1 0 0 0 760 2 4 4 13
2 18 1 0 0 0 760 3 12 12 4
2 19 1 0 0 0 760 2 8 8 12
2 20 1 0 0 0 760 3 10 10 8
2 21 1 0 0 0 760 3 5 5 10
2 22 1 0 0 0 760 2 9 9 5
2 23 1 0 0 0 760 3 12 12 9
2 24 1 0 0 0 760 3 10 10 12
2 25 1 1 0 0 643 1 12 12 10
3 1 1 0 0 0 760 1 11 11 12
3 2 1 0 0 0 760 1 10 10 11
3 3 1 0 0 0 760 2 7 7 10
3 4 1 0 0 0 760 2 15 15 7
3 5 1 0 0 0 760 2 2 2 15
3 6 1 0 0 0 760 2 2 2 2
3 7 1 0 0 0 760 2 1 1 2
3 8 1 0 0 0 760 2 10 10 1
3 9 1 0 0 0 760 2 9 9 10
3 10 1 0 0 0 760 3 12 12 9
3 11 1 0 0 0 760 2 13 13 12
3 12 1 0 0 0 760 2 10 10 13
3 13 0 0 1 0 760 1 13 13 10
3 14 1 1 0 0 680 1 10 10 13
3 15 1 1 0 0 575 1 13 13 10
3 16 1 0 0 0 760 3 13 13 13
3 17 0 0 1 0 760 1 13 13 13
3 18 1 1 0 0 628 1 13 13 13
3 19 1 0 0 0 760 2 5 5 13
3 20 1 1 0 0 717 1 13 13 5
3 21 1 0 0 0 760 3 2 2 13
3 22 0 0 1 0 760 1 13 13 2
3 23 1 0 0 0 760 3 9 9 13
3 24 1 0 0 0 760 2 1 1 9
3 25 1 0 0 0 760 3 13 13 1
