1 1 1 0 0 0 760 1 5 5 0
1 2 1 0 0 0 760 3 13 13 5
1 3 1 0 0 0 760 3 14 14 13
1 4 1 0 0 0 760 3 1 1 14
1 5 1 0 0 0 760 2 12 12 1
1 6 1 1 0 0 563 1 1 1 12
1 7 1 0 0 0 760 3 6 6 1
1 8 1 1 0 0 495 1 1 1 6
1 9 1 0 0 0 760 2 8 8 1
1 10 1 0 0 0 760 2 11 11 8
1 11 1 0 0 0 760 3 4 4 11
1 12 1 1 0 0 633 1 11 11 4
1 13 1 1 0 0 610 1 4 4 11
1 14 1 0 0 0 760 2 12 12 4
1 15 1 1 0 0 613 1 4 4 12
1 16 1 0 0 0 760 3 4 4 4
1 17 1 1 0 0 743 1 4 4 4
1 18 1 0 0 0 760 2 15 15 4
1 19 1 0 0 0 760 3 13 13 15
1 20 1 1 0 0 626 1 15 15 13
1 21 1 0 0 0 760 2 9 9 15
1 22 1 0 0 0 760 2 6 6 9
1 23 1 0 0 0 760 2 6 6 6
1 24 1 0 0 0 760 3 5 5 6
1 25 0 0 1 0 760 1 6 6 5
2 1 1 0 0 0 760 2 15 15 6
2 2 1 0 0 0 760 3 11 11 15
2 3 1 1 0 0 547 1 15 15 11
2 4 1 0 0 0 760 2 3 3 15
2 5 1 0 0 0 760 3 5 5 3
2 6 1 0 0 0 760 2 4 4 5
2 7 1 1 0 0 737 1 5 5 4
2 8 0 0 1 0 760 1 4 4 5
2 9 1 0 0 0 760 2 15 15 4
2 10 1 1 0 0 585 1 4 4 15
2 11 1 1 0 0 713 1 15 15 4
2 12 1 0 0 0 760 2 10 10 15
2 13 1 0 0 0 760 3 14 14 10
2 14 1 0 0 0 760 3 11 11 14
2 15 1 1 0 0 657 1 14 14 11
2 16 1 0 0 0 760 3 2 2 14
2 17 1 0 0 0 760 3 5 5 2
2 18 1 0 0 0 760 3 4 4 5
2 19 1 0 0 0 760 3 10 10 4
2 20 1 0 0 0 760 2 1 1 10
2 21 1 0 0 0 760 3 13 13 1
2 22 1 0 0 0 760 3 7 7 13
2 23 1 1 0 0 754 1 13 13 7
2 24 1 0 0 0 760 3 5 5 13
2 25 1 1 0 0 564 1 13 13 5
3 1 1 0 0 0 760 3 12 12 13
3 2 1 0 0 0 760 3 11 11 12
3 3 0 0 1 0 760 1 12 12 11
3 4 1 0 0 0 760 3 8 8 12
3 5 1 0 0 0 760 3 6 6 8
3 6 0 0 1 0 760 1 8 8 6
3 7 1 0 0 0 760 3 15 15 8
3 8 1 0 0 0 760 2 14 14 15
3 9 1 1 0 0 473 1 15 15 14
3 10 1 0 0 0 760 3 4 4 15
3 11 1 1 0 0 472 1 15 15 4
3 12 1 1 0 0 563 1 4 4 15
3 13 1 0 0 0 760 3 1 1 4
3 14 1 0 0 0 760 3 14 14 1
3 15 0 0 0 1 661 3 14 14 14
3 16 1 1 0 0 679 1 14 14 14
3 17 0 0 1 0 760 1 14 14 14
3 18 1 0 0 0 760 2 15 15 14
3 19 1 1 0 0 527 1 14 14 15
3 20 1 0 0 0 760 2 4 4 14
3 21 1 0 0 0 760 3 8 8 4
3 22 1 0 0 0 760 2 1 1 8
3 23 1 1 0 0 695 1 8 8 1
3 24 1 1 0 0 649 1 1 1 8
3 25 1 1 0 0 745 1 8 8 1
