1 1 1 0 0 0 723 1 5 5 0
1 2 1 0 0 0 760 1 3 3 5
1 3 1 0 0 0 760 3 8 8 3
1 4 1 0 0 0 760 2 6 6 8
1 5 1 0 0 0 760 3 4 4 6
1 6 1 0 0 0 760 3 7 7 4
1 7 1 0 0 0 760 2 10 10 7
1 8 1 0 0 0 760 3 12 12 10
1 9 0 0 1 0 760 1 10 10 12
1 10 1 0 0 0 760 2 1 1 10
1 11 1 1 0 0 726 1 10 10 1
1 12 1 0 0 0 760 3 14 14 10
1 13 1 0 0 0 760 3 2 2 14
1 14 1 0 0 0 760 2 8 8 2
1 15 1 0 0 0 760 3 1 1 8
1 16 1 0 0 0 760 3 9 9 1
1 17 1 0 0 0 760 2 6 6 9
1 18 1 0 0 0 760 3 3 3 6
1 19 0 0 1 0 760 1 6 6 3
1 20 1 0 0 0 760 2 5 5 6
1 21 1 0 0 0 760 2 4 4 5
1 22 1 0 0 0 760 3 8 8 4
1 23 1 1 0 0 683 1 4 4 8
1 24 0 0 1 0 760 1 8 8 4
1 25 1 1 0 0 592 1 4 4 8
2 1 1 0 0 0 760 1 15 15 4
2 2 1 0 0 0 760 2 3 3 15
2 3 0 0 1 0 760 1 15 15 3
2 4 0 0 1 0 760 1 3 3 15
2 5 1 0 0 0 760 3 5 5 3
2 6 1 0 0 0 760 3 8 8 5
2 7 1 1 0 0 475 1 5 5 8
2 8 1 0 0 0 760 3 12 12 5
2 9 1 1 0 0 653 1 5 5 12
2 10 1 0 0 0 760 3 8 8 5
2 11 1 0 0 0 760 2 15 15 8
2 12 1 1 0 0 505 1 8 8 15
2 13 0 0 1 0 760 1 15 15 8
2 14 1 1 0 0 605 1 8 8 15
2 15 1 1 0 0 554 1 15 15 8
2 16 1 1 0 0 701 1 8 8 15
2 17 1 0 0 0 760 2 14 14 8
2 18 1 0 0 0 760 3 11 11 14
2 19 1 0 0 0 760 3 10 10 11
2 20 1 0 0 0 760 3 14 14 10
2 21 1 0 0 0 760 2 3 3 14
2 22 1 1 0 0 646 1 14 14 3
2 23 1 0 0 0 760 3 10 10 14
2 24 1 0 0 0 760 3 7 7 10
2 25 1 1 0 0 675 1 10 10 7
3 1 1 0 0 0 760 1 12 12 10
3 2 1 0 0 0 760 3 1 1 12
3 3 1 0 0 0 760 2 9 9 1
3 4 1 0 0 0 760 3 5 5 9
3 5 0 0 1 0 760 1 9 9 5
3 6 1 1 0 0 546 1 5 5 9
3 7 1 1 0 0 660 1 9 9 5
3 8 1 0 0 0 760 3 15 15 9
3 9 1 0 0 0 760 3 10 10 15
3 10 0 0 1 0 760 1 15 15 10
3 11 0 0 0 1 627 2 11 11 15
3 12 1 1 0 0 680 1 15 15 11
3 13 1 0 0 0 760 2 13 13 15
3 14 0 0 1 0 760 1 15 15 13
3 15 1 0 0 0 760 2 1 1 15
3 16 0 0 1 0 760 1 15 15 1
3 17 1 0 0 0 760 2 8 8 15
3 18 1 1 0 0 24 1 15 15 8
3 19 1 1 0 0 641 1 8 8 15
3 20 1 1 0 0 581 1 15 15 8
3 21 1 0 0 0 760 3 4 4 15
3 22 1 0 0 0 760 2 2 2 4
3 23 1 0 0 0 760 2 10 10 2
3 24 1 0 0 0 760 2 6 6 10
3 25 1 0 0 0 760 3 2 2 6
