1 1 1 0 0 0 760 1 13 13 0
1 2 1 0 0 0 760 3 3 3 13
1 3 0 0 1 0 760 1 13 13 3
1 4 1 0 0 0 606 2 5 5 13
1 5 1 0 0 0 760 2 11 11 5
1 6 1 0 0 0 760 3 4 4 11
1 7 1 1 0 0 602 1 11 11 4
1 8 1 0 0 0 760 2 14 14 11
1 9 1 0 0 0 760 3 6 6 14
1 10 1 1 0 0 748 1 14 14 6
1 11 0 0 1 0 760 1 6 6 14
1 12 1 0 0 0 760 2 5 5 6
1 13 1 1 0 0 594 1 6 6 5
1 14 1 0 0 0 760 3 12 12 6
1 15 1 0 0 0 760 2 2 2 12
1 16 1 1 0 0 558 1 12 12 2
1 17 1 0 0 0 760 3 11 11 12
1 18 0 0 0 1 559 2 2 2 11
1 19 1 1 0 0 657 1 11 11 2
1 20 1 0 0 0 760 2 1 1 11
1 21 1 0 0 0 760 3 3 3 1
1 22 1 0 0 0 760 2 2 2 3
1 23 1 0 0 0 760 2 12 12 2
1 24 1 0 0 0 760 2 14 14 12
1 25 1 0 0 0 760 3 11 11 14
2 1 1 0 0 0 760 2 15 15 11
2 2 1 0 0 0 760 2 4 4 15
2 3 1 1 0 0 449 1 15 15 4
2 4 1 0 0 0 760 3 11 11 15
2 5 1 0 0 0 760 3 13 13 11
2 6 1 0 0 0 760 2 15 15 13
2 7 1 0 0 0 760 3 9 9 15
2 8 1 0 0 0 760 3 4 4 9
2 9 1 0 0 0 760 3 10 10 4
2 10 1 0 0 0 760 2 7 7 10
2 11 1 0 0 0 760 2 3 3 7
2 12 1 0 0 0 760 2 4 4 3
2 13 1 0 0 0 760 2 7 7 4
2 14 1 0 0 0 760 2 14 14 7
2 15 1 0 0 0 760 2 2 2 14
2 16 0 0 1 0 760 1 14 14 2
2 17 1 0 0 0 760 2 1 1 14
2 18 0 0 1 0 760 1 14 14 1
2 19 1 0 0 0 760 2 8 8 14
2 20 1 0 0 0 760 2 8 8 8
2 21 1 0 0 0 760 3 9 9 8
2 22 1 0 0 0 760 2 12 12 9
2 23 1 1 0 0 633 1 9 9 12
2 24 1 0 0 0 760 3 3 3 9
2 25 1 0 0 0 760 3 12 12 3
3 1 1 0 0 0 760 1 11 11 12
3 2 1 0 0 0 760 1 6 6 11
3 3 1 1 0 0 609 1 11 11 6
3 4 1 0 0 0 760 3 9 9 11
3 5 1 1 0 0 667 1 11 11 9
3 6 1 1 0 0 719 1 9 9 11
3 7 1 1 0 0 627 1 11 11 9
3 8 1 0 0 0 760 3 3 3 11
3 9 1 0 0 0 760 3 3 3 3
3 10 1 0 0 0 760 2 15 15 3
3 11 1 1 0 0 698 1 3 3 15
3 12 1 0 0 0 760 2 10 10 3
3 13 1 0 0 0 760 3 9 9 10
3 14 1 0 0 0 760 3 2 2 9
3 15 1 0 0 0 760 3 10 10 2
3 16 1 1 0 0 557 1 2 2 10
3 17 0 0 1 0 760 1 10 10 2
3 18 1 1 0 0 637 1 2 2 10
3 19 1 0 0 0 760 3 6 6 2
3 20 1 0 0 0 760 3 5 5 6
3 21 1 1 0 0 494 1 6 6 5
3 22 1 0 0 0 760 3 11 11 6
3 23 1 0 0 0 760 3 3 3 11
3 24 1 0 0 0 760 3 6 6 3
3 25 1 1 0 0 493 1 3 3 6
