1 1 1 0 0 0 760 2 1 1 0
1 2 1 0 0 0 760 1 1 1 1
1 3 0 0 1 0 760 1 1 1 1
1 4 0 0 1 0 760 1 1 1 1
1 5 0 0 0 1 564 3 10 10 1
1 6 0 0 1 0 760 1 1 1 10
1 7 1 0 0 0 760 2 14 14 1
1 8 1 0 0 0 760 2 14 14 14
1 9 1 0 0 0 760 2 4 4 14
1 10 0 0 0 1 750 2 12 12 4
1 11 1 0 0 0 760 2 5 5 12
1 12 1 0 0 0 760 2 6 6 5
1 13 1 0 0 0 760 3 9 9 6
1 14 0 0 0 1 562 2 5 5 9
1 15 1 0 0 0 760 2 10 10 5
1 16 1 0 0 0 760 2 11 11 10
1 17 1 0 0 0 760 2 14 14 11
1 18 0 0 1 0 760 1 11 11 14
1 19 1 0 0 0 760 2 2 2 11
1 20 1 0 0 0 760 3 3 3 2
1 21 1 0 0 0 760 2 9 9 3
1 22 1 0 0 0 760 2 7 7 9
1 23 0 0 1 0 760 1 9 9 7
1 24 1 0 0 0 760 2 10 10 9
1 25 1 0 0 0 760 2 8 8 10
2 1 1 0 0 0 760 1 13 13 8
2 2 1 0 0 0 760 2 11 11 13
2 3 1 0 0 0 760 2 1 1 11
2 4 1 1 0 0 564 1 11 11 1
2 5 1 0 0 0 760 2 12 12 11
2 6 1 0 0 0 760 2 6 6 12
2 7 1 0 0 0 760 3 14 14 6
2 8 1 1 0 0 497 1 6 6 14
2 9 1 0 0 0 760 2 12 12 6
2 10 1 1 0 0 518 1 6 6 12
2 11 1 0 0 0 760 3 13 13 6
2 12 1 0 0 0 760 2 9 9 13
2 13 1 0 0 0 760 3 12 12 9
2 14 1 1 0 0 538 1 9 9 12
2 15 1 0 0 0 760 3 2 2 9
2 16 0 0 1 0 760 1 9 9 2
2 17 1 1 0 0 483 1 2 2 9
2 18 1 0 0 0 760 3 6 6 2
2 19 1 1 0 0 476 1 2 2 6
2 20 1 0 0 0 760 3 14 14 2
2 21 1 1 0 0 534 1 2 2 14
2 22 1 1 0 0 532 1 14 14 2
2 23 1 0 0 0 760 2 12 12 14
2 24 1 1 0 0 475 1 14 14 12
2 25 0 0 1 0 760 1 12 12 14
3 1 1 0 0 0 760 3 2 2 12
3 2 1 0 0 0 760 2 13 13 2
3 3 1 0 0 0 760 3 5 5 13
3 4 1 0 0 0 760 2 4 4 5
3 5 1 0 0 0 760 3 15 15 4
3 6 1 0 0 0 760 2 9 9 15
3 7 1 0 0 0 760 2 1 1 9
3 8 1 0 0 0 760 2 6 6 1
3 9 1 0 0 0 760 3 14 14 6
3 10 1 0 0 0 760 3 8 8 14
3 11 1 1 0 0 534 1 14 14 8
3 12 1 0 0 0 760 3 11 11 14
3 13 1 1 0 0 525 1 14 14 11
3 14 1 0 0 0 760 3 13 13 14
3 15 1 1 0 0 483 1 14 14 13
3 16 1 0 0 0 760 3 2 2 14
3 17 1 0 0 0 760 2 1 1 2
3 18 1 0 0 0 760 3 5 5 1
3 19 1 0 0 0 760 2 13 13 5
3 20 1 1 0 0 491 1 5 5 13
3 21 1 0 0 0 760 2 14 14 5
3 22 1 1 0 0 466 1 5 5 14
3 23 1 0 0 0 760 2 9 9 5
3 24 1 0 0 0 760 2 2 2 9
3 25 0 0 1 0 760 1 9 9 2
