1 1 1 0 0 0 760 1 3 3 0
1 2 1 0 0 0 760 2 7 7 3
1 3 0 0 1 0 760 1 3 3 7
1 4 1 0 0 0 760 2 11 11 3
1 5 0 0 0 1 573 2 11 11 11
1 6 1 0 0 0 760 3 4 4 11
1 7 1 0 0 0 760 3 7 7 4
1 8 1 0 0 0 760 2 5 5 7
1 9 1 0 0 0 760 2 4 4 5
1 10 1 0 0 0 760 3 12 12 4
1 11 0 0 1 0 760 1 4 4 12
1 12 1 0 0 0 760 3 2 2 4
1 13 1 1 0 0 582 1 4 4 2
1 14 1 0 0 0 760 2 14 14 4
1 15 0 0 1 0 760 1 4 4 14
1 16 1 0 0 0 760 2 8 8 4
1 17 1 1 0 0 546 1 4 4 8
1 18 1 0 0 0 760 2 11 11 4
1 19 0 0 0 1 668 3 8 8 11
1 20 0 0 1 0 760 1 11 11 8
1 21 1 0 0 0 760 3 7 7 11
1 22 1 0 0 0 760 2 8 8 7
1 23 0 0 1 0 760 1 7 7 8
1 24 0 0 0 1 702 3 6 6 7
1 25 1 1 0 0 741 1 7 7 6
2 1 1 0 0 0 760 2 12 12 7
2 2 1 0 0 0 760 3 12 12 12
2 3 1 0 0 0 760 2 5 5 12
2 4 0 0 0 1 643 3 5 5 5
2 5 0 0 0 1 618 2 8 8 5
2 6 1 0 0 0 760 3 13 13 8
2 7 1 1 0 0 696 1 8 8 13
2 8 1 0 0 0 760 3 6 6 8
2 9 1 0 0 0 760 2 2 2 6
2 10 1 0 0 0 760 2 13 13 2
2 11 1 0 0 0 760 2 13 13 13
2 12 1 0 0 0 760 2 3 3 13
2 13 1 1 0 0 583 1 13 13 3
2 14 1 0 0 0 760 3 2 2 13
2 15 1 0 0 0 760 2 14 14 2
2 16 1 0 0 0 760 3 5 5 14
2 17 0 0 1 0 760 1 14 14 5
2 18 1 0 0 0 760 3 13 13 14
2 19 1 0 0 0 760 2 9 9 13
2 20 1 0 0 0 760 2 4 4 9
2 21 0 0 0 1 579 3 10 10 4
2 22 1 0 0 0 760 2 2 2 10
2 23 1 0 0 0 760 3 1 1 2
2 24 1 1 0 0 703 1 2 2 1
2 25 1 0 0 0 760 3 6 6 2
3 1 1 0 0 0 760 2 11 11 6
3 2 1 0 0 0 760 2 1 1 11
3 3 0 0 1 0 760 1 11 11 1
3 4 1 0 0 0 760 3 6 6 11
3 5 1 1 0 0 536 1 11 11 6
3 6 1 0 0 0 760 2 10 10 11
3 7 1 0 0 0 760 2 14 14 10
3 8 1 1 0 0 585 1 10 10 14
3 9 1 0 0 0 760 2 7 7 10
3 10 0 0 1 0 760 1 10 10 7
3 11 1 0 0 0 760 3 6 6 10
3 12 1 0 0 0 760 3 4 4 6
3 13 0 0 1 0 760 1 6 6 4
3 14 1 1 0 0 699 1 4 4 6
3 15 1 1 0 0 633 1 6 6 4
3 16 1 1 0 0 648 1 4 4 6
3 17 1 1 0 0 633 1 6 6 4
3 18 0 0 0 1 689 2 10 10 6
3 19 1 0 0 0 760 3 7 7 10
3 20 0 0 1 0 760 1 10 10 7
3 21 1 0 0 0 760 2 15 15 10
3 22 1 1 0 0 637 1 10 10 15
3 23 1 0 0 0 760 3 3 3 10
3 24 1 0 0 0 760 3 1 1 3
3 25 0 0 0 1 754 3 9 9 1
