1 1 1 0 0 0 760 3 12 12 0
1 2 1 0 0 0 760 1 10 10 12
1 3 1 0 0 0 760 2 11 11 10
1 4 1 0 0 0 760 2 9 9 11
1 5 1 0 0 0 760 2 5 5 9
1 6 0 0 1 0 760 1 9 9 5
1 7 1 0 0 0 760 3 1 1 9
1 8 0 0 1 0 760 1 9 9 1
1 9 1 0 0 0 760 2 4 4 9
1 10 0 0 1 0 760 1 9 9 4
1 11 1 0 0 0 760 2 11 11 9
1 12 1 0 0 0 760 2 6 6 11
1 13 1 0 0 0 760 2 6 6 6
1 14 1 1 0 0 612 1 6 6 6
1 15 1 0 0 0 760 2 8 8 6
1 16 1 0 0 0 760 2 11 11 8
1 17 1 0 0 0 760 2 10 10 11
1 18 1 0 0 0 760 2 1 1 10
1 19 1 0 0 0 760 3 12 12 1
1 20 1 0 0 0 760 2 15 15 12
1 21 1 0 0 0 760 3 3 3 15
1 22 1 0 0 0 760 3 6 6 3
1 23 1 0 0 0 760 2 10 10 6
1 24 1 1 0 0 698 1 6 6 10
1 25 0 0 1 0 760 1 10 10 6
2 1 1 0 0 0 760 3 12 12 10
2 2 1 0 0 0 760 1 7 7 12
2 3 1 0 0 0 760 2 6 6 7
2 4 0 0 1 0 760 1 7 7 6
2 5 0 0 0 1 545 2 3 3 7
2 6 1 1 0 0 608 1 7 7 3
2 7 1 0 0 0 760 3 2 2 7
2 8 1 0 0 0 760 2 8 8 2
2 9 1 0 0 0 760 2 3 3 8
2 10 1 0 0 0 760 3 5 5 3
2 11 1 0 0 0 760 2 13 13 5
2 12 1 0 0 0 760 2 4 4 13
2 13 1 0 0 0 760 3 15 15 4
2 14 0 0 1 0 760 1 4 4 15
2 15 0 0 0 1 666 3 5 5 4
2 16 1 0 0 0 760 2 2 2 5
2 17 1 0 0 0 760 2 14 14 2
2 18 0 0 1 0 760 1 2 2 14
2 19 1 0 0 0 760 3 6 6 2
2 20 1 0 0 0 760 2 11 11 6
2 21 1 0 0 0 760 2 2 2 11
2 22 0 0 0 1 715 3 6 6 2
2 23 1 0 0 0 760 3 8 8 6
2 24 1 0 0 0 760 3 14 14 8
2 25 1 1 0 0 680 1 8 8 14
3 1 1 0 0 0 760 3 3 3 8
3 2 1 0 0 0 760 2 5 5 3
3 3 1 1 0 0 749 1 3 3 5
3 4 1 0 0 0 760 3 2 2 3
3 5 1 0 0 0 760 3 12 12 2
3 6 1 0 0 0 760 3 5 5 12
3 7 0 0 1 0 760 1 12 12 5
3 8 1 0 0 0 760 2 7 7 12
3 9 1 1 0 0 760 1 12 12 7
3 10 1 1 0 0 669 1 7 7 12
3 11 1 0 0 0 760 2 8 8 7
3 12 1 0 0 0 760 3 15 15 8
3 13 1 0 0 0 760 2 9 9 15
3 14 1 0 0 0 760 3 7 7 9
3 15 1 1 0 0 602 1 9 9 7
3 16 0 0 0 1 667 2 9 9 9
3 17 1 1 0 0 726 1 9 9 9
3 18 1 0 0 0 760 3 10 10 9
3 19 1 0 0 0 760 3 8 8 10
3 20 0 0 1 0 760 1 10 10 8
3 21 0 0 0 1 655 3 10 10 10
3 22 1 0 0 0 760 3 12 12 10
3 23 1 0 0 0 760 3 1 1 12
3 24 1 1 0 0 714 1 12 12 1
3 25 1 1 0 0 723 1 1 1 12
