1 1 1 0 0 0 760 3 3 3 0
1 2 1 0 0 0 760 3 1 1 3
1 3 1 0 0 0 760 2 10 10 1
1 4 0 0 1 0 760 1 1 1 10
1 5 1 1 0 0 643 1 10 10 1
1 6 1 0 0 0 760 3 9 9 10
1 7 1 0 0 0 760 2 15 15 9
1 8 1 0 0 0 760 2 3 3 15
1 9 1 1 0 0 710 1 15 15 3
1 10 1 1 0 0 729 1 3 3 15
1 11 1 0 0 0 760 3 4 4 3
1 12 1 0 0 0 760 2 2 2 4
1 13 1 1 0 0 650 1 4 4 2
1 14 1 1 0 0 683 1 2 2 4
1 15 1 0 0 0 760 3 7 7 2
1 16 1 1 0 0 724 1 2 2 7
1 17 1 0 0 0 760 2 14 14 2
1 18 1 0 0 0 760 3 3 3 14
1 19 1 0 0 0 760 2 3 3 3
1 20 1 0 0 0 760 3 7 7 3
1 21 1 0 0 0 760 2 4 4 7
1 22 1 0 0 0 760 3 10 10 4
1 23 1 0 0 0 760 3 6 6 10
1 24 1 0 0 0 760 3 11 11 6
1 25 1 0 0 0 760 3 15 15 11
2 1 1 0 0 0 760 2 10 10 15
2 2 1 0 0 0 760 1 13 13 10
2 3 1 0 0 0 760 2 12 12 13
2 4 1 0 0 0 760 3 4 4 12
2 5 0 0 0 1 634 3 4 4 4
2 6 1 0 0 0 760 2 8 8 4
2 7 1 1 0 0 727 1 4 4 8
2 8 1 0 0 0 760 2 15 15 4
2 9 1 0 0 0 760 3 11 11 15
2 10 1 0 0 0 760 2 13 13 11
2 11 1 0 0 0 760 3 3 3 13
2 12 1 0 0 0 760 2 8 8 3
2 13 1 1 0 0 667 1 3 3 8
2 14 0 0 0 1 734 3 3 3 3
2 15 1 0 0 0 760 3 10 10 3
2 16 1 0 0 0 760 2 4 4 10
2 17 0 0 1 0 760 1 10 10 4
2 18 0 0 1 0 760 1 4 4 10
2 19 1 0 0 0 760 2 7 7 4
2 20 1 0 0 0 760 3 14 14 7
2 21 1 1 0 0 574 1 7 7 14
2 22 0 0 1 0 760 1 14 14 7
2 23 1 1 0 0 730 1 7 7 14
2 24 1 0 0 0 760 2 11 11 7
2 25 0 0 1 0 760 1 7 7 11
3 1 1 0 0 0 760 1 13 13 7
3 2 1 0 0 0 760 3 3 3 13
3 3 1 0 0 0 760 2 10 10 3
3 4 1 1 0 0 649 1 3 3 10
3 5 0 0 1 0 760 1 10 10 3
3 6 0 0 0 1 590 3 10 10 10
3 7 1 1 0 0 664 1 10 10 10
3 8 1 0 0 0 760 3 1 1 10
3 9 1 0 0 0 760 2 4 4 1
3 10 1 0 0 0 760 3 11 11 4
3 11 1 0 0 0 760 3 12 12 11
3 12 1 1 0 0 560 1 11 11 12
3 13 1 0 0 0 760 2 2 2 11
3 14 1 0 0 0 760 2 4 4 2
3 15 1 1 0 0 578 1 2 2 4
3 16 1 0 0 0 760 3 12 12 2
3 17 1 0 0 0 760 3 13 13 12
3 18 1 0 0 0 760 3 5 5 13
3 19 1 1 0 0 661 1 13 13 5
3 20 1 0 0 0 760 3 8 8 13
3 21 0 0 1 0 760 1 13 13 8
3 22 1 0 0 0 760 2 7 7 13
3 23 1 0 0 0 760 3 4 4 7
3 24 1 0 0 0 760 2 9 9 4
3 25 1 1 0 0 733 1 4 4 9
