1 1 1 0 0 0 760 1 11 11 0
1 2 1 0 0 0 760 3 10 10 11
1 3 1 0 0 0 760 3 13 13 10
1 4 0 0 1 0 760 1 10 10 13
1 5 0 0 1 0 760 1 13 13 10
1 6 0 0 1 0 760 1 10 10 13
1 7 0 0 1 0 760 1 13 13 10
1 8 1 0 0 0 760 2 14 14 13
1 9 1 0 0 0 760 3 8 8 14
1 10 1 0 0 0 760 3 5 5 8
1 11 0 0 1 0 760 1 8 8 5
1 12 1 0 0 0 760 2 11 11 8
1 13 0 0 0 1 731 3 2 2 11
1 14 1 1 0 0 619 1 11 11 2
1 15 1 0 0 0 760 3 4 4 11
1 16 0 0 0 1 718 3 4 4 4
1 17 1 1 0 0 578 1 4 4 4
1 18 1 0 0 0 760 2 8 8 4
1 19 1 0 0 0 760 3 14 14 8
1 20 1 0 0 0 760 2 15 15 14
1 21 0 0 0 1 725 3 2 2 15
1 22 1 0 0 0 760 2 6 6 2
1 23 1 0 0 0 760 3 1 1 6
1 24 1 0 0 0 760 3 15 15 1
1 25 0 0 1 0 760 1 1 1 15
2 1 1 0 0 0 760 3 3 3 1
2 2 1 0 0 0 760 2 8 8 3
2 3 0 0 1 0 760 1 3 3 8
2 4 1 1 0 0 748 1 8 8 3
2 5 1 1 0 0 723 1 3 3 8
2 6 1 1 0 0 613 1 8 8 3
2 7 1 1 0 0 556 1 3 3 8
2 8 1 1 0 0 655 1 8 8 3
2 9 1 1 0 0 589 1 3 3 8
2 10 1 0 0 0 760 3 6 6 3
2 11 0 0 1 0 760 1 3 3 6
2 12 1 0 0 0 760 3 12 12 3
2 13 0 0 0 1 735 3 12 12 12
2 14 1 1 0 0 621 1 12 12 12
2 15 1 0 0 0 760 3 4 4 12
2 16 1 0 0 0 760 3 1 1 4
2 17 1 0 0 0 760 3 8 8 1
2 18 1 0 0 0 760 2 3 3 8
2 19 0 0 1 0 760 1 8 8 3
2 20 1 0 0 0 760 3 5 5 8
2 21 1 0 0 0 760 2 4 4 5
2 22 1 0 0 0 760 3 9 9 4
2 23 1 0 0 0 760 3 8 8 9
2 24 1 0 0 0 760 2 4 4 8
2 25 1 0 0 0 760 2 13 13 4
3 1 1 0 0 0 760 1 13 13 13
3 2 1 0 0 0 760 2 4 4 13
3 3 1 0 0 0 760 2 1 1 4
3 4 0 0 0 1 648 2 12 12 1
3 5 0 0 1 0 760 1 1 1 12
3 6 1 0 0 0 760 3 2 2 1
3 7 1 0 0 0 760 2 6 6 2
3 8 1 1 0 0 732 1 2 2 6
3 9 1 1 0 0 683 1 6 6 2
3 10 1 0 0 0 760 2 15 15 6
3 11 1 0 0 0 760 3 7 7 15
3 12 1 0 0 0 760 3 3 3 7
3 13 0 0 0 1 729 2 15 15 3
3 14 0 0 0 1 711 2 7 7 15
3 15 1 0 0 0 760 3 13 13 7
3 16 1 1 0 0 711 1 7 7 13
3 17 1 0 0 0 760 2 5 5 7
3 18 1 0 0 0 760 3 12 12 5
3 19 0 0 1 0 760 1 5 5 12
3 20 1 0 0 0 760 3 13 13 5
3 21 1 0 0 0 760 3 11 11 13
3 22 1 1 0 0 615 1 13 13 11
3 23 1 0 0 0 760 3 13 13 13
3 24 1 1 0 0 675 1 13 13 13
3 25 0 0 1 0 760 1 13 13 13
