1 1 1 0 0 0 760 1 10 10 0
1 2 1 0 0 0 760 3 15 15 10
1 3 1 0 0 0 760 3 15 15 15
1 4 1 1 0 0 533 1 15 15 15
1 5 1 0 0 0 760 3 11 11 15
1 6 1 0 0 0 760 3 8 8 11
1 7 1 0 0 0 760 3 10 10 8
1 8 1 0 0 0 760 3 7 7 10
1 9 0 0 1 0 760 1 10 10 7
1 10 1 0 0 0 760 3 11 11 10
1 11 0 0 1 0 760 1 10 10 11
1 12 1 1 0 0 683 1 11 11 10
1 13 1 0 0 0 760 3 15 15 11
1 14 1 0 0 0 760 2 6 6 15
1 15 1 1 0 0 656 1 15 15 6
1 16 1 0 0 0 760 2 14 14 15
1 17 0 0 1 0 760 1 15 15 14
1 18 1 0 0 0 760 3 11 11 15
1 19 1 0 0 0 760 2 10 10 11
1 20 0 0 1 0 760 1 11 11 10
1 21 1 0 0 0 760 3 6 6 11
1 22 1 0 0 0 760 2 5 5 6
1 23 0 0 0 1 731 3 5 5 5
1 24 0 0 1 0 760 1 5 5 5
1 25 1 0 0 0 760 3 10 10 5
2 1 1 0 0 0 760 3 9 9 10
2 2 1 0 0 0 760 1 11 11 9
2 3 1 0 0 0 760 2 6 6 11
2 4 1 0 0 0 760 2 13 13 6
2 5 1 0 0 0 760 2 9 9 13
2 6 1 0 0 0 760 3 3 3 9
2 7 1 0 0 0 760 3 3 3 3
2 8 0 0 0 1 748 3 9 9 3
2 9 1 0 0 0 760 2 14 14 9
2 10 1 0 0 0 760 2 1 1 14
2 11 0 0 1 0 760 1 14 14 1
2 12 1 0 0 0 760 3 15 15 14
2 13 1 0 0 0 760 3 3 3 15
2 14 1 0 0 0 760 2 10 10 3
2 15 0 0 1 0 760 1 3 3 10
2 16 0 0 1 0 760 1 10 10 3
2 17 1 0 0 0 760 2 9 9 10
2 18 1 0 0 0 760 2 1 1 9
2 19 0 0 1 0 760 1 9 9 1
2 20 1 0 0 0 760 2 4 4 9
2 21 1 0 0 0 760 3 1 1 4
2 22 1 1 0 0 753 1 4 4 1
2 23 0 0 1 0 760 1 1 1 4
2 24 1 0 0 0 760 3 12 12 1
2 25 0 0 1 0 760 1 1 1 12
3 1 1 0 0 0 760 3 3 3 1
3 2 1 0 0 0 760 3 6 6 3
3 3 1 1 0 0 727 1 3 3 6
3 4 0 0 1 0 760 1 6 6 3
3 5 1 0 0 0 760 3 1 1 6
3 6 1 0 0 0 760 3 14 14 1
3 7 0 0 1 0 760 1 1 1 14
3 8 1 0 0 0 760 2 15 15 1
3 9 1 0 0 0 760 2 11 11 15
3 10 1 0 0 0 760 2 14 14 11
3 11 1 1 0 0 483 1 11 11 14
3 12 0 0 1 0 760 1 14 14 11
3 13 1 1 0 0 623 1 11 11 14
3 14 1 0 0 0 760 3 13 13 11
3 15 1 1 0 0 590 1 11 11 13
3 16 1 1 0 0 639 1 13 13 11
3 17 1 0 0 0 760 2 8 8 13
3 18 1 0 0 0 760 3 2 2 8
3 19 1 1 0 0 649 1 8 8 2
3 20 1 1 0 0 740 1 2 2 8
3 21 1 0 0 0 760 3 12 12 2
3 22 1 0 0 0 760 2 15 15 12
3 23 1 0 0 0 760 3 2 2 15
3 24 0 0 0 1 535 2 2 2 2
3 25 1 1 0 0 597 1 2 2 2
