1 1 1 0 0 0 760 2 11 11 0
1 2 1 0 0 0 760 2 4 4 11
1 3 1 1 0 0 663 1 11 11 4
1 4 1 0 0 0 760 3 13 13 11
1 5 1 0 0 0 760 2 9 9 13
1 6 1 0 0 0 760 2 1 1 9
1 7 0 0 1 0 760 1 9 9 1
1 8 1 0 0 0 760 3 6 6 9
1 9 1 0 0 0 760 2 5 5 6
1 10 1 0 0 0 760 2 15 15 5
1 11 1 0 0 0 760 2 1 1 15
1 12 0 0 0 1 651 3 1 1 1
1 13 1 0 0 0 760 2 2 2 1
1 14 1 0 0 0 760 3 7 7 2
1 15 1 0 0 0 760 3 15 15 7
1 16 1 0 0 0 760 3 5 5 15
1 17 1 0 0 0 760 3 10 10 5
1 18 1 0 0 0 760 2 15 15 10
1 19 1 0 0 0 760 2 13 13 15
1 20 1 0 0 0 760 2 7 7 13
1 21 0 0 1 0 760 1 13 13 7
1 22 1 0 0 0 760 2 2 2 13
1 23 1 0 0 0 760 3 9 9 2
1 24 1 0 0 0 760 2 15 15 9
1 25 0 0 1 0 760 1 9 9 15
2 1 1 0 0 0 760 1 3 3 9
2 2 1 0 0 0 760 2 1 1 3
2 3 1 0 0 0 760 2 8 8 1
2 4 1 0 0 0 760 2 13 13 8
2 5 1 0 0 0 760 2 3 3 13
2 6 1 0 0 0 760 2 10 10 3
2 7 0 0 1 0 760 1 3 3 10
2 8 1 0 0 0 760 3 11 11 3
2 9 1 0 0 0 760 3 15 15 11
2 10 1 1 0 0 629 1 11 11 15
2 11 0 0 1 0 760 1 15 15 11
2 12 1 1 0 0 595 1 11 11 15
2 13 1 0 0 0 760 2 13 13 11
2 14 1 1 0 0 497 1 11 11 13
2 15 1 0 0 0 760 2 7 7 11
2 16 1 0 0 0 760 3 7 7 7
2 17 1 0 0 0 760 2 15 15 7
2 18 1 0 0 0 760 3 4 4 15
2 19 1 0 0 0 760 3 13 13 4
2 20 1 1 0 0 686 1 4 4 13
2 21 0 0 1 0 760 1 13 13 4
2 22 1 0 0 0 760 2 2 2 13
2 23 0 0 1 0 760 1 13 13 2
2 24 1 0 0 0 760 3 9 9 13
2 25 0 0 1 0 760 1 13 13 9
3 1 1 0 0 0 760 2 4 4 13
3 2 1 0 0 0 760 3 1 1 4
3 3 1 0 0 0 760 3 7 7 1
3 4 1 1 0 0 727 1 1 1 7
3 5 0 0 0 1 610 3 1 1 1
3 6 1 1 0 0 602 1 1 1 1
3 7 0 0 1 0 760 1 1 1 1
3 8 1 0 0 0 760 3 14 14 1
3 9 1 0 0 0 760 2 7 7 14
3 10 1 0 0 0 760 2 10 10 7
3 11 1 0 0 0 760 3 5 5 10
3 12 1 1 0 0 589 1 10 10 5
3 13 0 0 1 0 760 1 5 5 10
3 14 0 0 0 1 641 3 5 5 5
3 15 1 0 0 0 760 3 10 10 5
3 16 1 0 0 0 760 2 9 9 10
3 17 1 0 0 0 760 2 15 15 9
3 18 1 0 0 0 760 3 7 7 15
3 19 1 1 0 0 745 1 15 15 7
3 20 1 0 0 0 760 3 11 11 15
3 21 0 0 1 0 760 1 15 15 11
3 22 1 1 0 0 718 1 11 11 15
3 23 1 0 0 0 760 3 6 6 11
3 24 1 0 0 0 760 3 2 2 6
3 25 0 0 1 0 760 1 6 6 2
