1 1 1 0 0 0 760 1 4 4 0
1 2 1 0 0 0 760 3 8 8 4
1 3 1 0 0 0 760 3 6 6 8
1 4 1 0 0 0 760 3 11 11 6
1 5 0 0 1 0 760 1 6 6 11
1 6 1 0 0 0 760 2 5 5 6
1 7 1 0 0 0 760 2 2 2 5
1 8 0 0 1 0 760 1 5 5 2
1 9 1 0 0 0 760 3 9 9 5
1 10 1 0 0 0 760 2 13 13 9
1 11 1 0 0 0 760 3 13 13 13
1 12 1 1 0 0 519 1 13 13 13
1 13 1 0 0 0 760 2 6 6 13
1 14 1 0 0 0 760 3 9 9 6
1 15 1 0 0 0 760 2 7 7 9
1 16 1 0 0 0 760 3 3 3 7
1 17 1 0 0 0 760 2 12 12 3
1 18 1 0 0 0 760 2 1 1 12
1 19 0 0 1 0 760 1 12 12 1
1 20 0 0 1 0 760 1 1 1 12
1 21 1 1 0 0 588 1 12 12 1
1 22 1 0 0 0 760 3 5 5 12
1 23 1 0 0 0 760 2 9 9 5
1 24 1 0 0 0 760 2 2 2 9
1 25 0 0 0 1 742 3 2 2 2
2 1 1 0 0 0 760 3 4 4 2
2 2 1 0 0 0 760 2 1 1 4
2 3 1 0 0 0 760 3 3 3 1
2 4 1 0 0 0 760 2 14 14 3
2 5 1 0 0 0 760 2 10 10 14
2 6 1 0 0 0 760 2 15 15 10
2 7 1 1 0 0 622 1 10 10 15
2 8 1 0 0 0 760 3 5 5 10
2 9 1 0 0 0 760 2 8 8 5
2 10 1 1 0 0 663 1 5 5 8
2 11 1 0 0 0 760 3 9 9 5
2 12 1 1 0 0 529 1 5 5 9
2 13 1 1 0 0 553 1 9 9 5
2 14 1 0 0 0 760 3 15 15 9
2 15 1 0 0 0 760 2 5 5 15
2 16 1 0 0 0 760 3 3 3 5
2 17 1 0 0 0 760 2 2 2 3
2 18 1 1 0 0 492 1 3 3 2
2 19 1 1 0 0 518 1 2 2 3
2 20 1 0 0 0 760 2 13 13 2
2 21 1 0 0 0 760 3 14 14 13
2 22 1 0 0 0 760 3 2 2 14
2 23 1 0 0 0 760 2 3 3 2
2 24 1 0 0 0 760 2 9 9 3
2 25 1 0 0 0 760 2 8 8 9
3 1 1 0 0 0 760 1 10 10 8
3 2 1 0 0 0 760 1 5 5 10
3 3 1 0 0 0 760 3 15 15 5
3 4 1 0 0 0 760 3 2 2 15
3 5 1 1 0 0 612 1 15 15 2
3 6 1 1 0 0 505 1 2 2 15
3 7 1 0 0 0 760 3 12 12 2
3 8 1 0 0 0 760 3 9 9 12
3 9 1 0 0 0 760 2 15 15 9
3 10 0 0 0 1 580 3 15 15 15
3 11 1 1 0 0 493 1 15 15 15
3 12 1 0 0 0 760 3 10 10 15
3 13 1 0 0 0 760 3 5 5 10
3 14 1 0 0 0 760 3 12 12 5
3 15 1 0 0 0 760 2 4 4 12
3 16 1 0 0 0 760 3 7 7 4
3 17 1 1 0 0 718 1 4 4 7
3 18 1 1 0 0 501 1 7 7 4
3 19 1 0 0 0 760 2 6 6 7
3 20 1 0 0 0 760 3 6 6 6
3 21 1 1 0 0 506 1 6 6 6
3 22 1 0 0 0 760 2 5 5 6
3 23 1 1 0 0 583 1 6 6 5
3 24 1 0 0 0 760 2 2 2 6
3 25 0 0 1 0 760 1 6 6 2
