1 1 1 0 0 0 760 2 3 3 0
1 2 1 0 0 0 760 1 4 4 3
1 3 1 0 0 0 760 3 6 6 4
1 4 1 1 0 0 751 1 4 4 6
1 5 1 0 0 0 760 3 3 3 4
1 6 0 0 0 1 665 3 3 3 3
1 7 1 0 0 0 760 3 9 9 3
1 8 0 0 1 0 760 1 3 3 9
1 9 1 0 0 0 760 3 15 15 3
1 10 1 1 0 0 619 1 3 3 15
1 11 0 0 1 0 760 1 15 15 3
1 12 1 0 0 0 760 3 5 5 15
1 13 1 0 0 0 760 2 2 2 5
1 14 1 0 0 0 760 3 13 13 2
1 15 1 0 0 0 760 2 5 5 13
1 16 1 1 0 0 673 1 13 13 5
1 17 1 0 0 0 760 2 1 1 13
1 18 1 0 0 0 760 2 15 15 1
1 19 1 1 0 0 604 1 1 1 15
1 20 1 1 0 0 653 1 15 15 1
1 21 1 1 0 0 640 1 1 1 15
1 22 1 0 0 0 760 3 11 11 1
1 23 1 0 0 0 760 3 2 2 11
1 24 1 0 0 0 760 2 5 5 2
1 25 1 0 0 0 760 2 3 3 5
2 1 1 0 0 0 760 2 9 9 3
2 2 1 0 0 0 760 1 11 11 9
2 3 1 0 0 0 760 2 13 13 11
2 4 1 0 0 0 760 3 15 15 13
2 5 1 1 0 0 488 1 13 13 15
2 6 1 1 0 0 581 1 15 15 13
2 7 1 0 0 0 760 2 8 8 15
2 8 1 0 0 0 760 3 11 11 8
2 9 1 0 0 0 760 2 6 6 11
2 10 1 1 0 0 569 1 11 11 6
2 11 1 1 0 0 578 1 6 6 11
2 12 1 1 0 0 577 1 11 11 6
2 13 1 1 0 0 585 1 6 6 11
2 14 1 0 0 0 760 3 4 4 6
2 15 1 0 0 0 760 2 7 7 4
2 16 1 0 0 0 760 3 5 5 7
2 17 1 0 0 0 760 3 3 3 5
2 18 1 0 0 0 760 3 9 9 3
2 19 0 0 1 0 760 1 3 3 9
2 20 1 0 0 0 760 3 11 11 3
2 21 1 0 0 0 760 3 9 9 11
2 22 1 0 0 0 760 3 10 10 9
2 23 1 0 0 0 760 2 5 5 10
2 24 1 0 0 0 760 3 9 9 5
2 25 0 0 1 0 760 1 5 5 9
3 1 1 0 0 0 760 3 10 10 5
3 2 1 0 0 0 760 2 1 1 10
3 3 1 1 0 0 488 1 10 10 1
3 4 1 0 0 0 760 2 7 7 10
3 5 1 0 0 0 760 2 2 2 7
3 6 1 0 0 0 760 2 2 2 2
3 7 1 0 0 0 760 2 8 8 2
3 8 1 0 0 0 760 2 12 12 8
3 9 1 1 0 0 527 1 8 8 12
3 10 1 1 0 0 535 1 12 12 8
3 11 1 1 0 0 561 1 8 8 12
3 12 1 1 0 0 584 1 12 12 8
3 13 1 0 0 0 760 3 10 10 12
3 14 1 1 0 0 699 1 12 12 10
3 15 1 1 0 0 525 1 10 10 12
3 16 1 0 0 0 760 2 14 14 10
3 17 1 1 0 0 574 1 10 10 14
3 18 1 1 0 0 614 1 14 14 10
3 19 1 0 0 0 760 3 1 1 14
3 20 1 1 0 0 580 1 14 14 1
3 21 0 0 0 1 581 3 14 14 14
3 22 1 0 0 0 760 2 15 15 14
3 23 1 0 0 0 760 3 12 12 15
3 24 1 1 0 0 578 1 15 15 12
3 25 0 0 1 0 760 1 12 12 15
