1 1 1 0 0 0 760 1 2 2 0
1 2 1 0 0 0 760 2 6 6 2
1 3 0 0 1 0 760 1 2 2 6
1 4 0 0 0 1 664 3 2 2 2
1 5 1 0 0 0 760 3 8 8 2
1 6 1 0 0 0 760 3 9 9 8
1 7 1 0 0 0 760 3 1 1 9
1 8 1 0 0 0 760 2 6 6 1
1 9 1 0 0 0 760 2 12 12 6
1 10 1 0 0 0 760 2 2 2 12
1 11 0 0 1 0 760 1 12 12 2
1 12 1 0 0 0 760 2 5 5 12
1 13 1 0 0 0 760 3 2 2 5
1 14 1 0 0 0 760 3 14 14 2
1 15 1 0 0 0 760 2 1 1 14
1 16 0 0 1 0 760 1 14 14 1
1 17 1 0 0 0 760 3 3 3 14
1 18 1 1 0 0 647 1 14 14 3
1 19 1 0 0 0 760 3 15 15 14
1 20 1 1 0 0 619 1 14 14 15
1 21 1 0 0 0 760 2 5 5 14
1 22 0 0 0 1 751 3 13 13 5
1 23 1 0 0 0 760 2 11 11 13
1 24 1 0 0 0 760 2 2 2 11
1 25 0 0 0 1 652 2 2 2 2
2 1 1 0 0 0 760 2 11 11 2
2 2 1 0 0 0 760 2 8 8 11
2 3 1 0 0 0 760 2 4 4 8
2 4 1 0 0 0 760 3 9 9 4
2 5 1 0 0 0 760 3 8 8 9
2 6 1 0 0 0 760 2 5 5 8
2 7 0 0 1 0 760 1 8 8 5
2 8 1 0 0 0 760 3 10 10 8
2 9 1 0 0 0 760 2 11 11 10
2 10 1 0 0 0 760 2 13 13 11
2 11 1 0 0 0 760 2 1 1 13
2 12 1 1 0 0 666 1 13 13 1
2 13 0 0 1 0 760 1 1 1 13
2 14 1 0 0 0 760 3 15 15 1
2 15 1 0 0 0 760 2 8 8 15
2 16 1 0 0 0 760 3 2 2 8
2 17 1 0 0 0 760 2 1 1 2
2 18 1 0 0 0 760 2 11 11 1
2 19 1 0 0 0 760 3 14 14 11
2 20 1 0 0 0 760 3 3 3 14
2 21 1 1 0 0 675 1 14 14 3
2 22 0 0 1 0 760 1 3 3 14
2 23 0 0 0 1 665 3 3 3 3
2 24 0 0 0 1 631 3 14 14 3
2 25 1 0 0 0 760 2 6 6 14
3 1 1 0 0 0 760 2 3 3 6
3 2 1 0 0 0 760 2 15 15 3
3 3 1 0 0 0 760 2 11 11 15
3 4 0 0 0 1 745 3 11 11 11
3 5 1 0 0 0 760 2 7 7 11
3 6 1 0 0 0 760 3 4 4 7
3 7 1 0 0 0 760 2 12 12 4
3 8 1 0 0 0 760 3 14 14 12
3 9 1 0 0 0 760 3 6 6 14
3 10 1 0 0 0 760 3 10 10 6
3 11 0 0 1 0 760 1 6 6 10
3 12 1 0 0 0 760 3 5 5 6
3 13 1 1 0 0 735 1 6 6 5
3 14 1 0 0 0 760 2 15 15 6
3 15 1 0 0 0 760 2 4 4 15
3 16 1 0 0 0 760 2 3 3 4
3 17 1 1 0 0 684 1 4 4 3
3 18 1 0 0 0 760 2 5 5 4
3 19 0 0 1 0 760 1 4 4 5
3 20 1 1 0 0 531 1 5 5 4
3 21 1 1 0 0 707 1 4 4 5
3 22 1 0 0 0 760 3 1 1 4
3 23 1 0 0 0 760 2 2 2 1
3 24 0 0 1 0 760 1 1 1 2
3 25 0 0 0 1 597 3 13 13 1
