1 1 1 0 0 0 760 2 7 7 0
1 2 1 0 0 0 760 2 15 15 7
1 3 0 0 1 0 760 1 7 7 15
1 4 1 0 0 0 760 3 1 1 7
1 5 1 0 0 0 760 3 12 12 1
1 6 1 0 0 0 760 2 14 14 12
1 7 1 0 0 0 760 2 7 7 14
1 8 1 0 0 0 760 2 9 9 7
1 9 0 0 1 0 760 1 7 7 9
1 10 1 0 0 0 760 2 12 12 7
1 11 1 0 0 0 760 2 14 14 12
1 12 1 0 0 0 760 2 11 11 14
1 13 0 0 0 1 704 2 11 11 11
1 14 1 0 0 0 760 2 12 12 11
1 15 1 0 0 0 760 3 15 15 12
1 16 1 1 0 0 618 1 12 12 15
1 17 1 0 0 0 760 2 10 10 12
1 18 1 0 0 0 760 2 7 7 10
1 19 1 0 0 0 760 2 8 8 7
1 20 1 0 0 0 760 3 3 3 8
1 21 1 0 0 0 760 2 4 4 3
1 22 1 0 0 0 760 3 15 15 4
1 23 1 0 0 0 760 2 10 10 15
1 24 0 0 1 0 760 1 15 15 10
1 25 1 0 0 0 760 3 11 11 15
2 1 1 0 0 0 760 1 12 12 11
2 2 1 0 0 0 760 3 4 4 12
2 3 1 0 0 0 760 3 2 2 4
2 4 1 0 0 0 760 2 13 13 2
2 5 0 0 0 1 660 3 13 13 13
2 6 1 0 0 0 760 2 1 1 13
2 7 1 1 0 0 534 1 13 13 1
2 8 0 0 1 0 760 1 1 1 13
2 9 1 0 0 0 760 2 6 6 1
2 10 1 0 0 0 760 2 15 15 6
2 11 1 0 0 0 760 3 10 10 15
2 12 1 1 0 0 684 1 15 15 10
2 13 0 0 1 0 760 1 10 10 15
2 14 1 0 0 0 760 2 14 14 10
2 15 1 0 0 0 760 3 7 7 14
2 16 1 1 0 0 705 1 14 14 7
2 17 1 0 0 0 760 2 4 4 14
2 18 1 0 0 0 760 2 12 12 4
2 19 1 0 0 0 760 2 14 14 12
2 20 1 1 0 0 739 1 12 12 14
2 21 0 0 0 1 729 3 12 12 12
2 22 1 0 0 0 760 3 1 1 12
2 23 1 0 0 0 760 2 2 2 1
2 24 1 1 0 0 677 1 1 1 2
2 25 1 1 0 0 746 1 2 2 1
3 1 1 0 0 0 760 2 2 2 2
3 2 1 0 0 0 760 1 6 6 2
3 3 1 0 0 0 760 3 5 5 6
3 4 1 0 0 0 760 3 8 8 5
3 5 0 0 1 0 760 1 5 5 8
3 6 1 1 0 0 699 1 8 8 5
3 7 1 0 0 0 760 2 8 8 8
3 8 1 1 0 0 549 1 8 8 8
3 9 1 0 0 0 760 2 1 1 8
3 10 1 0 0 0 760 2 10 10 1
3 11 1 1 0 0 630 1 1 1 10
3 12 0 0 0 1 641 2 1 1 1
3 13 0 0 0 1 696 2 2 2 1
3 14 1 1 0 0 714 1 1 1 2
3 15 1 0 0 0 760 3 4 4 1
3 16 1 1 0 0 653 1 1 1 4
3 17 0 0 1 0 760 1 4 4 1
3 18 1 1 0 0 743 1 1 1 4
3 19 0 0 1 0 760 1 4 4 1
3 20 1 0 0 0 760 3 10 10 4
3 21 1 0 0 0 760 2 1 1 10
3 22 0 0 1 0 760 1 10 10 1
3 23 1 0 0 0 760 2 15 15 10
3 24 1 0 0 0 760 2 11 11 15
3 25 1 1 0 0 608 1 15 15 11
