1 1 1 0 0 0 760 3 8 8 0
1 2 1 0 0 0 760 1 15 15 8
1 3 1 0 0 0 760 3 7 7 15
1 4 1 0 0 0 760 2 8 8 7
1 5 1 1 0 0 656 1 7 7 8
1 6 1 1 0 0 650 1 8 8 7
1 7 1 1 0 0 623 1 7 7 8
1 8 1 0 0 0 760 3 13 13 7
1 9 1 1 0 0 664 1 7 7 13
1 10 1 0 0 0 760 2 14 14 7
1 11 1 0 0 0 760 3 2 2 14
1 12 1 1 0 0 675 1 14 14 2
1 13 1 0 0 0 760 2 10 10 14
1 14 1 0 0 0 760 2 11 11 10
1 15 1 1 0 0 671 1 10 10 11
1 16 1 1 0 0 587 1 11 11 10
1 17 1 0 0 0 760 2 7 7 11
1 18 1 1 0 0 602 1 11 11 7
1 19 1 1 0 0 594 1 7 7 11
1 20 0 0 0 1 693 3 7 7 7
1 21 1 1 0 0 567 1 7 7 7
1 22 1 0 0 0 760 2 6 6 7
1 23 1 1 0 0 516 1 7 7 6
1 24 0 0 0 1 590 2 7 7 7
1 25 1 0 0 0 760 3 9 9 7
2 1 0 0 0 1 586 3 4 4 9
2 2 1 0 0 0 760 1 10 10 4
2 3 1 0 0 0 760 3 8 8 10
2 4 1 0 0 0 760 2 15 15 8
2 5 1 0 0 0 760 3 6 6 15
2 6 1 0 0 0 760 3 11 11 6
2 7 0 0 1 0 760 1 6 6 11
2 8 1 1 0 0 499 1 11 11 6
2 9 1 0 0 0 760 3 7 7 11
2 10 1 0 0 0 760 2 14 14 7
2 11 1 0 0 0 760 2 14 14 14
2 12 1 0 0 0 760 2 11 11 14
2 13 1 1 0 0 494 1 14 14 11
2 14 1 1 0 0 628 1 11 11 14
2 15 1 0 0 0 760 2 13 13 11
2 16 1 1 0 0 644 1 11 11 13
2 17 1 0 0 0 760 3 3 3 11
2 18 1 0 0 0 760 3 7 7 3
2 19 1 0 0 0 760 2 14 14 7
2 20 1 1 0 0 758 1 7 7 14
2 21 1 1 0 0 550 1 14 14 7
2 22 1 1 0 0 658 1 7 7 14
2 23 1 1 0 0 642 1 14 14 7
2 24 1 0 0 0 760 3 4 4 14
2 25 1 0 0 0 760 2 11 11 4
3 1 0 0 0 1 572 1 11 11 11
3 2 1 0 0 0 760 3 14 14 11
3 3 1 0 0 0 760 3 3 3 14
3 4 1 1 0 0 622 1 14 14 3
3 5 1 1 0 0 697 1 3 3 14
3 6 1 1 0 0 555 1 14 14 3
3 7 1 0 0 0 760 3 14 14 14
3 8 1 1 0 0 670 1 14 14 14
3 9 1 0 0 0 760 3 2 2 14
3 10 1 0 0 0 760 3 11 11 2
3 11 1 0 0 0 760 3 6 6 11
3 12 1 0 0 0 760 3 4 4 6
3 13 1 0 0 0 760 2 12 12 4
3 14 1 0 0 0 760 2 1 1 12
3 15 1 0 0 0 760 2 4 4 1
3 16 1 0 0 0 760 3 12 12 4
3 17 1 0 0 0 760 2 15 15 12
3 18 1 0 0 0 760 3 9 9 15
3 19 1 0 0 0 760 3 2 2 9
3 20 1 0 0 0 760 2 12 12 2
3 21 0 0 1 0 760 1 2 2 12
3 22 1 0 0 0 760 2 3 3 2
3 23 1 1 0 0 630 1 2 2 3
3 24 1 0 0 0 760 2 12 12 2
3 25 1 0 0 0 760 2 4 4 12
