1 1 1 0 0 0 760 2 13 13 0
1 2 1 0 0 0 760 2 15 15 13
1 3 1 0 0 0 760 2 14 14 15
1 4 1 0 0 0 760 3 5 5 14
1 5 1 0 0 0 760 2 3 3 5
1 6 0 0 1 0 760 1 5 5 3
1 7 1 1 0 0 681 1 3 3 5
1 8 1 1 0 0 699 1 5 5 3
1 9 1 0 0 0 760 3 1 1 5
1 10 0 0 1 0 760 1 5 5 1
1 11 1 0 0 0 760 3 2 2 5
1 12 1 0 0 0 760 2 8 8 2
1 13 0 0 1 0 760 1 2 2 8
1 14 1 0 0 0 760 2 13 13 2
1 15 0 0 1 0 760 1 2 2 13
1 16 1 0 0 0 760 3 11 11 2
1 17 1 0 0 0 760 2 15 15 11
1 18 1 0 0 0 760 2 3 3 15
1 19 1 1 0 0 685 1 15 15 3
1 20 1 0 0 0 760 3 6 6 15
1 21 1 0 0 0 760 3 11 11 6
1 22 1 1 0 0 709 1 6 6 11
1 23 0 0 0 1 578 3 12 12 6
1 24 1 0 0 0 760 2 14 14 12
1 25 0 0 1 0 760 1 12 12 14
2 1 1 0 0 0 760 1 1 1 12
2 2 1 0 0 0 760 2 1 1 1
2 3 1 0 0 0 760 2 3 3 1
2 4 1 0 0 0 760 2 7 7 3
2 5 1 0 0 0 760 2 12 12 7
2 6 1 1 0 0 678 1 7 7 12
2 7 1 0 0 0 760 2 8 8 7
2 8 1 0 0 0 760 2 5 5 8
2 9 1 0 0 0 760 3 12 12 5
2 10 1 1 0 0 670 1 5 5 12
2 11 1 0 0 0 760 2 2 2 5
2 12 1 0 0 0 760 3 14 14 2
2 13 0 0 1 0 760 1 2 2 14
2 14 1 0 0 0 760 3 5 5 2
2 15 1 0 0 0 760 2 12 12 5
2 16 1 0 0 0 760 2 13 13 12
2 17 1 0 0 0 760 3 8 8 13
2 18 1 0 0 0 760 3 7 7 8
2 19 1 0 0 0 760 3 3 3 7
2 20 0 0 1 0 760 1 7 7 3
2 21 1 0 0 0 760 3 2 2 7
2 22 1 0 0 0 760 3 2 2 2
2 23 1 0 0 0 760 3 11 11 2
2 24 1 0 0 0 760 3 4 4 11
2 25 1 0 0 0 760 3 4 4 4
3 1 1 0 0 0 760 3 13 13 4
3 2 1 0 0 0 760 3 15 15 13
3 3 1 0 0 0 760 2 7 7 15
3 4 1 0 0 0 760 2 2 2 7
3 5 1 1 0 0 683 1 7 7 2
3 6 1 0 0 0 760 2 10 10 7
3 7 1 0 0 0 760 3 8 8 10
3 8 0 0 1 0 760 1 10 10 8
3 9 1 0 0 0 760 3 11 11 10
3 10 0 0 1 0 760 1 10 10 11
3 11 0 0 1 0 760 1 11 11 10
3 12 1 1 0 0 608 1 10 10 11
3 13 1 1 0 0 740 1 11 11 10
3 14 1 0 0 0 760 2 6 6 11
3 15 0 0 0 1 705 2 10 10 6
3 16 1 0 0 0 760 3 5 5 10
3 17 1 0 0 0 760 3 9 9 5
3 18 1 1 0 0 729 1 5 5 9
3 19 1 0 0 0 760 2 14 14 5
3 20 1 0 0 0 760 2 11 11 14
3 21 1 1 0 0 718 1 14 14 11
3 22 1 1 0 0 713 1 11 11 14
3 23 1 0 0 0 760 3 6 6 11
3 24 1 1 0 0 711 1 11 11 6
3 25 1 0 0 0 760 2 15 15 11
