1 1 1 0 0 0 760 1 2 2 0
1 2 1 0 0 0 760 3 1 1 2
1 3 1 0 0 0 760 2 5 5 1
1 4 1 0 0 0 760 3 5 5 5
1 5 1 0 0 0 760 2 8 8 5
1 6 1 1 0 0 540 1 5 5 8
1 7 0 0 1 0 760 1 8 8 5
1 8 1 1 0 0 731 1 5 5 8
1 9 1 0 0 0 760 3 7 7 5
1 10 0 0 1 0 760 1 5 5 7
1 11 1 0 0 0 760 3 6 6 5
1 12 1 1 0 0 653 1 5 5 6
1 13 1 0 0 0 760 2 13 13 5
1 14 1 0 0 0 760 2 9 9 13
1 15 1 0 0 0 760 3 5 5 9
1 16 1 0 0 0 760 3 3 3 5
1 17 0 0 0 1 694 3 3 3 3
1 18 1 1 0 0 618 1 3 3 3
1 19 1 0 0 0 760 2 4 4 3
1 20 0 0 1 0 760 1 3 3 4
1 21 1 1 0 0 732 1 4 4 3
1 22 0 0 0 1 656 2 4 4 4
1 23 1 0 0 0 760 2 2 2 4
1 24 1 0 0 0 760 3 3 3 2
1 25 0 0 1 0 760 1 2 2 3
2 1 1 0 0 0 760 2 4 4 2
2 2 1 0 0 0 760 3 6 6 4
2 3 1 1 0 0 494 1 4 4 6
2 4 1 0 0 0 760 2 11 11 4
2 5 1 0 0 0 760 3 2 2 11
2 6 1 0 0 0 760 2 6 6 2
2 7 1 0 0 0 760 2 13 13 6
2 8 1 1 0 0 583 1 6 6 13
2 9 0 0 1 0 760 1 13 13 6
2 10 1 0 0 0 760 3 1 1 13
2 11 1 1 0 0 476 1 13 13 1
2 12 1 0 0 0 760 2 2 2 13
2 13 1 0 0 0 760 3 6 6 2
2 14 1 0 0 0 760 3 14 14 6
2 15 1 1 0 0 482 1 6 6 14
2 16 1 0 0 0 760 3 6 6 6
2 17 1 1 0 0 681 1 6 6 6
2 18 1 0 0 0 760 2 11 11 6
2 19 1 1 0 0 696 1 6 6 11
2 20 1 0 0 0 760 2 1 1 6
2 21 1 0 0 0 760 3 15 15 1
2 22 1 0 0 0 760 2 4 4 15
2 23 1 1 0 0 695 1 15 15 4
2 24 1 1 0 0 479 1 4 4 15
2 25 1 0 0 0 760 3 9 9 4
3 1 1 0 0 0 760 3 13 13 9
3 2 1 0 0 0 760 3 8 8 13
3 3 1 0 0 0 760 2 14 14 8
3 4 1 0 0 0 760 2 9 9 14
3 5 1 0 0 0 760 2 2 2 9
3 6 1 0 0 0 760 2 5 5 2
3 7 1 0 0 0 760 2 6 6 5
3 8 1 0 0 0 760 3 7 7 6
3 9 1 0 0 0 760 3 5 5 7
3 10 1 0 0 0 760 2 14 14 5
3 11 1 0 0 0 760 3 14 14 14
3 12 1 0 0 0 760 3 7 7 14
3 13 1 1 0 0 499 1 14 14 7
3 14 1 0 0 0 760 2 11 11 14
3 15 1 0 0 0 760 2 5 5 11
3 16 1 0 0 0 760 2 12 12 5
3 17 1 0 0 0 760 2 13 13 12
3 18 1 0 0 0 760 2 11 11 13
3 19 1 0 0 0 760 2 12 12 11
3 20 1 0 0 0 760 2 4 4 12
3 21 1 1 0 0 737 1 12 12 4
3 22 1 1 0 0 751 1 4 4 12
3 23 1 0 0 0 760 2 14 14 4
3 24 1 1 0 0 443 1 4 4 14
3 25 1 0 0 0 760 3 12 12 4
