1 1 1 0 0 0 760 1 14 14 0
1 2 1 0 0 0 760 3 13 13 14
1 3 1 1 0 0 650 1 14 14 13
1 4 1 1 0 0 520 1 13 13 14
1 5 1 0 0 0 760 3 3 3 13
1 6 1 0 0 0 760 2 9 9 3
1 7 1 1 0 0 637 1 3 3 9
1 8 1 0 0 0 760 3 13 13 3
1 9 1 1 0 0 666 1 3 3 13
1 10 1 0 0 0 760 3 5 5 3
1 11 1 0 0 0 760 2 6 6 5
1 12 1 0 0 0 760 3 8 8 6
1 13 1 0 0 0 760 3 2 2 8
1 14 0 0 1 0 760 1 8 8 2
1 15 1 1 0 0 639 1 2 2 8
1 16 1 0 0 0 760 2 9 9 2
1 17 1 0 0 0 760 3 13 13 9
1 18 1 1 0 0 646 1 9 9 13
1 19 1 0 0 0 760 3 14 14 9
1 20 1 0 0 0 760 3 5 5 14
1 21 1 0 0 0 760 3 13 13 5
1 22 1 1 0 0 698 1 5 5 13
1 23 1 0 0 0 760 3 10 10 5
1 24 0 0 1 0 760 1 5 5 10
1 25 1 0 0 0 760 2 9 9 5
2 1 1 0 0 0 760 3 4 4 9
2 2 1 0 0 0 760 2 10 10 4
2 3 1 0 0 0 760 3 14 14 10
2 4 1 0 0 0 760 2 11 11 14
2 5 1 1 0 0 547 1 14 14 11
2 6 1 0 0 0 760 2 4 4 14
2 7 1 0 0 0 760 2 10 10 4
2 8 1 0 0 0 760 2 15 15 10
2 9 1 1 0 0 645 1 10 10 15
2 10 1 0 0 0 760 2 13 13 10
2 11 1 0 0 0 760 3 11 11 13
2 12 1 0 0 0 760 3 5 5 11
2 13 1 0 0 0 760 2 9 9 5
2 14 1 0 0 0 760 2 1 1 9
2 15 1 0 0 0 760 3 6 6 1
2 16 1 1 0 0 658 1 1 1 6
2 17 1 1 0 0 553 1 6 6 1
2 18 1 0 0 0 760 3 6 6 6
2 19 1 0 0 0 760 3 3 3 6
2 20 1 0 0 0 760 3 14 14 3
2 21 1 0 0 0 760 3 10 10 14
2 22 1 0 0 0 760 3 11 11 10
2 23 1 0 0 0 760 2 11 11 11
2 24 1 0 0 0 760 2 6 6 11
2 25 1 0 0 0 760 2 8 8 6
3 1 1 0 0 0 760 2 9 9 8
3 2 1 0 0 0 760 2 4 4 9
3 3 1 0 0 0 760 2 5 5 4
3 4 1 0 0 0 760 3 9 9 5
3 5 1 0 0 0 760 3 13 13 9
3 6 1 0 0 0 760 3 6 6 13
3 7 1 0 0 0 760 3 7 7 6
3 8 1 0 0 0 760 3 13 13 7
3 9 1 1 0 0 627 1 7 7 13
3 10 1 0 0 0 760 3 11 11 7
3 11 1 0 0 0 760 3 5 5 11
3 12 0 0 1 0 760 1 11 11 5
3 13 1 0 0 0 760 2 10 10 11
3 14 1 0 0 0 760 2 6 6 10
3 15 1 0 0 0 760 3 15 15 6
3 16 1 0 0 0 760 3 4 4 15
3 17 1 1 0 0 683 1 15 15 4
3 18 1 0 0 0 760 3 14 14 15
3 19 0 0 1 0 760 1 15 15 14
3 20 0 0 1 0 760 1 14 14 15
3 21 0 0 0 1 706 2 14 14 14
3 22 1 0 0 0 760 3 11 11 14
3 23 1 1 0 0 624 1 14 14 11
3 24 0 0 1 0 760 1 11 11 14
3 25 1 1 0 0 598 1 14 14 11
