1 1 1 0 0 0 760 2 12 12 0
1 2 1 0 0 0 760 3 4 4 12
1 3 1 0 0 0 760 3 7 7 4
1 4 1 0 0 0 760 2 10 10 7
1 5 0 0 0 1 556 2 10 10 10
1 6 1 0 0 0 760 2 8 8 10
1 7 1 1 0 0 632 1 10 10 8
1 8 1 1 0 0 621 1 8 8 10
1 9 1 1 0 0 754 1 10 10 8
1 10 1 0 0 0 760 2 5 5 10
1 11 1 0 0 0 760 2 15 15 5
1 12 1 1 0 0 578 1 5 5 15
1 13 1 1 0 0 644 1 15 15 5
1 14 1 0 0 0 760 2 6 6 15
1 15 1 0 0 0 760 2 13 13 6
1 16 1 1 0 0 661 1 6 6 13
1 17 1 0 0 0 760 3 11 11 6
1 18 1 1 0 0 683 1 6 6 11
1 19 1 0 0 0 760 3 3 3 6
1 20 1 1 0 0 609 1 6 6 3
1 21 1 0 0 0 760 3 13 13 6
1 22 1 0 0 0 760 2 2 2 13
1 23 1 1 0 0 615 1 13 13 2
1 24 1 1 0 0 622 1 2 2 13
1 25 1 0 0 0 760 2 5 5 2
2 1 1 0 0 0 760 2 9 9 5
2 2 1 0 0 0 760 1 6 6 9
2 3 1 0 0 0 760 2 5 5 6
2 4 1 0 0 0 760 2 11 11 5
2 5 1 0 0 0 760 3 6 6 11
2 6 1 0 0 0 760 3 7 7 6
2 7 1 0 0 0 760 3 14 14 7
2 8 1 1 0 0 488 1 7 7 14
2 9 1 1 0 0 605 1 14 14 7
2 10 1 1 0 0 682 1 7 7 14
2 11 1 0 0 0 760 3 3 3 7
2 12 1 0 0 0 760 3 15 15 3
2 13 1 0 0 0 760 2 15 15 15
2 14 1 1 0 0 511 1 15 15 15
2 15 1 0 0 0 760 3 14 14 15
2 16 1 0 0 0 760 3 5 5 14
2 17 1 1 0 0 536 1 14 14 5
2 18 1 0 0 0 760 2 3 3 14
2 19 1 1 0 0 718 1 14 14 3
2 20 1 1 0 0 485 1 3 3 14
2 21 1 0 0 0 760 2 7 7 3
2 22 1 0 0 0 760 2 8 8 7
2 23 1 1 0 0 641 1 7 7 8
2 24 1 0 0 0 760 3 12 12 7
2 25 1 0 0 0 760 2 8 8 12
3 1 1 0 0 0 760 2 6 6 8
3 2 1 0 0 0 760 2 6 6 6
3 3 1 1 0 0 519 1 6 6 6
3 4 1 0 0 0 760 3 13 13 6
3 5 1 0 0 0 760 3 9 9 13
3 6 1 0 0 0 760 3 8 8 9
3 7 1 0 0 0 760 2 2 2 8
3 8 1 1 0 0 616 1 8 8 2
3 9 1 0 0 0 760 2 3 3 8
3 10 1 0 0 0 760 2 2 2 3
3 11 1 0 0 0 760 3 11 11 2
3 12 1 1 0 0 665 1 2 2 11
3 13 1 0 0 0 760 3 15 15 2
3 14 1 1 0 0 540 1 2 2 15
3 15 1 1 0 0 747 1 15 15 2
3 16 1 0 0 0 760 3 9 9 15
3 17 1 0 0 0 760 2 5 5 9
3 18 1 0 0 0 760 2 4 4 5
3 19 1 0 0 0 760 2 7 7 4
3 20 1 0 0 0 760 2 1 1 7
3 21 1 1 0 0 596 1 7 7 1
3 22 1 0 0 0 760 3 3 3 7
3 23 1 1 0 0 487 1 7 7 3
3 24 1 1 0 0 535 1 3 3 7
3 25 1 0 0 0 760 3 4 4 3
