1 1 1 0 0 0 760 2 15 15 0
1 2 1 0 0 0 760 2 11 11 15
1 3 1 1 0 0 580 1 15 15 11
1 4 1 0 0 0 760 3 9 9 15
1 5 1 0 0 0 760 2 10 10 9
1 6 1 0 0 0 760 3 2 2 10
1 7 1 1 0 0 758 1 10 10 2
1 8 0 0 0 1 588 3 10 10 10
1 9 1 1 0 0 500 1 10 10 10
1 10 1 0 0 0 760 2 2 2 10
1 11 1 1 0 0 754 1 10 10 2
1 12 1 0 0 0 760 3 9 9 10
1 13 1 1 0 0 701 1 10 10 9
1 14 1 1 0 0 630 1 9 9 10
1 15 1 0 0 0 760 2 2 2 9
1 16 1 0 0 0 760 2 12 12 2
1 17 1 0 0 0 760 3 7 7 12
1 18 0 0 1 0 760 1 12 12 7
1 19 1 1 0 0 735 1 7 7 12
1 20 1 0 0 0 760 3 2 2 7
1 21 1 1 0 0 684 1 7 7 2
1 22 1 0 0 0 760 2 9 9 7
1 23 1 0 0 0 760 3 11 11 9
1 24 0 0 1 0 760 1 9 9 11
1 25 1 0 0 0 760 2 3 3 9
2 1 0 0 0 1 657 3 7 7 3
2 2 1 0 0 0 760 1 1 1 7
2 3 1 0 0 0 760 3 12 12 1
2 4 1 0 0 0 760 3 8 8 12
2 5 1 1 0 0 674 1 12 12 8
2 6 1 1 0 0 531 1 8 8 12
2 7 1 1 0 0 531 1 12 12 8
2 8 1 1 0 0 581 1 8 8 12
2 9 1 0 0 0 760 2 11 11 8
2 10 0 0 1 0 760 1 8 8 11
2 11 1 0 0 0 760 3 10 10 8
2 12 0 0 1 0 760 1 8 8 10
2 13 1 0 0 0 760 3 5 5 8
2 14 0 0 1 0 760 1 8 8 5
2 15 1 0 0 0 760 2 11 11 8
2 16 0 0 1 0 760 1 8 8 11
2 17 0 0 0 1 69 2 6 6 8
2 18 1 1 0 0 603 1 8 8 6
2 19 1 0 0 0 760 2 3 3 8
2 20 1 0 0 0 760 3 13 13 3
2 21 1 0 0 0 760 2 13 13 13
2 22 1 0 0 0 760 3 11 11 13
2 23 1 0 0 0 760 3 9 9 11
2 24 1 1 0 0 648 1 11 11 9
2 25 1 0 0 0 760 3 7 7 11
3 1 1 0 0 0 760 2 14 14 7
3 2 1 0 0 0 760 3 13 13 14
3 3 1 1 0 0 653 1 14 14 13
3 4 0 0 1 0 760 1 13 13 14
3 5 1 1 0 0 603 1 14 14 13
3 6 1 0 0 0 760 2 1 1 14
3 7 1 0 0 0 760 3 7 7 1
3 8 1 0 0 0 760 2 15 15 7
3 9 1 1 0 0 549 1 7 7 15
3 10 1 0 0 0 760 3 10 10 7
3 11 1 1 0 0 758 1 7 7 10
3 12 1 0 0 0 760 3 13 13 7
3 13 0 0 1 0 760 1 7 7 13
3 14 0 0 1 0 760 1 13 13 7
3 15 1 1 0 0 706 1 7 7 13
3 16 1 0 0 0 760 2 14 14 7
3 17 1 0 0 0 760 2 3 3 14
3 18 1 0 0 0 760 3 10 10 3
3 19 1 1 0 0 697 1 3 3 10
3 20 1 1 0 0 632 1 10 10 3
3 21 1 0 0 0 760 3 5 5 10
3 22 1 0 0 0 760 2 15 15 5
3 23 1 1 0 0 680 1 5 5 15
3 24 1 0 0 0 760 3 11 11 5
3 25 1 1 0 0 595 1 5 5 11
