1 1 1 0 0 0 760 3 5 5 0
1 2 1 0 0 0 760 3 1 1 5
1 3 1 0 0 0 760 3 11 11 1
1 4 1 1 0 0 753 1 1 1 11
1 5 1 0 0 0 760 2 13 13 1
1 6 1 0 0 0 760 3 3 3 13
1 7 1 1 0 0 583 1 13 13 3
1 8 1 1 0 0 619 1 3 3 13
1 9 1 0 0 0 760 2 5 5 3
1 10 0 0 0 1 641 2 5 5 5
1 11 1 1 0 0 637 1 5 5 5
1 12 1 0 0 0 760 2 1 1 5
1 13 1 0 0 0 760 2 13 13 1
1 14 1 1 0 0 707 1 1 1 13
1 15 1 0 0 0 760 3 7 7 1
1 16 1 0 0 0 760 3 11 11 7
1 17 1 0 0 0 760 3 10 10 11
1 18 1 0 0 0 760 2 3 3 10
1 19 1 0 0 0 760 2 13 13 3
1 20 1 0 0 0 760 2 5 5 13
1 21 1 0 0 0 760 3 1 1 5
1 22 1 1 0 0 640 1 5 5 1
1 23 1 0 0 0 760 2 11 11 5
1 24 1 0 0 0 760 3 1 1 11
1 25 1 0 0 0 760 3 7 7 1
2 1 1 0 0 0 760 1 12 12 7
2 2 1 0 0 0 760 3 4 4 12
2 3 1 0 0 0 760 2 15 15 4
2 4 1 0 0 0 760 3 13 13 15
2 5 1 0 0 0 760 3 14 14 13
2 6 1 0 0 0 760 3 6 6 14
2 7 1 0 0 0 760 3 12 12 6
2 8 1 0 0 0 760 2 12 12 12
2 9 1 0 0 0 760 3 8 8 12
2 10 1 0 0 0 760 3 4 4 8
2 11 1 0 0 0 760 2 6 6 4
2 12 0 0 1 0 760 1 4 4 6
2 13 1 0 0 0 760 3 13 13 4
2 14 1 0 0 0 760 2 3 3 13
2 15 1 1 0 0 500 1 13 13 3
2 16 0 0 1 0 760 1 3 3 13
2 17 1 0 0 0 760 2 10 10 3
2 18 1 0 0 0 760 3 4 4 10
2 19 1 0 0 0 760 3 12 12 4
2 20 1 0 0 0 760 2 11 11 12
2 21 1 0 0 0 760 2 7 7 11
2 22 1 0 0 0 760 3 2 2 7
2 23 1 0 0 0 760 3 13 13 2
2 24 1 0 0 0 760 2 14 14 13
2 25 1 0 0 0 760 2 7 7 14
3 1 1 0 0 0 760 2 9 9 7
3 2 1 0 0 0 760 2 6 6 9
3 3 1 0 0 0 760 3 14 14 6
3 4 1 1 0 0 704 1 6 6 14
3 5 1 1 0 0 573 1 14 14 6
3 6 1 0 0 0 760 2 2 2 14
3 7 1 1 0 0 554 1 14 14 2
3 8 1 0 0 0 760 2 1 1 14
3 9 1 0 0 0 760 2 3 3 1
3 10 1 1 0 0 571 1 1 1 3
3 11 1 1 0 0 605 1 3 3 1
3 12 1 1 0 0 603 1 1 1 3
3 13 1 0 0 0 760 3 5 5 1
3 14 1 0 0 0 760 2 15 15 5
3 15 1 1 0 0 636 1 5 5 15
3 16 1 0 0 0 760 3 10 10 5
3 17 1 0 0 0 760 3 3 3 10
3 18 1 0 0 0 760 2 13 13 3
3 19 0 0 1 0 760 1 3 3 13
3 20 1 1 0 0 560 1 13 13 3
3 21 1 1 0 0 531 1 3 3 13
3 22 1 0 0 0 760 2 14 14 3
3 23 1 0 0 0 760 2 12 12 14
3 24 1 0 0 0 760 3 9 9 12
3 25 1 1 0 0 686 1 12 12 9
