1 1 1 0 0 0 760 3 13 13 0
1 2 1 0 0 0 760 1 10 10 13
1 3 1 0 0 0 760 3 2 2 10
1 4 1 0 0 0 760 2 14 14 2
1 5 1 0 0 0 760 3 4 4 14
1 6 1 0 0 0 760 2 7 7 4
1 7 1 0 0 0 760 3 9 9 7
1 8 1 0 0 0 760 2 15 15 9
1 9 1 0 0 0 760 2 12 12 15
1 10 0 0 1 0 760 1 15 15 12
1 11 1 0 0 0 760 2 9 9 15
1 12 1 1 0 0 599 1 15 15 9
1 13 1 1 0 0 617 1 9 9 15
1 14 1 0 0 0 760 2 4 4 9
1 15 1 1 0 0 667 1 9 9 4
1 16 1 1 0 0 626 1 4 4 9
1 17 1 0 0 0 760 3 3 3 4
1 18 1 0 0 0 760 2 8 8 3
1 19 0 0 1 0 760 1 3 3 8
1 20 0 0 1 0 760 1 8 8 3
1 21 0 0 1 0 760 1 3 3 8
1 22 0 0 0 1 624 2 13 13 3
1 23 1 0 0 0 760 2 8 8 13
1 24 1 0 0 0 760 3 8 8 8
1 25 1 0 0 0 760 3 7 7 8
2 1 1 0 0 0 760 1 4 4 7
2 2 1 0 0 0 760 1 4 4 4
2 3 1 0 0 0 760 3 7 7 4
2 4 1 0 0 0 760 3 3 3 7
2 5 1 0 0 0 760 3 1 1 3
2 6 1 0 0 0 760 2 8 8 1
2 7 1 0 0 0 760 2 4 4 8
2 8 1 0 0 0 760 2 2 2 4
2 9 0 0 1 0 760 1 4 4 2
2 10 1 0 0 0 760 2 8 8 4
2 11 1 0 0 0 760 3 6 6 8
2 12 1 0 0 0 760 2 9 9 6
2 13 1 0 0 0 760 3 2 2 9
2 14 1 0 0 0 760 2 5 5 2
2 15 1 0 0 0 760 2 8 8 5
2 16 1 1 0 0 673 1 5 5 8
2 17 1 0 0 0 760 2 11 11 5
2 18 0 0 0 1 720 2 8 8 11
2 19 0 0 0 1 692 3 5 5 8
2 20 1 0 0 0 760 3 4 4 5
2 21 1 1 0 0 563 1 5 5 4
2 22 1 1 0 0 638 1 4 4 5
2 23 1 0 0 0 760 3 15 15 4
2 24 1 1 0 0 497 1 4 4 15
2 25 1 1 0 0 520 1 15 15 4
3 1 1 0 0 0 760 3 11 11 15
3 2 1 0 0 0 760 2 2 2 11
3 3 1 1 0 0 745 1 11 11 2
3 4 1 1 0 0 690 1 2 2 11
3 5 1 0 0 0 760 2 9 9 2
3 6 1 1 0 0 513 1 2 2 9
3 7 1 0 0 0 760 2 3 3 2
3 8 1 0 0 0 760 2 11 11 3
3 9 1 0 0 0 760 3 14 14 11
3 10 1 0 0 0 760 3 12 12 14
3 11 1 0 0 0 760 3 9 9 12
3 12 1 1 0 0 694 1 12 12 9
3 13 1 1 0 0 597 1 9 9 12
3 14 1 0 0 0 760 2 14 14 9
3 15 1 1 0 0 485 1 9 9 14
3 16 1 1 0 0 536 1 14 14 9
3 17 1 0 0 0 760 3 11 11 14
3 18 1 0 0 0 760 3 1 1 11
3 19 1 1 0 0 518 1 11 11 1
3 20 1 0 0 0 760 3 8 8 11
3 21 1 0 0 0 760 2 14 14 8
3 22 1 0 0 0 760 3 5 5 14
3 23 1 1 0 0 741 1 14 14 5
3 24 1 1 0 0 656 1 5 5 14
3 25 1 0 0 0 760 3 6 6 5
