1 1 1 0 0 0 760 2 11 11 0
1 2 1 0 0 0 760 3 1 1 11
1 3 1 0 0 0 760 2 1 1 1
1 4 1 0 0 0 760 2 11 11 1
1 5 1 0 0 0 760 2 15 15 11
1 6 1 1 0 0 722 1 11 11 15
1 7 1 0 0 0 760 2 5 5 11
1 8 1 1 0 0 696 1 11 11 5
1 9 1 0 0 0 760 2 8 8 11
1 10 1 1 0 0 747 1 11 11 8
1 11 0 0 1 0 760 1 8 8 11
1 12 1 0 0 0 760 2 8 8 8
1 13 1 0 0 0 760 3 12 12 8
1 14 1 1 0 0 750 1 8 8 12
1 15 0 0 1 0 760 1 12 12 8
1 16 1 1 0 0 709 1 8 8 12
1 17 1 0 0 0 760 3 2 2 8
1 18 1 0 0 0 760 2 4 4 2
1 19 1 0 0 0 760 2 1 1 4
1 20 1 0 0 0 760 3 12 12 1
1 21 1 0 0 0 760 2 13 13 12
1 22 1 0 0 0 760 3 6 6 13
1 23 1 1 0 0 749 1 13 13 6
1 24 1 0 0 0 760 3 9 9 13
1 25 1 0 0 0 760 3 14 14 9
2 1 1 0 0 0 760 2 10 10 14
2 2 1 0 0 0 760 3 5 5 10
2 3 1 0 0 0 760 2 9 9 5
2 4 1 0 0 0 760 2 8 8 9
2 5 1 0 0 0 760 3 2 2 8
2 6 1 0 0 0 760 3 13 13 2
2 7 1 0 0 0 760 3 6 6 13
2 8 1 0 0 0 760 3 12 12 6
2 9 1 0 0 0 760 2 7 7 12
2 10 1 0 0 0 760 3 11 11 7
2 11 1 0 0 0 760 2 4 4 11
2 12 1 0 0 0 760 3 6 6 4
2 13 1 0 0 0 760 3 10 10 6
2 14 1 0 0 0 760 3 9 9 10
2 15 1 0 0 0 760 3 15 15 9
2 16 1 0 0 0 760 2 13 13 15
2 17 1 0 0 0 760 2 13 13 13
2 18 1 0 0 0 760 3 3 3 13
2 19 1 0 0 0 760 2 7 7 3
2 20 1 0 0 0 760 3 6 6 7
2 21 1 0 0 0 760 3 15 15 6
2 22 1 0 0 0 760 3 8 8 15
2 23 0 0 0 1 751 3 6 6 8
2 24 1 0 0 0 760 2 2 2 6
2 25 1 0 0 0 760 3 13 13 2
3 1 1 0 0 0 760 3 6 6 13
3 2 1 0 0 0 760 1 11 11 6
3 3 0 0 1 0 760 1 6 6 11
3 4 0 0 1 0 760 1 11 11 6
3 5 1 1 0 0 725 1 6 6 11
3 6 1 0 0 0 760 3 13 13 6
3 7 1 0 0 0 760 3 8 8 13
3 8 1 1 0 0 742 1 13 13 8
3 9 1 0 0 0 760 3 14 14 13
3 10 1 0 0 0 760 2 6 6 14
3 11 1 0 0 0 760 3 7 7 6
3 12 1 0 0 0 760 3 12 12 7
3 13 1 0 0 0 760 3 8 8 12
3 14 1 1 0 0 706 1 12 12 8
3 15 1 0 0 0 760 3 15 15 12
3 16 1 1 0 0 738 1 12 12 15
3 17 0 0 1 0 760 1 15 15 12
3 18 1 0 0 0 760 3 3 3 15
3 19 1 0 0 0 760 2 9 9 3
3 20 1 1 0 0 705 1 3 3 9
3 21 1 0 0 0 760 3 14 14 3
3 22 1 1 0 0 710 1 3 3 14
3 23 1 0 0 0 760 2 11 11 3
3 24 1 0 0 0 760 2 8 8 11
3 25 1 1 0 0 644 1 11 11 8
