1 1 1 0 0 0 760 3 13 13 0
1 2 1 0 0 0 760 1 14 14 13
1 3 1 0 0 0 760 3 9 9 14
1 4 1 0 0 0 760 3 12 12 9
1 5 0 0 1 0 760 1 9 9 12
1 6 0 0 1 0 760 1 12 12 9
1 7 1 0 0 0 760 3 4 4 12
1 8 1 0 0 0 760 3 7 7 4
1 9 0 0 1 0 760 1 4 4 7
1 10 0 0 0 1 234 2 5 5 4
1 11 1 0 0 0 760 2 10 10 5
1 12 1 0 0 0 760 3 8 8 10
1 13 1 0 0 0 760 3 8 8 8
1 14 1 0 0 0 760 3 15 15 8
1 15 0 0 1 0 574 1 8 8 15
1 16 0 0 1 0 760 1 15 15 8
1 17 1 0 0 0 760 2 4 4 15
1 18 1 0 0 0 760 2 13 13 4
1 19 0 0 1 0 622 1 4 4 13
1 20 1 0 0 0 760 3 5 5 4
1 21 1 0 0 0 760 2 11 11 5
1 22 1 0 0 0 760 2 7 7 11
1 23 1 0 0 0 760 3 8 8 7
1 24 0 0 1 0 760 1 7 7 8
1 25 1 0 0 0 760 2 2 2 7
2 1 1 0 0 0 760 3 1 1 2
2 2 1 0 0 0 760 1 1 1 1
2 3 1 0 0 0 760 3 12 12 1
2 4 1 0 0 0 760 2 3 3 12
2 5 1 1 0 0 618 1 12 12 3
2 6 0 0 1 0 760 1 3 3 12
2 7 1 0 0 0 760 2 6 6 3
2 8 1 0 0 0 760 2 15 15 6
2 9 0 0 1 0 760 1 6 6 15
2 10 1 0 0 0 760 2 5 5 6
2 11 1 0 0 0 760 3 9 9 5
2 12 1 0 0 0 760 3 2 2 9
2 13 1 0 0 0 760 2 5 5 2
2 14 1 0 0 0 760 2 13 13 5
2 15 1 0 0 0 760 3 7 7 13
2 16 0 0 1 0 760 1 13 13 7
2 17 0 0 1 0 760 1 7 7 13
2 18 1 0 0 0 760 2 1 1 7
2 19 1 0 0 0 760 2 2 2 1
2 20 1 0 0 0 760 3 5 5 2
2 21 0 0 1 0 760 1 2 2 5
2 22 1 0 0 0 760 2 3 3 2
2 23 1 1 0 0 641 1 2 2 3
2 24 1 0 0 0 760 2 1 1 2
2 25 1 1 0 0 597 1 2 2 1
3 1 1 0 0 0 760 1 14 14 2
3 2 1 0 0 0 760 2 12 12 14
3 3 1 0 0 0 760 3 9 9 12
3 4 0 0 1 0 760 1 12 12 9
3 5 1 0 0 0 760 3 8 8 12
3 6 0 0 1 0 760 1 12 12 8
3 7 1 0 0 0 760 3 12 12 12
3 8 0 0 1 0 760 1 12 12 12
3 9 1 1 0 0 607 1 12 12 12
3 10 1 0 0 0 760 3 14 14 12
3 11 1 0 0 0 760 2 11 11 14
3 12 1 0 0 0 760 2 15 15 11
3 13 1 0 0 0 760 2 7 7 15
3 14 1 1 0 0 755 1 15 15 7
3 15 1 1 0 0 722 1 7 7 15
3 16 1 1 0 0 738 1 15 15 7
3 17 1 0 0 0 760 3 12 12 15
3 18 1 0 0 0 760 3 3 3 12
3 19 1 0 0 0 760 2 15 15 3
3 20 1 0 0 0 760 3 6 6 15
3 21 0 0 0 1 710 2 3 3 6
3 22 1 0 0 0 760 2 2 2 3
3 23 1 0 0 0 760 2 13 13 2
3 24 1 0 0 0 760 2 11 11 13
3 25 1 0 0 0 760 2 10 10 11
