1 1 1 0 0 0 760 2 6 6 0
1 2 1 0 0 0 760 1 4 4 6
1 3 1 0 0 0 760 3 15 15 4
1 4 1 1 0 0 683 1 4 4 15
1 5 1 0 0 0 760 2 11 11 4
1 6 0 0 1 0 760 1 4 4 11
1 7 1 0 0 0 760 2 14 14 4
1 8 1 0 0 0 760 2 14 14 14
1 9 1 0 0 0 760 2 13 13 14
1 10 0 0 1 0 760 1 14 14 13
1 11 0 0 1 0 760 1 13 13 14
1 12 1 0 0 0 760 3 13 13 13
1 13 1 0 0 0 760 3 6 6 13
1 14 1 0 0 0 760 2 1 1 6
1 15 1 1 0 0 683 1 6 6 1
1 16 1 0 0 0 760 3 7 7 6
1 17 1 1 0 0 698 1 6 6 7
1 18 1 0 0 0 760 3 12 12 6
1 19 1 0 0 0 760 2 10 10 12
1 20 1 0 0 0 760 2 13 13 10
1 21 1 0 0 0 760 2 14 14 13
1 22 1 0 0 0 760 2 15 15 14
1 23 0 0 1 0 760 1 14 14 15
1 24 1 0 0 0 760 3 10 10 14
1 25 1 1 0 0 676 1 14 14 10
2 1 1 0 0 0 760 2 4 4 14
2 2 1 0 0 0 760 3 12 12 4
2 3 1 1 0 0 550 1 4 4 12
2 4 1 0 0 0 760 3 3 3 4
2 5 1 0 0 0 760 3 6 6 3
2 6 1 0 0 0 760 2 11 11 6
2 7 1 0 0 0 760 2 2 2 11
2 8 1 0 0 0 760 2 6 6 2
2 9 1 0 0 0 760 2 11 11 6
2 10 1 0 0 0 760 2 13 13 11
2 11 1 0 0 0 760 3 15 15 13
2 12 0 0 1 0 760 1 13 13 15
2 13 1 0 0 0 760 2 12 12 13
2 14 1 0 0 0 760 2 15 15 12
2 15 1 1 0 0 629 1 12 12 15
2 16 0 0 1 0 760 1 15 15 12
2 17 0 0 0 1 629 3 15 15 15
2 18 1 0 0 0 760 3 10 10 15
2 19 1 0 0 0 760 3 1 1 10
2 20 1 0 0 0 760 3 12 12 1
2 21 1 0 0 0 760 3 15 15 12
2 22 1 0 0 0 760 3 13 13 15
2 23 1 0 0 0 760 3 8 8 13
2 24 1 0 0 0 760 3 1 1 8
2 25 1 0 0 0 760 3 6 6 1
3 1 1 0 0 0 760 3 10 10 6
3 2 1 0 0 0 760 2 14 14 10
3 3 1 1 0 0 747 1 10 10 14
3 4 0 0 1 0 760 1 14 14 10
3 5 1 0 0 0 760 2 5 5 14
3 6 1 0 0 0 760 2 6 6 5
3 7 1 0 0 0 760 3 10 10 6
3 8 1 0 0 0 760 2 13 13 10
3 9 1 0 0 0 760 2 15 15 13
3 10 1 0 0 0 760 2 11 11 15
3 11 1 1 0 0 689 1 15 15 11
3 12 1 0 0 0 760 2 5 5 15
3 13 0 0 0 1 721 2 11 11 5
3 14 1 0 0 0 760 3 6 6 11
3 15 1 0 0 0 760 2 13 13 6
3 16 1 0 0 0 760 3 14 14 13
3 17 1 0 0 0 760 3 9 9 14
3 18 1 0 0 0 760 2 12 12 9
3 19 1 0 0 0 760 3 8 8 12
3 20 1 0 0 0 760 2 13 13 8
3 21 0 0 0 1 750 3 12 12 13
3 22 1 0 0 0 760 3 1 1 12
3 23 1 0 0 0 760 3 3 3 1
3 24 1 1 0 0 635 1 1 1 3
3 25 1 0 0 0 760 2 12 12 1
