1 1 1 0 0 0 760 2 9 9 0
1 2 1 0 0 0 760 2 1 1 9
1 3 1 0 0 0 760 3 14 14 1
1 4 0 0 1 0 760 1 1 1 14
1 5 0 0 1 0 760 1 14 14 1
1 6 1 0 0 0 760 3 13 13 14
1 7 0 0 1 0 760 1 14 14 13
1 8 1 0 0 0 760 3 3 3 14
1 9 1 0 0 0 760 3 1 1 3
1 10 1 0 0 0 760 3 9 9 1
1 11 1 0 0 0 760 2 10 10 9
1 12 0 0 0 1 757 2 1 1 10
1 13 0 0 1 0 760 1 10 10 1
1 14 1 0 0 0 760 3 15 15 10
1 15 1 0 0 0 760 2 11 11 15
1 16 1 0 0 0 760 2 14 14 11
1 17 1 0 0 0 760 2 6 6 14
1 18 1 0 0 0 760 3 10 10 6
1 19 1 0 0 0 760 2 3 3 10
1 20 1 0 0 0 760 2 9 9 3
1 21 1 0 0 0 760 2 5 5 9
1 22 1 0 0 0 760 2 7 7 5
1 23 1 0 0 0 760 2 1 1 7
1 24 0 0 1 0 760 1 7 7 1
1 25 1 0 0 0 760 2 13 13 7
2 1 1 0 0 0 760 1 10 10 13
2 2 1 0 0 0 760 1 7 7 10
2 3 1 1 0 0 638 1 10 10 7
2 4 0 0 1 0 760 1 7 7 10
2 5 1 0 0 0 760 2 15 15 7
2 6 1 0 0 0 760 2 9 9 15
2 7 0 0 0 1 657 3 10 10 9
2 8 0 0 0 1 722 2 10 10 10
2 9 1 0 0 0 760 3 12 12 10
2 10 1 0 0 0 760 3 8 8 12
2 11 1 0 0 0 760 2 4 4 8
2 12 1 1 0 0 696 1 8 8 4
2 13 1 0 0 0 760 3 1 1 8
2 14 1 0 0 0 760 2 10 10 1
2 15 1 0 0 0 760 2 10 10 10
2 16 1 1 0 0 694 1 10 10 10
2 17 1 1 0 0 720 1 10 10 10
2 18 1 0 0 0 760 2 13 13 10
2 19 1 0 0 0 760 3 5 5 13
2 20 1 0 0 0 760 3 12 12 5
2 21 1 0 0 0 760 2 4 4 12
2 22 1 0 0 0 760 3 1 1 4
2 23 1 0 0 0 760 3 14 14 1
2 24 1 1 0 0 601 1 1 1 14
2 25 1 0 0 0 760 2 11 11 1
3 1 1 0 0 0 760 3 12 12 11
3 2 0 0 0 1 569 1 5 5 12
3 3 0 0 1 0 760 1 12 12 5
3 4 0 0 1 0 760 1 5 5 12
3 5 1 0 0 0 760 2 11 11 5
3 6 0 0 1 0 760 1 5 5 11
3 7 0 0 1 0 760 1 11 11 5
3 8 0 0 0 1 580 2 11 11 11
3 9 1 1 0 0 564 1 11 11 11
3 10 1 0 0 0 760 2 14 14 11
3 11 1 1 0 0 678 1 11 11 14
3 12 0 0 1 0 760 1 14 14 11
3 13 1 0 0 0 760 2 15 15 14
3 14 1 0 0 0 760 3 3 3 15
3 15 0 0 1 0 760 1 15 15 3
3 16 1 0 0 0 760 2 5 5 15
3 17 0 0 1 0 760 1 15 15 5
3 18 0 0 0 1 604 3 10 10 15
3 19 1 1 0 0 728 1 15 15 10
3 20 1 0 0 0 760 2 9 9 15
3 21 1 0 0 0 760 2 5 5 9
3 22 0 0 1 0 760 1 9 9 5
3 23 0 0 1 0 760 1 5 5 9
3 24 1 1 0 0 734 1 9 9 5
3 25 1 0 0 0 760 2 8 8 9
