1 1 1 0 0 0 760 3 12 12 0
1 2 1 0 0 0 760 2 8 8 12
1 3 1 0 0 0 760 3 4 4 8
1 4 1 0 0 0 760 3 11 11 4
1 5 1 0 0 0 760 3 7 7 11
1 6 1 0 0 0 760 3 7 7 7
1 7 1 0 0 0 760 3 13 13 7
1 8 1 0 0 0 760 2 8 8 13
1 9 1 0 0 0 760 3 15 15 8
1 10 1 1 0 0 709 1 8 8 15
1 11 1 1 0 0 566 1 15 15 8
1 12 1 0 0 0 760 2 3 3 15
1 13 1 1 0 0 584 1 15 15 3
1 14 1 0 0 0 760 3 10 10 15
1 15 1 0 0 0 760 2 2 2 10
1 16 1 0 0 0 760 2 2 2 2
1 17 1 1 0 0 566 1 2 2 2
1 18 1 0 0 0 760 3 15 15 2
1 19 1 1 0 0 747 1 2 2 15
1 20 1 0 0 0 760 2 7 7 2
1 21 1 0 0 0 760 3 15 15 7
1 22 1 1 0 0 633 1 7 7 15
1 23 1 0 0 0 760 3 6 6 7
1 24 1 0 0 0 760 3 11 11 6
1 25 1 1 0 0 736 1 6 6 11
2 1 1 0 0 0 760 3 7 7 6
2 2 1 0 0 0 760 3 13 13 7
2 3 1 1 0 0 527 1 7 7 13
2 4 1 1 0 0 597 1 13 13 7
2 5 1 0 0 0 760 3 6 6 13
2 6 1 0 0 0 760 3 4 4 6
2 7 1 0 0 0 760 3 9 9 4
2 8 1 0 0 0 760 3 2 2 9
2 9 1 1 0 0 559 1 9 9 2
2 10 1 1 0 0 535 1 2 2 9
2 11 1 0 0 0 760 3 8 8 2
2 12 1 1 0 0 516 1 2 2 8
2 13 1 0 0 0 760 3 5 5 2
2 14 1 0 0 0 760 2 15 15 5
2 15 1 1 0 0 548 1 5 5 15
2 16 1 1 0 0 631 1 15 15 5
2 17 1 1 0 0 637 1 5 5 15
2 18 1 0 0 0 760 3 3 3 5
2 19 1 0 0 0 760 3 13 13 3
2 20 1 0 0 0 760 2 13 13 13
2 21 1 0 0 0 760 2 7 7 13
2 22 1 0 0 0 760 3 1 1 7
2 23 1 0 0 0 760 2 13 13 1
2 24 0 0 1 0 760 1 1 1 13
2 25 0 0 1 0 760 1 13 13 1
3 1 1 0 0 0 760 1 11 11 13
3 2 1 0 0 0 760 1 14 14 11
3 3 1 0 0 0 760 2 12 12 14
3 4 1 0 0 0 760 3 15 15 12
3 5 1 0 0 0 760 3 4 4 15
3 6 1 0 0 0 760 3 13 13 4
3 7 0 0 1 0 760 1 4 4 13
3 8 1 0 0 0 760 2 1 1 4
3 9 0 0 1 0 760 1 4 4 1
3 10 1 0 0 0 760 3 14 14 4
3 11 1 0 0 0 760 2 6 6 14
3 12 1 0 0 0 760 3 11 11 6
3 13 1 0 0 0 760 2 3 3 11
3 14 1 0 0 0 760 2 4 4 3
3 15 1 1 0 0 518 1 3 3 4
3 16 1 0 0 0 760 3 2 2 3
3 17 1 0 0 0 760 2 14 14 2
3 18 1 0 0 0 760 3 1 1 14
3 19 1 0 0 0 760 2 7 7 1
3 20 1 0 0 0 760 3 8 8 7
3 21 0 0 0 1 682 3 8 8 8
3 22 1 0 0 0 760 2 10 10 8
3 23 1 0 0 0 760 2 2 2 10
3 24 1 1 0 0 515 1 10 10 2
3 25 1 1 0 0 740 1 2 2 10
