1 1 1 0 0 0 760 3 8 8 0
1 2 1 0 0 0 760 1 11 11 8
1 3 0 0 1 0 760 1 8 8 11
1 4 1 0 0 0 760 3 13 13 8
1 5 1 0 0 0 760 2 1 1 13
1 6 0 0 1 0 760 1 13 13 1
1 7 1 0 0 0 760 2 10 10 13
1 8 1 0 0 0 760 2 6 6 10
1 9 1 0 0 0 760 3 13 13 6
1 10 0 0 1 0 760 1 6 6 13
1 11 0 0 1 0 743 1 13 13 6
1 12 1 0 0 0 760 2 13 13 13
1 13 1 0 0 0 752 2 10 10 13
1 14 0 0 1 0 728 1 13 13 10
1 15 1 0 0 0 760 3 15 15 13
1 16 1 0 0 0 760 2 12 12 15
1 17 1 0 0 0 760 3 12 12 12
1 18 1 1 0 0 745 1 12 12 12
1 19 1 1 0 0 673 1 12 12 12
1 20 1 0 0 0 760 2 2 2 12
1 21 1 0 0 0 760 2 8 8 2
1 22 1 0 0 0 760 2 1 1 8
1 23 0 0 1 0 760 1 8 8 1
1 24 1 0 0 0 760 3 5 5 8
1 25 1 0 0 0 760 3 15 15 5
2 1 1 0 0 0 760 2 7 7 15
2 2 1 0 0 0 760 1 1 1 7
2 3 1 0 0 0 760 3 8 8 1
2 4 1 0 0 0 760 2 9 9 8
2 5 1 0 0 0 760 2 9 9 9
2 6 0 0 1 0 760 1 9 9 9
2 7 0 0 1 0 760 1 9 9 9
2 8 0 0 1 0 760 1 9 9 9
2 9 0 0 1 0 760 1 9 9 9
2 10 0 0 1 0 760 1 9 9 9
2 11 1 0 0 0 760 3 11 11 9
2 12 0 0 1 0 760 1 9 9 11
2 13 0 0 0 1 689 3 9 9 9
2 14 1 0 0 0 760 3 10 10 9
2 15 0 0 1 0 760 1 9 9 10
2 16 1 0 0 0 760 3 11 11 9
2 17 1 0 0 0 760 2 4 4 11
2 18 0 0 1 0 760 1 11 11 4
2 19 0 0 1 0 760 1 4 4 11
2 20 1 0 0 0 760 2 9 9 4
2 21 1 0 0 0 760 2 1 1 9
2 22 1 0 0 0 760 2 6 6 1
2 23 0 0 1 0 760 1 1 1 6
2 24 0 0 1 0 760 1 6 6 1
2 25 0 0 0 1 734 2 9 9 6
3 1 1 0 0 0 760 3 12 12 9
3 2 1 0 0 0 760 1 15 15 12
3 3 1 0 0 0 760 2 5 5 15
3 4 1 0 0 0 760 2 1 1 5
3 5 0 0 1 0 760 1 5 5 1
3 6 1 1 0 0 678 1 1 1 5
3 7 0 0 1 0 760 1 5 5 1
3 8 0 0 1 0 760 1 1 1 5
3 9 1 0 0 0 760 3 9 9 1
3 10 1 1 0 0 755 1 1 1 9
3 11 0 0 0 1 563 2 1 1 1
3 12 1 0 0 0 760 2 15 15 1
3 13 1 0 0 0 760 3 6 6 15
3 14 1 1 0 0 628 1 15 15 6
3 15 1 0 0 0 760 2 13 13 15
3 16 1 0 0 0 760 2 9 9 13
3 17 0 0 1 0 760 1 13 13 9
3 18 1 0 0 0 760 3 3 3 13
3 19 0 0 0 1 676 3 3 3 3
3 20 1 1 0 0 684 1 3 3 3
3 21 1 1 0 0 642 1 3 3 3
3 22 1 1 0 0 560 1 3 3 3
3 23 1 1 0 0 534 1 3 3 3
3 24 1 0 0 0 760 3 1 1 3
3 25 1 0 0 0 760 2 11 11 1
