1 1 1 0 0 0 760 1 4 4 0
1 2 1 0 0 0 760 3 14 14 4
1 3 1 0 0 0 760 2 9 9 14
1 4 1 1 0 0 662 1 14 14 9
1 5 1 0 0 0 760 3 3 3 14
1 6 1 0 0 0 760 3 6 6 3
1 7 0 0 1 0 760 1 3 3 6
1 8 0 0 1 0 760 1 6 6 3
1 9 1 1 0 0 646 1 3 3 6
1 10 1 1 0 0 679 1 6 6 3
1 11 1 0 0 0 760 2 6 6 6
1 12 0 0 0 1 678 3 15 15 6
1 13 1 0 0 0 760 3 15 15 15
1 14 1 0 0 0 760 2 14 14 15
1 15 1 0 0 0 760 2 3 3 14
1 16 1 0 0 0 760 2 5 5 3
1 17 1 0 0 0 760 3 11 11 5
1 18 1 0 0 0 760 2 3 3 11
1 19 1 0 0 0 760 2 7 7 3
1 20 1 1 0 0 742 1 3 3 7
1 21 1 0 0 0 760 2 6 6 3
1 22 0 0 1 0 760 1 3 3 6
1 23 1 0 0 0 760 3 1 1 3
1 24 1 0 0 0 760 3 10 10 1
1 25 1 0 0 0 760 3 15 15 10
2 1 1 0 0 0 760 2 8 8 15
2 2 1 0 0 0 760 2 10 10 8
2 3 1 0 0 0 760 3 1 1 10
2 4 0 0 1 0 760 1 10 10 1
2 5 1 0 0 0 760 2 5 5 10
2 6 1 0 0 0 760 2 11 11 5
2 7 1 0 0 0 760 2 13 13 11
2 8 0 0 1 0 760 1 11 11 13
2 9 0 0 1 0 760 1 13 13 11
2 10 1 1 0 0 607 1 11 11 13
2 11 0 0 1 0 760 1 13 13 11
2 12 0 0 1 0 760 1 11 11 13
2 13 1 0 0 0 760 3 4 4 11
2 14 1 0 0 0 760 2 9 9 4
2 15 1 0 0 0 760 3 15 15 9
2 16 1 1 0 0 630 1 9 9 15
2 17 0 0 0 1 754 2 13 13 9
2 18 1 1 0 0 654 1 9 9 13
2 19 1 0 0 0 760 3 3 3 9
2 20 1 0 0 0 760 3 6 6 3
2 21 1 1 0 0 594 1 3 3 6
2 22 1 1 0 0 716 1 6 6 3
2 23 0 0 0 1 611 2 6 6 6
2 24 1 0 0 0 760 2 8 8 6
2 25 1 0 0 0 760 2 1 1 8
3 1 1 0 0 0 760 3 11 11 1
3 2 1 0 0 0 760 1 9 9 11
3 3 1 0 0 0 760 3 14 14 9
3 4 1 1 0 0 762 1 9 9 14
3 5 1 0 0 0 760 3 2 2 9
3 6 1 0 0 0 760 2 15 15 2
3 7 1 0 0 0 760 2 7 7 15
3 8 1 0 0 0 760 3 3 3 7
3 9 1 0 0 0 760 2 11 11 3
3 10 1 0 0 0 760 2 15 15 11
3 11 1 0 0 0 760 2 7 7 15
3 12 1 1 0 0 618 1 15 15 7
3 13 1 0 0 0 760 2 3 3 15
3 14 0 0 0 1 635 3 5 5 3
3 15 1 0 0 0 760 3 6 6 5
3 16 1 0 0 0 760 2 3 3 6
3 17 1 1 0 0 546 1 6 6 3
3 18 1 0 0 0 760 3 5 5 6
3 19 0 0 0 1 757 3 13 13 5
3 20 0 0 0 1 649 3 6 6 13
3 21 1 1 0 0 717 1 13 13 6
3 22 1 0 0 0 760 2 15 15 13
3 23 1 0 0 0 760 3 5 5 15
3 24 1 1 0 0 629 1 15 15 5
3 25 0 0 0 1 680 2 9 9 15
