1 1 1 0 0 0 760 1 2 2 0
1 2 1 0 0 0 760 2 15 15 2
1 3 1 0 0 0 760 2 13 13 15
1 4 1 0 0 0 760 3 7 7 13
1 5 0 0 1 0 760 1 13 13 7
1 6 1 0 0 0 760 3 4 4 13
1 7 1 0 0 0 760 2 14 14 4
1 8 1 0 0 0 760 2 11 11 14
1 9 1 0 0 0 760 3 4 4 11
1 10 1 0 0 0 760 2 15 15 4
1 11 0 0 0 1 548 3 14 14 15
1 12 1 0 0 0 760 2 12 12 14
1 13 1 0 0 0 760 2 2 2 12
1 14 1 1 0 0 612 1 12 12 2
1 15 1 0 0 0 760 2 6 6 12
1 16 1 0 0 0 760 2 7 7 6
1 17 0 0 1 0 760 1 6 6 7
1 18 1 0 0 0 760 3 15 15 6
1 19 1 0 0 0 760 2 15 15 15
1 20 1 0 0 0 760 3 8 8 15
1 21 1 0 0 0 760 2 11 11 8
1 22 1 0 0 0 760 3 9 9 11
1 23 1 0 0 0 760 3 9 9 9
1 24 0 0 1 0 760 1 9 9 9
1 25 0 0 1 0 760 1 9 9 9
2 1 1 0 0 0 760 3 3 3 9
2 2 1 0 0 0 760 3 1 1 3
2 3 1 1 0 0 499 1 3 3 1
2 4 0 0 1 0 760 1 1 1 3
2 5 1 0 0 0 760 2 12 12 1
2 6 1 0 0 0 760 3 5 5 12
2 7 1 0 0 0 760 2 11 11 5
2 8 1 0 0 0 760 3 13 13 11
2 9 1 0 0 0 760 3 12 12 13
2 10 1 0 0 0 760 2 1 1 12
2 11 1 0 0 0 760 3 2 2 1
2 12 1 0 0 0 760 2 12 12 2
2 13 0 0 0 1 713 2 12 12 12
2 14 1 0 0 0 760 2 6 6 12
2 15 1 0 0 0 760 3 5 5 6
2 16 0 0 1 0 760 1 6 6 5
2 17 1 0 0 0 760 2 6 6 6
2 18 1 0 0 0 760 3 2 2 6
2 19 1 0 0 0 760 2 10 10 2
2 20 1 0 0 0 760 2 10 10 10
2 21 0 0 0 1 652 3 2 2 10
2 22 1 0 0 0 760 3 8 8 2
2 23 0 0 1 0 760 1 2 2 8
2 24 1 0 0 0 760 3 9 9 2
2 25 1 0 0 0 760 3 5 5 9
3 1 1 0 0 0 760 3 6 6 5
3 2 1 0 0 0 760 2 11 11 6
3 3 1 0 0 0 760 3 9 9 11
3 4 1 0 0 0 760 2 13 13 9
3 5 0 0 1 0 760 1 9 9 13
3 6 0 0 1 0 760 1 13 13 9
3 7 1 0 0 0 760 3 4 4 13
3 8 0 0 1 0 760 1 13 13 4
3 9 1 0 0 0 760 3 8 8 13
3 10 1 0 0 0 760 2 1 1 8
3 11 1 0 0 0 760 3 13 13 1
3 12 0 0 1 0 760 1 1 1 13
3 13 1 0 0 0 760 2 3 3 1
3 14 1 0 0 0 760 2 11 11 3
3 15 0 0 1 0 760 1 3 3 11
3 16 0 0 1 0 760 1 11 11 3
3 17 1 0 0 0 760 3 15 15 11
3 18 1 0 0 0 760 2 14 14 15
3 19 1 1 0 0 519 1 15 15 14
3 20 1 0 0 0 760 3 11 11 15
3 21 1 0 0 0 760 2 11 11 11
3 22 1 0 0 0 760 3 8 8 11
3 23 0 0 1 0 760 1 11 11 8
3 24 1 0 0 0 760 2 6 6 11
3 25 1 0 0 0 760 3 8 8 6
