1 1 1 0 0 0 760 3 12 12 0
1 2 1 0 0 0 760 3 2 2 12
1 3 1 0 0 0 760 2 5 5 2
1 4 0 0 1 0 760 1 2 2 5
1 5 1 0 0 0 760 3 2 2 2
1 6 1 0 0 0 760 3 3 3 2
1 7 1 0 0 0 760 2 7 7 3
1 8 0 0 1 0 760 1 3 3 7
1 9 1 0 0 0 760 3 4 4 3
1 10 1 0 0 0 760 2 14 14 4
1 11 0 0 1 0 760 1 4 4 14
1 12 0 0 1 0 760 1 14 14 4
1 13 1 0 0 0 760 3 10 10 14
1 14 1 0 0 0 760 2 13 13 10
1 15 1 1 0 0 626 1 10 10 13
1 16 1 0 0 0 760 3 3 3 10
1 17 1 0 0 0 760 2 7 7 3
1 18 1 0 0 0 760 3 11 11 7
1 19 1 1 0 0 739 1 7 7 11
1 20 1 0 0 0 760 2 1 1 7
1 21 1 0 0 0 760 2 5 5 1
1 22 1 0 0 0 760 3 14 14 5
1 23 1 0 0 0 760 3 3 3 14
1 24 1 0 0 0 760 2 7 7 3
1 25 1 1 0 0 540 1 3 3 7
2 1 1 0 0 0 760 2 14 14 3
2 2 1 0 0 0 760 2 6 6 14
2 3 1 1 0 0 542 1 14 14 6
2 4 1 1 0 0 474 1 6 6 14
2 5 1 0 0 0 760 2 13 13 6
2 6 1 0 0 0 760 3 5 5 13
2 7 1 0 0 0 760 2 10 10 5
2 8 1 1 0 0 563 1 5 5 10
2 9 1 0 0 0 760 2 6 6 5
2 10 1 1 0 0 540 1 5 5 6
2 11 1 0 0 0 760 2 14 14 5
2 12 1 0 0 0 760 3 1 1 14
2 13 1 1 0 0 760 1 14 14 1
2 14 1 0 0 0 760 3 3 3 14
2 15 1 1 0 0 596 1 14 14 3
2 16 1 0 0 0 760 3 2 2 14
2 17 1 0 0 0 760 2 12 12 2
2 18 1 0 0 0 760 2 14 14 12
2 19 1 0 0 0 760 2 14 14 14
2 20 1 0 0 0 760 2 5 5 14
2 21 0 0 1 0 760 1 14 14 5
2 22 1 0 0 0 760 3 12 12 14
2 23 1 0 0 0 760 2 8 8 12
2 24 1 0 0 0 760 3 4 4 8
2 25 1 0 0 0 760 2 10 10 4
3 1 1 0 0 0 760 1 10 10 10
3 2 1 0 0 0 760 3 5 5 10
3 3 1 1 0 0 528 1 10 10 5
3 4 1 0 0 0 760 3 9 9 10
3 5 1 0 0 0 760 2 12 12 9
3 6 0 0 1 0 760 1 9 9 12
3 7 1 0 0 0 760 2 11 11 9
3 8 0 0 1 0 760 1 9 9 11
3 9 1 0 0 0 760 2 4 4 9
3 10 1 0 0 0 760 2 10 10 4
3 11 1 0 0 0 760 3 2 2 10
3 12 1 1 0 0 550 1 10 10 2
3 13 1 1 0 0 710 1 2 2 10
3 14 1 0 0 0 760 3 11 11 2
3 15 1 0 0 0 760 3 15 15 11
3 16 1 0 0 0 760 2 4 4 15
3 17 1 1 0 0 560 1 15 15 4
3 18 1 1 0 0 494 1 4 4 15
3 19 1 1 0 0 527 1 15 15 4
3 20 1 0 0 0 760 3 12 12 15
3 21 1 0 0 0 760 2 4 4 12
3 22 1 0 0 0 760 2 11 11 4
3 23 1 1 0 0 516 1 4 4 11
3 24 1 0 0 0 760 3 4 4 4
3 25 1 0 0 0 760 3 2 2 4
