1 1 1 0 0 0 760 1 1 1 0
1 2 1 0 0 0 760 2 15 15 1
1 3 1 0 0 0 760 2 10 10 15
1 4 1 0 0 0 760 3 2 2 10
1 5 1 0 0 0 760 2 15 15 2
1 6 0 0 1 0 760 1 2 2 15
1 7 1 0 0 0 760 3 7 7 2
1 8 1 1 0 0 604 1 2 2 7
1 9 1 0 0 0 760 3 4 4 2
1 10 0 0 0 1 593 3 3 3 4
1 11 1 0 0 0 760 3 11 11 3
1 12 1 0 0 0 760 3 7 7 11
1 13 1 0 0 0 760 3 9 9 7
1 14 1 0 0 0 760 2 4 4 9
1 15 0 0 1 0 760 1 9 9 4
1 16 0 0 1 0 760 1 4 4 9
1 17 1 0 0 0 760 2 2 2 4
1 18 1 1 0 0 609 1 4 4 2
1 19 1 0 0 0 760 3 15 15 4
1 20 1 0 0 0 760 3 6 6 15
1 21 1 0 0 0 760 3 12 12 6
1 22 1 0 0 0 760 2 15 15 12
1 23 1 0 0 0 760 2 8 8 15
1 24 0 0 1 0 760 1 15 15 8
1 25 1 1 0 0 665 1 8 8 15
2 1 1 0 0 0 760 3 13 13 8
2 2 1 0 0 0 760 2 2 2 13
2 3 1 0 0 0 760 2 5 5 2
2 4 1 0 0 0 760 2 11 11 5
2 5 1 0 0 0 760 3 3 3 11
2 6 0 0 1 0 760 1 11 11 3
2 7 1 0 0 0 760 2 13 13 11
2 8 1 0 0 0 760 3 10 10 13
2 9 0 0 1 0 760 1 13 13 10
2 10 1 0 0 0 760 3 2 2 13
2 11 1 0 0 0 760 3 12 12 2
2 12 1 0 0 0 760 3 9 9 12
2 13 0 0 0 1 721 2 9 9 9
2 14 1 0 0 0 760 3 11 11 9
2 15 1 0 0 0 760 3 1 1 11
2 16 1 0 0 0 760 3 6 6 1
2 17 1 0 0 0 760 2 3 3 6
2 18 0 0 1 0 760 1 6 6 3
2 19 1 0 0 0 760 3 15 15 6
2 20 1 0 0 0 760 3 4 4 15
2 21 1 1 0 0 719 1 15 15 4
2 22 1 0 0 0 760 3 15 15 15
2 23 1 0 0 0 760 2 6 6 15
2 24 1 0 0 0 760 2 4 4 6
2 25 0 0 0 1 752 3 4 4 4
3 1 1 0 0 0 760 2 10 10 4
3 2 1 0 0 0 760 3 13 13 10
3 3 1 0 0 0 760 3 12 12 13
3 4 1 0 0 0 760 3 1 1 12
3 5 1 1 0 0 735 1 12 12 1
3 6 0 0 1 0 760 1 1 1 12
3 7 1 0 0 0 760 3 8 8 1
3 8 1 1 0 0 527 1 1 1 8
3 9 1 0 0 0 760 3 6 6 1
3 10 1 1 0 0 592 1 1 1 6
3 11 0 0 0 1 610 3 1 1 1
3 12 1 0 0 0 760 3 5 5 1
3 13 1 0 0 0 760 2 13 13 5
3 14 1 1 0 0 566 1 5 5 13
3 15 1 0 0 0 760 3 6 6 5
3 16 1 1 0 0 692 1 5 5 6
3 17 1 1 0 0 522 1 6 6 5
3 18 1 0 0 0 760 3 10 10 6
3 19 1 1 0 0 572 1 6 6 10
3 20 1 1 0 0 706 1 10 10 6
3 21 1 1 0 0 590 1 6 6 10
3 22 1 0 0 0 760 2 13 13 6
3 23 1 1 0 0 761 1 6 6 13
3 24 1 1 0 0 593 1 13 13 6
3 25 1 1 0 0 617 1 6 6 13
