1 1 1 0 0 0 760 2 3 3 0
1 2 1 0 0 0 760 1 11 11 3
1 3 1 0 0 0 760 2 10 10 11
1 4 1 0 0 0 760 2 13 13 10
1 5 1 0 0 0 760 2 12 12 13
1 6 1 0 0 0 760 2 11 11 12
1 7 0 0 1 0 760 1 12 12 11
1 8 1 0 0 0 760 2 8 8 12
1 9 1 0 0 0 760 3 4 4 8
1 10 0 0 1 0 760 1 8 8 4
1 11 1 0 0 0 760 3 3 3 8
1 12 1 0 0 0 760 2 15 15 3
1 13 0 0 1 0 760 1 3 3 15
1 14 1 0 0 0 760 3 2 2 3
1 15 0 0 1 0 760 1 3 3 2
1 16 0 0 0 1 698 2 6 6 3
1 17 1 0 0 0 760 2 1 1 6
1 18 1 0 0 0 760 3 13 13 1
1 19 1 0 0 0 760 2 5 5 13
1 20 0 0 1 0 760 1 13 13 5
1 21 0 0 1 0 760 1 5 5 13
1 22 1 1 0 0 625 1 13 13 5
1 23 0 0 1 0 760 1 5 5 13
1 24 0 0 0 1 507 2 12 12 5
1 25 1 0 0 0 760 3 4 4 12
2 1 1 0 0 0 760 3 2 2 4
2 2 1 0 0 0 760 1 10 10 2
2 3 1 0 0 0 760 3 5 5 10
2 4 1 0 0 0 760 3 9 9 5
2 5 1 0 0 0 760 2 14 14 9
2 6 0 0 1 0 760 1 9 9 14
2 7 1 0 0 0 760 2 2 2 9
2 8 0 0 1 0 760 1 9 9 2
2 9 1 0 0 0 760 2 14 14 9
2 10 1 0 0 0 760 2 2 2 14
2 11 1 1 0 0 688 1 14 14 2
2 12 0 0 1 0 760 1 2 2 14
2 13 1 0 0 0 760 3 1 1 2
2 14 1 0 0 0 760 2 11 11 1
2 15 1 0 0 0 760 3 7 7 11
2 16 0 0 1 0 760 1 11 11 7
2 17 0 0 1 0 760 1 7 7 11
2 18 1 0 0 0 760 2 13 13 7
2 19 0 0 1 0 760 1 7 7 13
2 20 1 0 0 0 760 2 6 6 7
2 21 1 0 0 0 760 3 11 11 6
2 22 1 0 0 0 760 2 4 4 11
2 23 1 0 0 0 760 3 2 2 4
2 24 0 0 1 0 760 1 4 4 2
2 25 0 0 1 0 760 1 2 2 4
3 1 1 0 0 0 760 3 9 9 2
3 2 1 0 0 0 760 1 10 10 9
3 3 0 0 1 0 760 1 9 9 10
3 4 1 0 0 0 760 2 7 7 9
3 5 1 0 0 0 760 3 2 2 7
3 6 1 0 0 0 760 2 12 12 2
3 7 0 0 1 0 760 1 2 2 12
3 8 0 0 1 0 760 1 12 12 2
3 9 0 0 1 0 760 1 2 2 12
3 10 1 0 0 0 760 2 2 2 2
3 11 1 1 0 0 742 1 2 2 2
3 12 1 1 0 0 736 1 2 2 2
3 13 1 1 0 0 641 1 2 2 2
3 14 1 0 0 0 760 2 14 14 2
3 15 1 0 0 0 760 2 5 5 14
3 16 1 0 0 0 760 2 9 9 5
3 17 1 0 0 0 760 2 7 7 9
3 18 1 0 0 0 760 3 12 12 7
3 19 1 0 0 0 760 3 14 14 12
3 20 0 0 1 0 760 1 12 12 14
3 21 0 0 1 0 760 1 14 14 12
3 22 1 0 0 0 760 3 8 8 14
3 23 1 0 0 0 760 3 3 3 8
3 24 1 0 0 0 760 3 15 15 3
3 25 1 0 0 0 760 2 14 14 15
