1 1 1 0 0 0 760 1 14 14 0
1 2 1 0 0 0 760 2 7 7 14
1 3 1 0 0 0 760 3 12 12 7
1 4 0 0 1 0 760 1 7 7 12
1 5 1 0 0 0 760 2 10 10 7
1 6 0 0 1 0 760 1 7 7 10
1 7 0 0 1 0 760 1 10 10 7
1 8 1 1 0 0 694 1 7 7 10
1 9 1 0 0 0 760 3 2 2 7
1 10 1 1 0 0 683 1 7 7 2
1 11 1 0 0 0 760 3 9 9 7
1 12 1 0 0 0 760 2 14 14 9
1 13 0 0 1 0 760 1 9 9 14
1 14 1 0 0 0 760 3 7 7 9
1 15 1 0 0 0 760 3 3 3 7
1 16 1 0 0 0 760 2 13 13 3
1 17 1 0 0 0 760 3 10 10 13
1 18 0 0 1 0 760 1 13 13 10
1 19 1 0 0 0 760 3 15 15 13
1 20 0 0 0 1 662 3 12 12 15
1 21 1 0 0 0 760 2 3 3 12
1 22 1 1 0 0 663 1 12 12 3
1 23 0 0 1 0 760 1 3 3 12
1 24 1 0 0 0 760 3 8 8 3
1 25 1 0 0 0 760 3 14 14 8
2 1 1 0 0 0 760 3 5 5 14
2 2 1 0 0 0 760 1 9 9 5
2 3 1 1 0 0 499 1 5 5 9
2 4 1 1 0 0 658 1 9 9 5
2 5 1 0 0 0 760 3 2 2 9
2 6 1 0 0 0 760 2 8 8 2
2 7 1 1 0 0 448 1 2 2 8
2 8 1 1 0 0 548 1 8 8 2
2 9 1 0 0 0 760 3 10 10 8
2 10 1 1 0 0 521 1 8 8 10
2 11 1 1 0 0 622 1 10 10 8
2 12 1 0 0 0 760 3 14 14 10
2 13 1 1 0 0 639 1 10 10 14
2 14 1 0 0 0 760 2 1 1 10
2 15 1 0 0 0 760 2 4 4 1
2 16 1 1 0 0 710 1 1 1 4
2 17 1 0 0 0 760 3 13 13 1
2 18 1 0 0 0 760 3 11 11 13
2 19 1 0 0 0 760 3 2 2 11
2 20 1 1 0 0 584 1 11 11 2
2 21 1 0 0 0 760 2 10 10 11
2 22 1 0 0 0 760 2 4 4 10
2 23 1 0 0 0 760 3 2 2 4
2 24 1 0 0 0 760 2 7 7 2
2 25 1 1 0 0 598 1 2 2 7
3 1 1 0 0 0 760 1 8 8 2
3 2 1 0 0 0 760 2 6 6 8
3 3 1 0 0 0 760 3 10 10 6
3 4 1 0 0 0 760 2 2 2 10
3 5 1 1 0 0 681 1 10 10 2
3 6 1 1 0 0 572 1 2 2 10
3 7 1 0 0 0 760 2 4 4 2
3 8 1 0 0 0 760 2 7 7 4
3 9 1 1 0 0 556 1 4 4 7
3 10 1 0 0 0 760 3 3 3 4
3 11 1 1 0 0 647 1 4 4 3
3 12 1 1 0 0 573 1 3 3 4
3 13 1 0 0 0 760 3 15 15 3
3 14 1 1 0 0 562 1 3 3 15
3 15 1 0 0 0 760 2 9 9 3
3 16 1 1 0 0 545 1 3 3 9
3 17 1 0 0 0 760 2 1 1 3
3 18 1 0 0 0 760 3 6 6 1
3 19 1 1 0 0 760 1 1 1 6
3 20 1 0 0 0 760 2 9 9 1
3 21 1 0 0 0 760 2 5 5 9
3 22 0 0 1 0 760 1 9 9 5
3 23 1 0 0 0 760 2 11 11 9
3 24 1 0 0 0 760 3 15 15 11
3 25 1 0 0 0 760 2 14 14 15
