1 1 1 0 0 0 760 3 4 4 0
1 2 1 0 0 0 760 1 15 15 4
1 3 1 0 0 0 760 3 13 13 15
1 4 1 0 0 0 760 2 11 11 13
1 5 1 0 0 0 760 2 9 9 11
1 6 1 1 0 0 710 1 11 11 9
1 7 1 0 0 0 760 2 3 3 11
1 8 0 0 1 0 760 1 11 11 3
1 9 1 0 0 0 760 3 11 11 11
1 10 0 0 0 1 682 2 8 8 11
1 11 0 0 1 0 760 1 11 11 8
1 12 1 0 0 0 760 3 2 2 11
1 13 1 1 0 0 683 1 11 11 2
1 14 1 0 0 0 760 3 4 4 11
1 15 1 0 0 0 760 2 2 2 4
1 16 1 0 0 0 760 2 6 6 2
1 17 1 0 0 0 760 3 12 12 6
1 18 1 0 0 0 760 3 5 5 12
1 19 1 0 0 0 760 2 4 4 5
1 20 1 1 0 0 747 1 5 5 4
1 21 1 0 0 0 760 2 10 10 5
1 22 1 0 0 0 760 3 8 8 10
1 23 1 0 0 0 760 2 12 12 8
1 24 1 0 0 0 760 3 3 3 12
1 25 1 0 0 0 760 2 3 3 3
2 1 1 0 0 0 760 1 1 1 3
2 2 1 0 0 0 760 1 9 9 1
2 3 1 0 0 0 760 3 9 9 9
2 4 1 1 0 0 577 1 9 9 9
2 5 1 0 0 0 760 2 15 15 9
2 6 1 0 0 0 760 2 10 10 15
2 7 1 0 0 0 760 2 7 7 10
2 8 1 0 0 0 760 2 9 9 7
2 9 1 0 0 0 760 3 12 12 9
2 10 1 0 0 0 760 3 12 12 12
2 11 1 0 0 0 760 3 11 11 12
2 12 1 0 0 0 760 3 13 13 11
2 13 0 0 1 0 760 1 11 11 13
2 14 1 0 0 0 760 3 1 1 11
2 15 0 0 1 0 760 1 11 11 1
2 16 0 0 1 0 760 1 1 1 11
2 17 1 0 0 0 760 2 6 6 1
2 18 0 0 1 0 760 1 1 1 6
2 19 1 0 0 0 760 2 11 11 1
2 20 1 1 0 0 680 1 1 1 11
2 21 1 0 0 0 760 2 1 1 1
2 22 1 0 0 0 760 3 5 5 1
2 23 1 0 0 0 760 3 14 14 5
2 24 1 0 0 0 760 2 3 3 14
2 25 1 0 0 0 760 3 10 10 3
3 1 1 0 0 0 760 3 4 4 10
3 2 1 0 0 0 760 3 14 14 4
3 3 1 0 0 0 760 2 5 5 14
3 4 1 0 0 0 760 2 7 7 5
3 5 1 0 0 0 760 3 3 3 7
3 6 1 0 0 0 760 3 6 6 3
3 7 1 0 0 0 760 2 5 5 6
3 8 0 0 1 0 760 1 6 6 5
3 9 1 0 0 0 760 2 12 12 6
3 10 0 0 1 0 760 1 6 6 12
3 11 1 1 0 0 646 1 12 12 6
3 12 1 1 0 0 706 1 6 6 12
3 13 1 1 0 0 654 1 12 12 6
3 14 1 1 0 0 588 1 6 6 12
3 15 0 0 0 1 577 2 6 6 6
3 16 1 0 0 0 760 3 10 10 6
3 17 1 1 0 0 709 1 6 6 10
3 18 1 1 0 0 543 1 10 10 6
3 19 1 0 0 0 760 2 4 4 10
3 20 1 0 0 0 760 3 9 9 4
3 21 0 0 1 0 760 1 4 4 9
3 22 1 0 0 0 760 3 14 14 4
3 23 1 0 0 0 760 2 3 3 14
3 24 1 0 0 0 760 3 4 4 3
3 25 1 0 0 0 760 2 10 10 4
