1 1 1 0 0 0 760 2 1 1 0
1 2 1 0 0 0 760 2 8 8 1
1 3 1 0 0 0 760 2 15 15 8
1 4 1 0 0 0 760 2 1 1 15
1 5 1 0 0 0 760 3 10 10 1
1 6 0 0 1 0 760 1 1 1 10
1 7 1 0 0 0 760 2 2 2 1
1 8 0 0 0 1 646 3 2 2 2
1 9 1 0 0 0 760 2 13 13 2
1 10 1 0 0 0 760 3 6 6 13
1 11 1 0 0 0 760 3 2 2 6
1 12 0 0 1 0 760 1 6 6 2
1 13 1 0 0 0 760 2 1 1 6
1 14 1 0 0 0 760 2 14 14 1
1 15 1 0 0 0 760 2 6 6 14
1 16 0 0 1 0 760 1 14 14 6
1 17 1 0 0 0 760 2 14 14 14
1 18 1 0 0 0 760 3 12 12 14
1 19 1 0 0 0 760 2 1 1 12
1 20 1 1 0 0 724 1 12 12 1
1 21 1 0 0 0 760 3 2 2 12
1 22 0 0 1 0 760 1 12 12 2
1 23 1 0 0 0 760 2 4 4 12
1 24 1 0 0 0 760 3 1 1 4
1 25 0 0 1 0 760 1 4 4 1
2 1 1 0 0 0 760 1 6 6 4
2 2 1 0 0 0 760 3 6 6 6
2 3 0 0 0 1 489 2 9 9 6
2 4 1 1 0 0 741 1 6 6 9
2 5 1 0 0 0 760 3 7 7 6
2 6 1 0 0 0 760 2 1 1 7
2 7 1 1 0 0 720 1 7 7 1
2 8 1 0 0 0 760 2 11 11 7
2 9 1 0 0 0 760 3 4 4 11
2 10 0 0 1 0 760 1 11 11 4
2 11 1 0 0 0 760 3 3 3 11
2 12 1 0 0 0 760 2 12 12 3
2 13 1 0 0 0 760 3 11 11 12
2 14 1 0 0 0 760 3 6 6 11
2 15 1 0 0 0 760 3 12 12 6
2 16 0 0 1 0 760 1 6 6 12
2 17 1 0 0 0 760 2 2 2 6
2 18 1 1 0 0 660 1 6 6 2
2 19 1 0 0 0 760 3 12 12 6
2 20 1 1 0 0 700 1 6 6 12
2 21 1 0 0 0 760 3 14 14 6
2 22 1 0 0 0 760 3 11 11 14
2 23 1 1 0 0 647 1 14 14 11
2 24 1 0 0 0 760 3 9 9 14
2 25 1 0 0 0 760 2 7 7 9
3 1 1 0 0 0 760 1 2 2 7
3 2 1 0 0 0 760 3 2 2 2
3 3 1 1 0 0 673 1 2 2 2
3 4 1 0 0 0 760 3 4 4 2
3 5 1 0 0 0 760 3 7 7 4
3 6 1 1 0 0 670 1 4 4 7
3 7 1 0 0 0 760 3 1 1 4
3 8 1 0 0 0 760 2 8 8 1
3 9 1 1 0 0 694 1 1 1 8
3 10 1 0 0 0 760 2 4 4 1
3 11 1 0 0 0 760 2 12 12 4
3 12 1 0 0 0 760 2 5 5 12
3 13 1 0 0 0 760 3 2 2 5
3 14 1 0 0 0 760 2 4 4 2
3 15 0 0 1 0 760 1 2 2 4
3 16 0 0 1 0 760 1 4 4 2
3 17 1 0 0 0 760 2 6 6 4
3 18 1 0 0 0 760 3 2 2 6
3 19 1 0 0 0 760 2 7 7 2
3 20 1 0 0 0 760 2 4 4 7
3 21 1 0 0 0 760 2 13 13 4
3 22 1 1 0 0 756 1 4 4 13
3 23 1 0 0 0 760 2 12 12 4
3 24 0 0 1 0 760 1 4 4 12
3 25 1 0 0 0 760 3 7 7 4
