1 1 1 0 0 0 760 2 15 15 0
1 2 1 0 0 0 760 2 1 1 15
1 3 1 0 0 0 760 2 8 8 1
1 4 1 0 0 0 760 2 3 3 8
1 5 0 0 1 0 760 1 8 8 3
1 6 1 0 0 0 760 2 12 12 8
1 7 0 0 1 0 760 1 8 8 12
1 8 0 0 1 0 760 1 12 12 8
1 9 1 1 0 0 585 1 8 8 12
1 10 0 0 1 0 760 1 12 12 8
1 11 1 0 0 0 760 2 9 9 12
1 12 1 0 0 0 760 3 4 4 9
1 13 1 0 0 0 760 3 6 6 4
1 14 1 0 0 0 760 3 9 9 6
1 15 1 0 0 0 760 2 1 1 9
1 16 1 0 0 0 760 3 5 5 1
1 17 1 0 0 0 760 2 15 15 5
1 18 1 0 0 0 760 3 2 2 15
1 19 1 0 0 0 760 2 1 1 2
1 20 1 0 0 0 150 2 6 6 1
1 21 1 1 0 0 582 1 1 1 6
1 22 1 0 0 0 760 3 11 11 1
1 23 1 0 0 0 760 3 9 9 11
1 24 0 0 1 0 760 1 11 11 9
1 25 1 0 0 0 760 2 14 14 11
2 1 1 0 0 0 760 2 10 10 14
2 2 1 0 0 0 760 2 9 9 10
2 3 1 0 0 0 760 3 4 4 9
2 4 1 0 0 0 760 3 11 11 4
2 5 1 0 0 0 760 3 2 2 11
2 6 1 0 0 0 760 3 15 15 2
2 7 1 0 0 0 760 2 6 6 15
2 8 0 0 1 0 760 1 15 15 6
2 9 0 0 1 0 760 1 6 6 15
2 10 1 0 0 0 760 3 11 11 6
2 11 1 0 0 0 760 2 3 3 11
2 12 0 0 1 0 760 1 11 11 3
2 13 0 0 0 1 570 2 6 6 11
2 14 1 0 0 0 760 3 1 1 6
2 15 0 0 1 0 760 1 6 6 1
2 16 0 0 1 0 760 1 1 1 6
2 17 0 0 0 1 671 2 14 14 1
2 18 1 0 0 0 760 3 2 2 14
2 19 1 0 0 0 760 2 15 15 2
2 20 1 0 0 0 760 3 9 9 15
2 21 1 0 0 0 760 2 6 6 9
2 22 1 0 0 0 760 2 12 12 6
2 23 1 0 0 0 760 3 14 14 12
2 24 1 0 0 0 760 3 1 1 14
2 25 0 0 1 0 760 1 14 14 1
3 1 1 0 0 0 760 2 8 8 14
3 2 1 0 0 0 760 1 11 11 8
3 3 0 0 1 0 760 1 8 8 11
3 4 1 0 0 0 760 2 12 12 8
3 5 0 0 1 0 760 1 8 8 12
3 6 0 0 0 1 710 3 14 14 8
3 7 0 0 1 0 760 1 8 8 14
3 8 1 0 0 0 760 3 10 10 8
3 9 0 0 1 0 760 1 8 8 10
3 10 1 0 0 0 760 3 14 14 8
3 11 1 0 0 0 760 2 13 13 14
3 12 0 0 1 0 760 1 14 14 13
3 13 0 0 1 0 760 1 13 13 14
3 14 1 0 0 0 760 3 11 11 13
3 15 1 0 0 0 760 3 9 9 11
3 16 1 0 0 0 760 2 9 9 9
3 17 1 0 0 0 760 3 12 12 9
3 18 0 0 1 0 760 1 9 9 12
3 19 0 0 1 0 760 1 12 12 9
3 20 0 0 1 0 760 1 9 9 12
3 21 0 0 0 1 516 3 14 14 9
3 22 1 0 0 0 760 3 7 7 14
3 23 1 0 0 0 760 3 15 15 7
3 24 1 0 0 0 760 2 5 5 15
3 25 1 0 0 0 760 2 4 4 5
