1 1 1 0 0 0 760 1 2 2 0
1 2 1 0 0 0 760 3 15 15 2
1 3 1 0 0 0 760 2 14 14 15
1 4 1 1 0 0 677 1 15 15 14
1 5 1 1 0 0 632 1 14 14 15
1 6 1 1 0 0 591 1 15 15 14
1 7 1 1 0 0 557 1 14 14 15
1 8 1 0 0 0 760 3 1 1 14
1 9 1 0 0 0 760 3 13 13 1
1 10 0 0 1 0 760 1 1 1 13
1 11 0 0 0 1 489 2 1 1 1
1 12 1 0 0 0 760 3 5 5 1
1 13 1 1 0 0 537 1 1 1 5
1 14 1 0 0 0 760 3 14 14 1
1 15 1 0 0 0 760 2 3 3 14
1 16 1 1 0 0 711 1 14 14 3
1 17 1 0 0 0 760 2 4 4 14
1 18 1 0 0 0 760 2 5 5 4
1 19 1 1 0 0 628 1 4 4 5
1 20 1 1 0 0 593 1 5 5 4
1 21 1 0 0 0 760 3 14 14 5
1 22 1 1 0 0 579 1 5 5 14
1 23 1 0 0 0 760 3 9 9 5
1 24 1 0 0 0 760 3 2 2 9
1 25 1 0 0 0 760 3 8 8 2
2 1 1 0 0 0 760 2 5 5 8
2 2 1 0 0 0 760 2 7 7 5
2 3 1 0 0 0 760 3 9 9 7
2 4 1 0 0 0 760 2 9 9 9
2 5 1 0 0 0 760 3 15 15 9
2 6 1 0 0 0 760 3 1 1 15
2 7 1 0 0 0 760 3 3 3 1
2 8 1 0 0 0 760 2 11 11 3
2 9 1 0 0 0 760 3 9 9 11
2 10 1 0 0 0 760 3 7 7 9
2 11 0 0 0 1 578 3 7 7 7
2 12 1 0 0 0 760 2 8 8 7
2 13 1 0 0 0 760 3 5 5 8
2 14 1 1 0 0 692 1 8 8 5
2 15 1 0 0 0 760 3 8 8 8
2 16 1 1 0 0 576 1 8 8 8
2 17 1 0 0 0 760 3 7 7 8
2 18 1 0 0 0 760 2 2 2 7
2 19 1 0 0 0 760 3 14 14 2
2 20 1 1 0 0 618 1 2 2 14
2 21 1 0 0 0 760 3 5 5 2
2 22 1 0 0 0 760 2 5 5 5
2 23 1 1 0 0 590 1 5 5 5
2 24 1 0 0 0 760 2 13 13 5
2 25 1 1 0 0 512 1 5 5 13
3 1 1 0 0 0 760 2 4 4 5
3 2 1 0 0 0 760 2 6 6 4
3 3 1 0 0 0 760 2 11 11 6
3 4 1 0 0 0 760 2 9 9 11
3 5 1 0 0 0 760 3 6 6 9
3 6 1 0 0 0 760 2 15 15 6
3 7 1 0 0 0 760 2 14 14 15
3 8 1 0 0 0 760 2 8 8 14
3 9 1 0 0 0 760 3 5 5 8
3 10 0 0 1 0 760 1 8 8 5
3 11 1 0 0 0 760 2 4 4 8
3 12 1 1 0 0 688 1 8 8 4
3 13 1 0 0 0 760 2 5 5 8
3 14 1 0 0 0 760 2 11 11 5
3 15 1 0 0 0 760 3 2 2 11
3 16 1 1 0 0 644 1 11 11 2
3 17 1 0 0 0 760 2 8 8 11
3 18 1 0 0 0 760 2 2 2 8
3 19 1 0 0 0 760 3 3 3 2
3 20 1 1 0 0 513 1 2 2 3
3 21 1 0 0 0 760 2 9 9 2
3 22 1 0 0 0 760 3 3 3 9
3 23 1 0 0 0 760 3 3 3 3
3 24 1 1 0 0 534 1 3 3 3
3 25 1 0 0 0 760 3 10 10 3
