1 1 1 0 0 0 760 3 14 14 0
1 2 1 0 0 0 760 3 6 6 14
1 3 1 0 0 0 760 3 1 1 6
1 4 1 0 0 0 760 3 4 4 1
1 5 0 0 1 0 760 1 1 1 4
1 6 1 0 0 0 760 3 14 14 1
1 7 1 1 0 0 743 1 1 1 14
1 8 1 0 0 0 760 2 15 15 1
1 9 1 0 0 0 760 3 15 15 15
1 10 1 0 0 0 760 3 6 6 15
1 11 0 0 0 1 731 3 1 1 6
1 12 0 0 1 0 760 1 6 6 1
1 13 1 0 0 0 760 2 9 9 6
1 14 0 0 1 0 760 1 6 6 9
1 15 1 0 0 0 760 2 11 11 6
1 16 0 0 1 0 760 1 6 6 11
1 17 1 0 0 0 760 2 13 13 6
1 18 1 0 0 0 760 2 14 14 13
1 19 1 0 0 0 760 3 11 11 14
1 20 1 0 0 0 760 3 10 10 11
1 21 1 0 0 0 760 3 6 6 10
1 22 1 0 0 0 760 3 5 5 6
1 23 0 0 1 0 760 1 6 6 5
1 24 1 0 0 0 760 3 9 9 6
1 25 1 0 0 0 760 3 3 3 9
2 1 1 0 0 0 760 2 1 1 3
2 2 1 0 0 0 760 1 6 6 1
2 3 1 0 0 0 760 2 2 2 6
2 4 1 0 0 0 760 2 3 3 2
2 5 1 1 0 0 691 1 2 2 3
2 6 0 0 1 0 760 1 3 3 2
2 7 1 0 0 0 760 3 13 13 3
2 8 1 0 0 0 760 2 2 2 13
2 9 1 0 0 0 760 3 3 3 2
2 10 1 0 0 0 760 2 14 14 3
2 11 0 0 1 0 760 1 3 3 14
2 12 0 0 0 1 697 2 6 6 3
2 13 1 0 0 0 760 3 7 7 6
2 14 1 0 0 0 760 2 4 4 7
2 15 0 0 1 0 760 1 7 7 4
2 16 1 0 0 0 760 2 8 8 7
2 17 1 1 0 0 653 1 7 7 8
2 18 1 0 0 0 760 3 10 10 7
2 19 1 0 0 0 760 2 6 6 10
2 20 1 1 0 0 678 1 10 10 6
2 21 0 0 1 0 760 1 6 6 10
2 22 1 0 0 0 760 2 2 2 6
2 23 1 0 0 0 760 3 7 7 2
2 24 1 1 0 0 671 1 2 2 7
2 25 0 0 1 0 760 1 7 7 2
3 1 1 0 0 0 760 2 5 5 7
3 2 1 0 0 0 760 3 13 13 5
3 3 0 0 0 1 630 2 12 12 13
3 4 1 0 0 0 760 2 14 14 12
3 5 1 0 0 0 760 3 1 1 14
3 6 1 0 0 0 760 2 8 8 1
3 7 1 0 0 0 760 2 13 13 8
3 8 1 0 0 0 760 3 4 4 13
3 9 1 0 0 0 760 2 11 11 4
3 10 1 0 0 0 760 3 13 13 11
3 11 0 0 1 0 760 1 11 11 13
3 12 0 0 1 0 760 1 13 13 11
3 13 1 1 0 0 711 1 11 11 13
3 14 1 0 0 0 760 3 2 2 11
3 15 1 0 0 0 760 2 9 9 2
3 16 0 0 0 1 760 3 9 9 9
3 17 0 0 1 0 760 1 9 9 9
3 18 0 0 0 1 594 3 15 15 9
3 19 1 1 0 0 620 1 9 9 15
3 20 0 0 1 0 760 1 15 15 9
3 21 1 0 0 0 760 2 7 7 15
3 22 1 0 0 0 760 2 6 6 7
3 23 0 0 1 0 760 1 7 7 6
3 24 1 0 0 0 760 3 3 3 7
3 25 1 0 0 0 760 3 11 11 3
