1 1 1 0 0 0 760 3 9 9 0
1 2 1 0 0 0 760 1 11 11 9
1 3 1 0 0 0 760 3 8 8 11
1 4 1 0 0 0 760 2 6 6 8
1 5 0 0 1 0 760 1 8 8 6
1 6 0 0 1 0 760 1 6 6 8
1 7 1 0 0 0 760 3 4 4 6
1 8 1 0 0 0 760 3 1 1 4
1 9 1 0 0 0 760 3 14 14 1
1 10 0 0 1 0 760 1 1 1 14
1 11 0 0 1 0 760 1 14 14 1
1 12 1 0 0 0 760 3 15 15 14
1 13 1 0 0 0 760 2 10 10 15
1 14 0 0 1 0 760 1 15 15 10
1 15 1 1 0 0 691 1 10 10 15
1 16 1 0 0 0 760 3 12 12 10
1 17 0 0 1 0 760 1 10 10 12
1 18 1 1 0 0 709 1 12 12 10
1 19 1 0 0 0 760 3 7 7 12
1 20 1 0 0 0 760 2 3 3 7
1 21 1 1 0 0 749 1 7 7 3
1 22 1 0 0 0 760 3 1 1 7
1 23 1 1 0 0 749 1 7 7 1
1 24 1 0 0 0 760 2 9 9 7
1 25 1 0 0 0 760 3 11 11 9
2 1 1 0 0 0 760 1 1 1 11
2 2 1 0 0 0 760 3 14 14 1
2 3 1 0 0 0 760 2 11 11 14
2 4 0 0 1 0 760 1 14 14 11
2 5 1 1 0 0 686 1 11 11 14
2 6 1 0 0 0 760 2 3 3 11
2 7 0 0 1 0 760 1 11 11 3
2 8 0 0 1 0 760 1 3 3 11
2 9 1 0 0 0 760 2 10 10 3
2 10 1 1 0 0 510 1 3 3 10
2 11 1 1 0 0 516 1 10 10 3
2 12 0 0 1 0 760 1 3 3 10
2 13 1 1 0 0 600 1 10 10 3
2 14 1 0 0 0 760 2 7 7 10
2 15 1 1 0 0 523 1 10 10 7
2 16 1 0 0 0 760 3 13 13 10
2 17 1 0 0 0 760 3 15 15 13
2 18 1 1 0 0 722 1 13 13 15
2 19 1 1 0 0 598 1 15 15 13
2 20 1 1 0 0 698 1 13 13 15
2 21 1 0 0 0 760 3 9 9 13
2 22 0 0 0 1 588 2 15 15 9
2 23 0 0 0 1 754 3 15 15 15
2 24 1 1 0 0 687 1 15 15 15
2 25 1 0 0 0 760 3 4 4 15
3 1 1 0 0 0 760 2 3 3 4
3 2 1 0 0 0 760 1 8 8 3
3 3 1 1 0 0 563 1 3 3 8
3 4 1 0 0 0 760 3 2 2 3
3 5 1 0 0 0 760 2 13 13 2
3 6 1 1 0 0 581 1 2 2 13
3 7 1 0 0 0 760 3 10 10 2
3 8 1 0 0 0 760 2 5 5 10
3 9 1 0 0 0 760 2 5 5 5
3 10 1 0 0 0 760 3 14 14 5
3 11 1 0 0 0 760 3 3 3 14
3 12 0 0 1 0 760 1 14 14 3
3 13 1 1 0 0 685 1 3 3 14
3 14 1 0 0 0 760 2 5 5 3
3 15 1 0 0 0 760 3 7 7 5
3 16 1 1 0 0 616 1 5 5 7
3 17 1 0 0 0 760 2 13 13 5
3 18 1 1 0 0 635 1 5 5 13
3 19 1 0 0 0 760 3 9 9 5
3 20 1 0 0 0 760 2 1 1 9
3 21 1 0 0 0 760 2 14 14 1
3 22 1 0 0 0 760 3 3 3 14
3 23 1 0 0 0 760 2 10 10 3
3 24 1 0 0 0 760 2 1 1 10
3 25 1 0 0 0 760 3 9 9 1
