1 1 1 0 0 0 760 2 9 9 0
1 2 1 0 0 0 760 3 3 3 9
1 3 0 0 1 0 760 1 9 9 3
1 4 1 0 0 0 760 3 10 10 9
1 5 1 0 0 0 760 3 2 2 10
1 6 0 0 1 0 760 1 10 10 2
1 7 1 0 0 0 760 3 15 15 10
1 8 0 0 1 0 760 1 10 10 15
1 9 1 0 0 0 760 2 2 2 10
1 10 1 1 0 0 702 1 10 10 2
1 11 1 1 0 0 647 1 2 2 10
1 12 1 1 0 0 688 1 10 10 2
1 13 1 0 0 0 760 3 1 1 10
1 14 1 1 0 0 717 1 10 10 1
1 15 0 0 0 1 584 3 6 6 10
1 16 1 0 0 0 760 3 7 7 6
1 17 1 1 0 0 566 1 6 6 7
1 18 1 1 0 0 652 1 7 7 6
1 19 1 0 0 0 760 3 4 4 7
1 20 1 1 0 0 618 1 7 7 4
1 21 1 0 0 0 760 3 11 11 7
1 22 1 0 0 0 760 2 4 4 11
1 23 1 0 0 0 760 2 12 12 4
1 24 0 0 1 0 760 1 4 4 12
1 25 1 0 0 0 760 2 9 9 4
2 1 1 0 0 0 760 2 13 13 9
2 2 1 0 0 0 760 2 6 6 13
2 3 1 0 0 0 760 3 7 7 6
2 4 1 0 0 0 760 3 10 10 7
2 5 1 0 0 0 760 3 12 12 10
2 6 1 1 0 0 515 1 10 10 12
2 7 1 0 0 0 760 3 9 9 10
2 8 1 0 0 0 760 2 1 1 9
2 9 1 0 0 0 760 3 4 4 1
2 10 1 0 0 0 760 2 13 13 4
2 11 1 1 0 0 554 1 4 4 13
2 12 1 0 0 0 760 3 15 15 4
2 13 0 0 0 1 753 3 13 13 15
2 14 1 0 0 0 760 2 11 11 13
2 15 0 0 1 0 760 1 13 13 11
2 16 0 0 1 0 760 1 11 11 13
2 17 1 0 0 0 760 2 4 4 11
2 18 0 0 0 1 717 2 9 9 4
2 19 1 0 0 0 760 3 6 6 9
2 20 1 0 0 0 760 3 5 5 6
2 21 1 1 0 0 725 1 6 6 5
2 22 1 0 0 0 760 3 6 6 6
2 23 1 0 0 0 760 2 2 2 6
2 24 1 0 0 0 760 2 1 1 2
2 25 1 0 0 0 760 3 6 6 1
3 1 1 0 0 0 760 3 6 6 6
3 2 1 0 0 0 760 2 11 11 6
3 3 1 0 0 0 760 2 2 2 11
3 4 1 0 0 0 760 2 4 4 2
3 5 1 0 0 0 760 2 3 3 4
3 6 0 0 0 1 659 3 3 3 3
3 7 1 0 0 0 760 3 10 10 3
3 8 1 0 0 0 760 3 2 2 10
3 9 0 0 1 0 760 1 10 10 2
3 10 1 0 0 0 760 3 9 9 10
3 11 0 0 1 0 760 1 10 10 9
3 12 0 0 1 0 760 1 9 9 10
3 13 0 0 1 0 760 1 10 10 9
3 14 1 1 0 0 692 1 9 9 10
3 15 1 0 0 0 760 3 8 8 9
3 16 0 0 1 0 760 1 9 9 8
3 17 1 0 0 0 760 3 6 6 9
3 18 1 0 0 0 760 3 8 8 6
3 19 1 0 0 0 760 3 14 14 8
3 20 1 0 0 0 760 3 15 15 14
3 21 0 0 1 0 760 1 14 14 15
3 22 1 0 0 0 760 3 1 1 14
3 23 1 0 0 0 760 3 6 6 1
3 24 0 0 1 0 760 1 1 1 6
3 25 0 0 0 1 640 2 1 1 1
