1 1 1 0 0 0 760 3 14 14 0
1 2 1 0 0 0 760 3 9 9 14
1 3 1 0 0 0 760 3 6 6 9
1 4 1 0 0 0 760 2 1 1 6
1 5 0 0 1 0 760 1 6 6 1
1 6 1 0 0 0 760 2 14 14 6
1 7 1 1 0 0 679 1 6 6 14
1 8 0 0 1 0 760 1 14 14 6
1 9 0 0 1 0 760 1 6 6 14
1 10 1 0 0 0 760 3 10 10 6
1 11 1 0 0 0 760 3 3 3 10
1 12 1 0 0 0 760 2 4 4 3
1 13 0 0 1 0 760 1 3 3 4
1 14 1 0 0 0 760 3 5 5 3
1 15 1 0 0 0 760 2 6 6 5
1 16 1 0 0 0 760 2 3 3 6
1 17 1 0 0 0 760 3 2 2 3
1 18 1 0 0 0 760 3 4 4 2
1 19 0 0 0 1 721 3 5 5 4
1 20 1 0 0 0 760 2 7 7 5
1 21 0 0 1 0 760 1 5 5 7
1 22 1 0 0 0 760 2 13 13 5
1 23 1 0 0 0 760 2 8 8 13
1 24 0 0 0 1 759 2 8 8 8
1 25 0 0 1 0 760 1 8 8 8
2 1 1 0 0 0 760 1 12 12 8
2 2 1 0 0 0 760 3 14 14 12
2 3 1 0 0 0 760 2 7 7 14
2 4 1 0 0 0 760 2 6 6 7
2 5 0 0 1 0 760 1 7 7 6
2 6 1 0 0 0 760 2 1 1 7
2 7 0 0 1 0 760 1 7 7 1
2 8 0 0 1 0 760 1 1 1 7
2 9 1 0 0 0 760 3 11 11 1
2 10 1 0 0 0 760 2 7 7 11
2 11 1 0 0 0 760 3 5 5 7
2 12 1 0 0 0 760 2 1 1 5
2 13 0 0 1 0 760 1 5 5 1
2 14 1 0 0 0 760 3 9 9 5
2 15 1 0 0 0 760 2 8 8 9
2 16 0 0 1 0 760 1 9 9 8
2 17 0 0 1 0 760 1 8 8 9
2 18 1 0 0 0 760 3 2 2 8
2 19 0 0 1 0 760 1 8 8 2
2 20 0 0 1 0 760 1 2 2 8
2 21 1 0 0 0 760 2 12 12 2
2 22 1 0 0 0 760 3 3 3 12
2 23 1 0 0 0 760 2 13 13 3
2 24 1 0 0 0 760 2 14 14 13
2 25 0 0 1 0 760 1 13 13 14
3 1 1 0 0 0 760 2 10 10 13
3 2 1 0 0 0 760 1 7 7 10
3 3 1 0 0 0 760 2 2 2 7
3 4 1 0 0 0 760 3 3 3 2
3 5 0 0 1 0 760 1 2 2 3
3 6 1 0 0 0 760 2 6 6 2
3 7 0 0 1 0 760 1 2 2 6
3 8 0 0 1 0 760 1 6 6 2
3 9 1 0 0 0 760 3 14 14 6
3 10 0 0 1 0 760 1 6 6 14
3 11 1 0 0 0 760 2 11 11 6
3 12 1 0 0 0 760 3 2 2 11
3 13 1 0 0 0 760 3 14 14 2
3 14 1 0 0 0 760 2 11 11 14
3 15 1 0 0 0 760 3 10 10 11
3 16 1 0 0 0 760 2 5 5 10
3 17 1 0 0 0 760 3 8 8 5
3 18 1 0 0 0 760 2 6 6 8
3 19 1 0 0 0 760 2 5 5 6
3 20 1 0 0 0 760 2 8 8 5
3 21 1 0 0 0 760 2 13 13 8
3 22 0 0 1 0 760 1 8 8 13
3 23 1 0 0 0 760 2 6 6 8
3 24 0 0 1 0 760 1 8 8 6
3 25 1 0 0 0 760 3 10 10 8
