1 1 1 0 0 0 760 2 6 6 0
1 2 1 0 0 0 760 3 2 2 6
1 3 1 0 0 0 760 3 3 3 2
1 4 1 0 0 0 760 2 5 5 3
1 5 1 0 0 0 760 2 15 15 5
1 6 1 0 0 0 760 3 13 13 15
1 7 1 0 0 0 760 3 1 1 13
1 8 1 0 0 0 760 3 15 15 1
1 9 1 0 0 0 760 2 9 9 15
1 10 1 0 0 0 760 2 9 9 9
1 11 1 1 0 0 561 1 9 9 9
1 12 1 1 0 0 754 1 9 9 9
1 13 1 0 0 0 760 2 15 15 9
1 14 0 0 0 1 743 2 15 15 15
1 15 1 1 0 0 670 1 15 15 15
1 16 1 0 0 0 760 2 2 2 15
1 17 1 0 0 0 760 2 14 14 2
1 18 1 0 0 0 760 2 9 9 14
1 19 1 0 0 0 760 2 8 8 9
1 20 1 0 0 0 760 3 4 4 8
1 21 1 0 0 0 760 2 12 12 4
1 22 1 0 0 0 760 2 6 6 12
1 23 1 0 0 0 760 3 15 15 6
1 24 1 0 0 0 760 2 15 15 15
1 25 1 0 0 0 760 3 2 2 15
2 1 1 0 0 0 760 2 11 11 2
2 2 1 0 0 0 760 1 3 3 11
2 3 0 0 1 0 760 1 11 11 3
2 4 0 0 1 0 760 1 3 3 11
2 5 1 1 0 0 753 1 11 11 3
2 6 0 0 1 0 760 1 3 3 11
2 7 1 0 0 0 760 2 5 5 3
2 8 1 0 0 0 760 3 13 13 5
2 9 1 0 0 0 760 2 1 1 13
2 10 0 0 1 0 760 1 13 13 1
2 11 0 0 1 0 760 1 1 1 13
2 12 1 0 0 0 760 3 15 15 1
2 13 0 0 1 0 760 1 1 1 15
2 14 1 0 0 0 760 2 2 2 1
2 15 1 0 0 0 760 3 12 12 2
2 16 1 0 0 0 760 3 3 3 12
2 17 0 0 1 0 760 1 12 12 3
2 18 1 0 0 0 760 3 11 11 12
2 19 0 0 0 1 584 3 11 11 11
2 20 1 0 0 0 760 3 1 1 11
2 21 1 0 0 0 760 3 1 1 1
2 22 1 0 0 0 760 2 13 13 1
2 23 0 0 1 0 760 1 1 1 13
2 24 1 0 0 0 760 2 5 5 1
2 25 1 0 0 0 760 3 8 8 5
3 1 1 0 0 0 760 1 8 8 8
3 2 1 0 0 0 760 1 7 7 8
3 3 0 0 1 0 760 1 8 8 7
3 4 1 1 0 0 755 1 7 7 8
3 5 1 0 0 0 760 2 11 11 7
3 6 0 0 1 0 760 1 7 7 11
3 7 1 1 0 0 688 1 11 11 7
3 8 1 0 0 0 760 3 3 3 11
3 9 1 0 0 0 760 3 8 8 3
3 10 1 0 0 0 760 3 14 14 8
3 11 0 0 1 0 760 1 8 8 14
3 12 1 1 0 0 635 1 14 14 8
3 13 1 0 0 0 760 3 6 6 14
3 14 1 0 0 0 760 2 4 4 6
3 15 1 1 0 0 526 1 6 6 4
3 16 1 0 0 0 760 3 12 12 6
3 17 0 0 1 0 760 1 6 6 12
3 18 1 0 0 0 760 2 11 11 6
3 19 1 1 0 0 560 1 6 6 11
3 20 1 0 0 0 760 3 8 8 6
3 21 0 0 1 0 760 1 6 6 8
3 22 1 0 0 0 760 2 14 14 6
3 23 1 0 0 0 760 3 9 9 14
3 24 1 0 0 0 760 3 10 10 9
3 25 1 0 0 0 760 2 4 4 10
