1 1 1 0 0 0 760 3 1 1 0
1 2 1 0 0 0 760 3 8 8 1
1 3 1 0 0 0 760 2 3 3 8
1 4 1 0 0 0 760 3 2 2 3
1 5 1 0 0 0 760 3 9 9 2
1 6 1 1 0 0 547 1 2 2 9
1 7 1 0 0 0 760 3 7 7 2
1 8 1 1 0 0 470 1 2 2 7
1 9 1 0 0 0 760 3 14 14 2
1 10 1 1 0 0 492 1 2 2 14
1 11 1 1 0 0 654 1 14 14 2
1 12 1 0 0 0 760 3 4 4 14
1 13 1 0 0 0 760 2 5 5 4
1 14 1 1 0 0 521 1 4 4 5
1 15 1 0 0 0 760 3 2 2 4
1 16 1 1 0 0 466 1 4 4 2
1 17 1 0 0 0 760 3 5 5 4
1 18 1 1 0 0 635 1 4 4 5
1 19 1 1 0 0 511 1 5 5 4
1 20 1 0 0 0 760 2 13 13 5
1 21 0 0 1 0 760 1 5 5 13
1 22 1 1 0 0 758 1 13 13 5
1 23 1 1 0 0 683 1 5 5 13
1 24 1 1 0 0 698 1 13 13 5
1 25 1 1 0 0 521 1 5 5 13
2 1 1 0 0 0 760 1 6 6 5
2 2 1 0 0 0 760 2 6 6 6
2 3 1 0 0 0 760 3 11 11 6
2 4 1 1 0 0 617 1 6 6 11
2 5 1 0 0 0 760 3 7 7 6
2 6 1 0 0 0 760 2 12 12 7
2 7 1 1 0 0 632 1 7 7 12
2 8 1 0 0 0 760 2 2 2 7
2 9 0 0 1 0 760 1 7 7 2
2 10 1 1 0 0 661 1 2 2 7
2 11 1 0 0 0 760 3 9 9 2
2 12 1 0 0 0 760 3 14 14 9
2 13 1 0 0 0 760 3 3 3 14
2 14 1 1 0 0 548 1 14 14 3
2 15 0 0 0 1 514 3 14 14 14
2 16 1 0 0 0 760 3 15 15 14
2 17 1 1 0 0 485 1 14 14 15
2 18 1 0 0 0 760 3 9 9 14
2 19 1 0 0 0 760 3 3 3 9
2 20 1 1 0 0 749 1 9 9 3
2 21 1 0 0 0 760 2 8 8 9
2 22 1 0 0 0 760 2 5 5 8
2 23 1 1 0 0 512 1 8 8 5
2 24 1 0 0 0 760 3 9 9 8
2 25 1 0 0 0 760 3 10 10 9
3 1 1 0 0 0 760 1 10 10 10
3 2 1 0 0 0 760 3 1 1 10
3 3 1 0 0 0 760 3 5 5 1
3 4 1 1 0 0 759 1 1 1 5
3 5 0 0 1 0 760 1 5 5 1
3 6 1 1 0 0 477 1 1 1 5
3 7 1 0 0 0 760 2 11 11 1
3 8 0 0 0 1 748 2 11 11 11
3 9 1 0 0 0 760 3 3 3 11
3 10 1 0 0 0 760 2 4 4 3
3 11 1 0 0 0 760 2 15 15 4
3 12 1 0 0 0 760 3 7 7 15
3 13 1 0 0 0 760 2 9 9 7
3 14 1 1 0 0 533 1 7 7 9
3 15 1 0 0 0 760 2 15 15 7
3 16 0 0 1 0 760 1 7 7 15
3 17 1 1 0 0 691 1 15 15 7
3 18 1 1 0 0 703 1 7 7 15
3 19 1 0 0 0 760 3 5 5 7
3 20 1 1 0 0 475 1 7 7 5
3 21 0 0 0 1 585 3 7 7 7
3 22 0 0 0 1 652 3 5 5 7
3 23 1 0 0 0 760 3 9 9 5
3 24 1 1 0 0 517 1 5 5 9
3 25 1 0 0 0 760 3 4 4 5
