1 1 1 0 0 0 760 3 14 14 0
1 2 1 0 0 0 760 2 6 6 14
1 3 1 0 0 0 760 2 12 12 6
1 4 1 0 0 0 760 3 15 15 12
1 5 1 1 0 0 657 1 12 12 15
1 6 1 0 0 0 760 3 6 6 12
1 7 1 0 0 0 760 3 13 13 6
1 8 1 0 0 0 760 3 2 2 13
1 9 1 0 0 0 760 3 11 11 2
1 10 1 0 0 0 760 3 1 1 11
1 11 1 0 0 0 760 3 6 6 1
1 12 1 0 0 0 760 2 14 14 6
1 13 1 0 0 0 760 3 3 3 14
1 14 1 1 0 0 403 1 14 14 3
1 15 0 0 1 0 760 1 3 3 14
1 16 1 1 0 0 731 1 14 14 3
1 17 1 0 0 0 760 2 4 4 14
1 18 1 0 0 0 760 3 8 8 4
1 19 1 1 0 0 671 1 4 4 8
1 20 0 0 1 0 760 1 8 8 4
1 21 1 0 0 0 760 3 13 13 8
1 22 1 0 0 0 760 2 9 9 13
1 23 1 0 0 0 760 3 8 8 9
1 24 1 1 0 0 673 1 9 9 8
1 25 1 0 0 0 760 2 2 2 9
2 1 1 0 0 0 760 2 10 10 2
2 2 0 0 0 1 646 1 10 10 10
2 3 0 0 1 0 760 1 10 10 10
2 4 1 1 0 0 509 1 10 10 10
2 5 1 0 0 0 760 2 8 8 10
2 6 1 1 0 0 604 1 10 10 8
2 7 1 0 0 0 760 3 13 13 10
2 8 1 0 0 0 760 2 14 14 13
2 9 1 0 0 0 760 2 7 7 14
2 10 1 0 0 0 760 2 9 9 7
2 11 1 1 0 0 521 1 7 7 9
2 12 1 0 0 0 760 3 10 10 7
2 13 1 0 0 0 760 2 12 12 10
2 14 1 0 0 0 760 3 11 11 12
2 15 1 1 0 0 576 1 12 12 11
2 16 1 0 0 0 760 3 1 1 12
2 17 1 1 0 0 672 1 12 12 1
2 18 0 0 1 0 760 1 1 1 12
2 19 1 0 0 0 760 2 3 3 1
2 20 1 1 0 0 743 1 1 1 3
2 21 1 0 0 0 760 2 11 11 1
2 22 1 0 0 0 760 2 11 11 11
2 23 1 0 0 0 760 3 5 5 11
2 24 1 0 0 0 760 3 3 3 5
2 25 1 0 0 0 760 3 1 1 3
3 1 1 0 0 0 760 3 9 9 1
3 2 1 0 0 0 760 2 7 7 9
3 3 1 1 0 0 548 1 9 9 7
3 4 1 1 0 0 647 1 7 7 9
3 5 1 0 0 0 760 3 6 6 7
3 6 1 0 0 0 760 2 1 1 6
3 7 1 0 0 0 760 3 14 14 1
3 8 0 0 1 0 760 1 1 1 14
3 9 0 0 1 0 760 1 14 14 1
3 10 0 0 0 1 527 2 14 14 14
3 11 1 0 0 0 760 3 3 3 14
3 12 1 0 0 0 760 3 13 13 3
3 13 1 0 0 0 760 3 2 2 13
3 14 1 0 0 0 760 3 1 1 2
3 15 1 0 0 0 760 2 9 9 1
3 16 0 0 1 0 760 1 1 1 9
3 17 1 0 0 0 760 3 11 11 1
3 18 1 0 0 0 760 2 4 4 11
3 19 1 0 0 0 760 3 12 12 4
3 20 1 0 0 0 760 3 5 5 12
3 21 1 0 0 0 760 2 6 6 5
3 22 1 0 0 0 760 3 8 8 6
3 23 0 0 1 0 760 1 6 6 8
3 24 1 0 0 0 760 3 4 4 6
3 25 1 0 0 0 760 3 5 5 4
