1 1 1 0 0 0 760 1 10 10 0
1 2 1 0 0 0 760 2 13 13 10
1 3 1 0 0 0 760 3 15 15 13
1 4 1 0 0 0 760 3 8 8 15
1 5 1 1 0 0 504 1 15 15 8
1 6 1 0 0 0 760 2 12 12 15
1 7 1 0 0 0 760 3 6 6 12
1 8 1 0 0 0 760 2 8 8 6
1 9 1 0 0 0 760 3 7 7 8
1 10 1 0 0 0 760 3 3 3 7
1 11 1 1 0 0 518 1 7 7 3
1 12 1 0 0 0 760 3 1 1 7
1 13 1 0 0 0 760 2 4 4 1
1 14 1 0 0 0 760 2 13 13 4
1 15 1 0 0 0 760 3 9 9 13
1 16 1 0 0 0 760 2 4 4 9
1 17 1 0 0 0 760 2 14 14 4
1 18 1 0 0 0 760 2 2 2 14
1 19 1 1 0 0 531 1 14 14 2
1 20 1 0 0 0 760 2 15 15 14
1 21 1 1 0 0 620 1 14 14 15
1 22 1 0 0 0 760 2 6 6 14
1 23 1 0 0 0 760 3 8 8 6
1 24 1 0 0 0 760 2 15 15 8
1 25 1 0 0 0 760 2 11 11 15
2 1 1 0 0 0 760 1 12 12 11
2 2 1 0 0 0 760 3 7 7 12
2 3 1 0 0 0 760 2 2 2 7
2 4 1 1 0 0 500 1 7 7 2
2 5 1 0 0 0 760 2 14 14 7
2 6 1 0 0 0 760 2 4 4 14
2 7 1 0 0 0 760 3 2 2 4
2 8 1 0 0 0 760 3 2 2 2
2 9 1 0 0 0 760 2 10 10 2
2 10 1 0 0 0 760 3 11 11 10
2 11 1 0 0 0 760 2 9 9 11
2 12 1 0 0 0 760 2 4 4 9
2 13 1 0 0 0 760 2 15 15 4
2 14 1 0 0 0 760 3 5 5 15
2 15 1 0 0 0 760 2 13 13 5
2 16 1 0 0 0 760 2 4 4 13
2 17 1 0 0 0 760 3 2 2 4
2 18 1 1 0 0 638 1 4 4 2
2 19 1 0 0 0 760 2 6 6 4
2 20 1 0 0 0 760 3 5 5 6
2 21 1 1 0 0 689 1 6 6 5
2 22 1 0 0 0 760 3 3 3 6
2 23 1 1 0 0 585 1 6 6 3
2 24 1 1 0 0 529 1 3 3 6
2 25 1 0 0 0 760 2 12 12 3
3 1 1 0 0 0 760 1 13 13 12
3 2 1 0 0 0 760 2 1 1 13
3 3 1 1 0 0 574 1 13 13 1
3 4 1 0 0 0 760 2 12 12 13
3 5 1 0 0 0 760 3 2 2 12
3 6 1 0 0 0 760 3 11 11 2
3 7 1 0 0 0 760 2 4 4 11
3 8 1 0 0 0 760 2 12 12 4
3 9 1 1 0 0 590 1 4 4 12
3 10 1 0 0 0 760 3 8 8 4
3 11 1 0 0 0 760 3 15 15 8
3 12 1 0 0 0 760 2 1 1 15
3 13 1 0 0 0 760 2 8 8 1
3 14 1 1 0 0 701 1 1 1 8
3 15 1 0 0 0 760 3 5 5 1
3 16 1 0 0 0 760 3 11 11 5
3 17 0 0 0 1 740 2 2 2 11
3 18 0 0 1 0 760 1 11 11 2
3 19 0 0 1 0 760 1 2 2 11
3 20 0 0 1 0 760 1 11 11 2
3 21 1 0 0 0 760 2 3 3 11
3 22 1 0 0 0 760 2 4 4 3
3 23 1 0 0 0 760 3 1 1 4
3 24 1 0 0 0 760 2 2 2 1
3 25 1 1 0 0 621 1 1 1 2
