1 1 1 0 0 0 45 2 14 14 0
1 2 1 0 0 0 760 2 12 12 14
1 3 1 0 0 0 760 3 5 5 12
1 4 1 1 0 0 732 1 12 12 5
1 5 1 1 0 0 674 1 5 5 12
1 6 1 0 0 0 760 3 10 10 5
1 7 1 0 0 0 760 3 11 11 10
1 8 1 0 0 0 760 2 2 2 11
1 9 1 0 0 0 760 3 12 12 2
1 10 1 1 0 0 477 1 2 2 12
1 11 1 0 0 0 760 3 15 15 2
1 12 1 0 0 0 760 3 15 15 15
1 13 1 0 0 0 760 3 8 8 15
1 14 1 1 0 0 699 1 15 15 8
1 15 1 0 0 0 760 3 4 4 15
1 16 0 0 1 0 760 1 15 15 4
1 17 1 1 0 0 746 1 4 4 15
1 18 0 0 0 1 489 3 10 10 4
1 19 1 0 0 0 760 3 3 3 10
1 20 1 0 0 0 760 2 11 11 3
1 21 1 0 0 0 760 3 2 2 11
1 22 1 0 0 0 760 2 4 4 2
1 23 1 1 0 0 702 1 2 2 4
1 24 0 0 1 0 760 1 4 4 2
1 25 1 0 0 0 760 3 12 12 4
2 1 1 0 0 0 760 1 10 10 12
2 2 1 0 0 0 760 3 5 5 10
2 3 1 1 0 0 597 1 10 10 5
2 4 0 0 1 0 760 1 5 5 10
2 5 1 1 0 0 513 1 10 10 5
2 6 1 0 0 0 760 2 2 2 10
2 7 1 0 0 0 760 3 6 6 2
2 8 1 0 0 0 760 2 14 14 6
2 9 0 0 1 0 760 1 6 6 14
2 10 1 0 0 0 760 3 4 4 6
2 11 1 0 0 0 760 3 11 11 4
2 12 1 0 0 0 760 3 9 9 11
2 13 1 0 0 0 760 2 3 3 9
2 14 1 0 0 0 760 2 8 8 3
2 15 1 0 0 0 760 2 13 13 8
2 16 1 0 0 0 760 2 9 9 13
2 17 0 0 0 1 750 2 6 6 9
2 18 1 0 0 0 760 3 15 15 6
2 19 1 0 0 0 760 3 3 3 15
2 20 0 0 1 0 760 1 15 15 3
2 21 0 0 1 0 760 1 3 3 15
2 22 1 0 0 0 760 2 10 10 3
2 23 1 1 0 0 510 1 3 3 10
2 24 1 0 0 0 760 2 2 2 3
2 25 0 0 0 1 604 2 2 2 2
3 1 1 0 0 0 760 3 14 14 2
3 2 1 0 0 0 760 1 11 11 14
3 3 1 0 0 0 760 3 10 10 11
3 4 1 0 0 0 760 2 2 2 10
3 5 1 0 0 0 760 2 2 2 2
3 6 1 0 0 0 760 2 14 14 2
3 7 1 0 0 0 760 3 15 15 14
3 8 1 1 0 0 600 1 14 14 15
3 9 1 0 0 0 760 3 7 7 14
3 10 1 1 0 0 590 1 14 14 7
3 11 1 1 0 0 554 1 7 7 14
3 12 0 0 0 1 597 2 1 1 7
3 13 1 0 0 0 760 3 13 13 1
3 14 0 0 1 0 760 1 1 1 13
3 15 1 0 0 0 760 3 1 1 1
3 16 1 0 0 0 760 2 11 11 1
3 17 1 0 0 0 760 3 3 3 11
3 18 1 1 0 0 607 1 11 11 3
3 19 1 0 0 0 760 3 2 2 11
3 20 0 0 0 1 555 3 2 2 2
3 21 1 0 0 0 760 3 10 10 2
3 22 1 0 0 0 760 3 13 13 10
3 23 0 0 1 0 760 1 10 10 13
3 24 1 1 0 0 753 1 13 13 10
3 25 1 1 0 0 713 1 10 10 13
