1 1 1 0 0 0 760 1 9 9 0
1 2 1 0 0 0 760 3 6 6 9
1 3 1 1 0 0 599 1 9 9 6
1 4 1 1 0 0 666 1 6 6 9
1 5 1 0 0 0 760 2 11 11 6
1 6 1 0 0 0 760 2 4 4 11
1 7 1 1 0 0 629 1 11 11 4
1 8 1 0 0 0 760 2 6 6 11
1 9 1 0 0 0 760 3 14 14 6
1 10 1 0 0 0 760 2 14 14 14
1 11 1 1 0 0 574 1 14 14 14
1 12 1 1 0 0 697 1 14 14 14
1 13 1 1 0 0 505 1 14 14 14
1 14 0 0 0 1 488 3 9 9 14
1 15 1 0 0 0 760 2 12 12 9
1 16 1 1 0 0 655 1 9 9 12
1 17 1 1 0 0 474 1 12 12 9
1 18 1 0 0 0 760 3 5 5 12
1 19 1 0 0 0 760 2 14 14 5
1 20 0 0 1 0 760 1 5 5 14
1 21 1 0 0 0 760 2 7 7 5
1 22 1 0 0 0 760 3 6 6 7
1 23 1 0 0 0 760 2 11 11 6
1 24 1 0 0 0 760 3 11 11 11
1 25 0 0 1 0 760 1 11 11 11
2 1 1 0 0 0 760 1 8 8 11
2 2 1 0 0 0 760 2 12 12 8
2 3 1 0 0 0 760 2 6 6 12
2 4 0 0 1 0 760 1 12 12 6
2 5 1 1 0 0 560 1 6 6 12
2 6 1 1 0 0 446 1 12 12 6
2 7 0 0 0 1 620 3 12 12 12
2 8 1 0 0 0 760 2 10 10 12
2 9 1 0 0 0 760 3 14 14 10
2 10 1 0 0 0 760 3 2 2 14
2 11 1 0 0 0 760 3 7 7 2
2 12 1 0 0 0 760 3 5 5 7
2 13 1 0 0 0 760 2 13 13 5
2 14 1 0 0 0 760 3 4 4 13
2 15 1 0 0 0 760 3 1 1 4
2 16 1 0 0 0 760 2 8 8 1
2 17 1 0 0 0 760 2 12 12 8
2 18 0 0 1 0 760 1 8 8 12
2 19 1 0 0 0 760 2 9 9 8
2 20 1 0 0 0 760 3 10 10 9
2 21 1 1 0 0 428 1 9 9 10
2 22 1 0 0 0 760 3 15 15 9
2 23 1 0 0 0 760 2 11 11 15
2 24 0 0 1 0 760 1 15 15 11
2 25 0 0 0 1 623 3 10 10 15
3 1 1 0 0 0 760 3 2 2 10
3 2 1 0 0 0 760 3 1 1 2
3 3 1 0 0 0 760 3 9 9 1
3 4 1 1 0 0 442 1 1 1 9
3 5 1 0 0 0 760 3 5 5 1
3 6 1 0 0 0 760 3 9 9 5
3 7 1 0 0 0 760 3 4 4 9
3 8 1 0 0 0 760 2 13 13 4
3 9 1 0 0 0 760 3 14 14 13
3 10 1 0 0 0 760 2 7 7 14
3 11 1 1 0 0 582 1 14 14 7
3 12 1 0 0 0 760 2 5 5 14
3 13 1 0 0 0 760 3 10 10 5
3 14 1 0 0 0 760 3 1 1 10
3 15 1 0 0 0 760 2 13 13 1
3 16 1 1 0 0 532 1 1 1 13
3 17 1 0 0 0 760 2 7 7 1
3 18 1 0 0 0 760 3 8 8 7
3 19 1 1 0 0 676 1 7 7 8
3 20 1 0 0 0 760 3 3 3 7
3 21 1 0 0 0 760 3 9 9 3
3 22 1 0 0 0 760 2 12 12 9
3 23 1 1 0 0 736 1 9 9 12
3 24 1 1 0 0 541 1 12 12 9
3 25 1 0 0 0 760 2 10 10 12
