1 1 1 0 0 0 760 3 9 9 0
1 2 1 0 0 0 760 3 10 10 9
1 3 1 0 0 0 760 3 6 6 10
1 4 0 0 1 0 760 1 10 10 6
1 5 1 0 0 0 55 3 14 14 10
1 6 1 0 0 0 760 2 11 11 14
1 7 1 0 0 0 760 3 4 4 11
1 8 1 0 0 0 760 2 13 13 4
1 9 1 0 0 0 760 2 9 9 13
1 10 1 0 0 0 760 3 14 14 9
1 11 1 1 0 0 538 1 9 9 14
1 12 1 0 0 0 760 3 13 13 9
1 13 1 0 0 0 760 2 3 3 13
1 14 1 0 0 0 760 3 5 5 3
1 15 1 0 0 0 760 2 7 7 5
1 16 1 0 0 0 760 2 11 11 7
1 17 1 1 0 0 706 1 7 7 11
1 18 1 1 0 0 508 1 11 11 7
1 19 1 0 0 0 760 3 15 15 11
1 20 1 0 0 0 760 2 15 15 15
1 21 1 0 0 0 760 3 3 3 15
1 22 1 1 0 0 604 1 15 15 3
1 23 1 0 0 0 760 2 8 8 15
1 24 1 0 0 0 760 3 3 3 8
1 25 1 0 0 0 760 2 7 7 3
2 1 1 0 0 0 760 2 9 9 7
2 2 1 0 0 0 760 3 14 14 9
2 3 1 0 0 0 760 3 12 12 14
2 4 0 0 1 0 760 1 14 14 12
2 5 1 1 0 0 586 1 12 12 14
2 6 1 1 0 0 587 1 14 14 12
2 7 1 1 0 0 552 1 12 12 14
2 8 1 0 0 0 760 3 4 4 12
2 9 0 0 0 1 744 2 4 4 4
2 10 1 0 0 0 760 3 15 15 4
2 11 1 0 0 0 760 3 11 11 15
2 12 1 0 0 0 760 2 14 14 11
2 13 0 0 1 0 760 1 11 11 14
2 14 1 1 0 0 744 1 14 14 11
2 15 0 0 1 0 760 1 11 11 14
2 16 1 0 0 0 760 3 10 10 11
2 17 1 1 0 0 443 1 11 11 10
2 18 0 0 0 1 450 3 3 3 11
2 19 1 1 0 0 683 1 11 11 3
2 20 1 1 0 0 397 1 3 3 11
2 21 1 0 0 0 760 2 14 14 3
2 22 1 0 0 0 760 2 10 10 14
2 23 0 0 1 0 760 1 14 14 10
2 24 1 0 0 0 760 2 6 6 14
2 25 1 0 0 0 760 2 1 1 6
3 1 1 0 0 0 760 2 15 15 1
3 2 1 0 0 0 760 3 9 9 15
3 3 1 0 0 0 760 3 6 6 9
3 4 1 0 0 0 760 2 15 15 6
3 5 0 0 1 0 760 1 6 6 15
3 6 1 0 0 0 760 3 3 3 6
3 7 0 0 0 1 607 3 9 9 3
3 8 1 0 0 0 760 2 5 5 9
3 9 1 1 0 0 636 1 9 9 5
3 10 1 0 0 0 760 3 6 6 9
3 11 1 0 0 0 760 3 12 12 6
3 12 1 1 0 0 622 1 6 6 12
3 13 1 1 0 0 517 1 12 12 6
3 14 1 1 0 0 591 1 6 6 12
3 15 1 0 0 0 760 3 5 5 6
3 16 1 1 0 0 670 1 6 6 5
3 17 1 1 0 0 712 1 5 5 6
3 18 1 0 0 0 760 2 14 14 5
3 19 0 0 1 0 760 1 5 5 14
3 20 1 1 0 0 655 1 14 14 5
3 21 1 0 0 0 760 2 14 14 14
3 22 1 0 0 0 760 3 5 5 14
3 23 1 1 0 0 582 1 14 14 5
3 24 1 0 0 0 760 3 2 2 14
3 25 1 0 0 0 760 3 10 10 2
