1 1 1 0 0 0 760 3 3 3 0
1 2 1 0 0 0 760 2 7 7 3
1 3 1 1 0 0 658 1 3 3 7
1 4 1 0 0 0 760 3 6 6 3
1 5 1 1 0 0 625 1 3 3 6
1 6 1 0 0 0 760 2 12 12 3
1 7 1 0 0 0 760 3 2 2 12
1 8 1 0 0 0 760 2 14 14 2
1 9 1 0 0 0 760 2 11 11 14
1 10 1 0 0 0 760 2 5 5 11
1 11 1 0 0 0 760 2 13 13 5
1 12 1 0 0 0 760 2 15 15 13
1 13 0 0 1 0 760 1 13 13 15
1 14 1 0 0 0 760 3 4 4 13
1 15 1 0 0 0 760 3 15 15 4
1 16 1 0 0 0 760 2 10 10 15
1 17 1 1 0 0 722 1 15 15 10
1 18 1 0 0 0 760 3 7 7 15
1 19 1 0 0 0 760 3 14 14 7
1 20 1 0 0 0 760 3 3 3 14
1 21 1 0 0 0 760 2 12 12 3
1 22 1 1 0 0 702 1 3 3 12
1 23 0 0 1 0 760 1 12 12 3
1 24 1 0 0 0 760 2 10 10 12
1 25 1 0 0 0 760 2 1 1 10
2 1 1 0 0 0 760 2 5 5 1
2 2 1 0 0 0 760 3 5 5 5
2 3 1 0 0 0 760 2 14 14 5
2 4 1 1 0 0 512 1 5 5 14
2 5 1 0 0 0 760 3 6 6 5
2 6 1 0 0 0 760 2 13 13 6
2 7 1 0 0 0 760 3 15 15 13
2 8 1 0 0 0 760 2 2 2 15
2 9 0 0 0 1 634 2 12 12 2
2 10 1 1 0 0 611 1 2 2 12
2 11 1 0 0 0 760 2 8 8 2
2 12 1 1 0 0 497 1 2 2 8
2 13 1 0 0 0 760 2 11 11 2
2 14 1 1 0 0 491 1 2 2 11
2 15 0 0 0 1 697 3 2 2 2
2 16 1 1 0 0 587 1 2 2 2
2 17 1 0 0 0 760 2 11 11 2
2 18 1 0 0 0 760 2 1 1 11
2 19 1 1 0 0 743 1 11 11 1
2 20 1 0 0 0 760 2 7 7 11
2 21 1 0 0 0 760 2 1 1 7
2 22 1 1 0 0 490 1 7 7 1
2 23 1 0 0 0 760 3 6 6 7
2 24 1 1 0 0 599 1 7 7 6
2 25 1 0 0 0 760 3 15 15 7
3 1 0 0 0 1 8 1 13 13 15
3 2 1 0 0 0 760 2 7 7 13
3 3 0 0 1 0 760 1 13 13 7
3 4 1 1 0 0 537 1 7 7 13
3 5 1 1 0 0 562 1 13 13 7
3 6 1 1 0 0 557 1 7 7 13
3 7 0 0 0 1 633 3 8 8 7
3 8 1 1 0 0 648 1 7 7 8
3 9 1 0 0 0 760 2 1 1 7
3 10 1 1 0 0 660 1 7 7 1
3 11 1 0 0 0 760 2 2 2 7
3 12 1 1 0 0 549 1 7 7 2
3 13 1 0 0 0 760 2 15 15 7
3 14 1 0 0 0 760 2 8 8 15
3 15 1 1 0 0 569 1 15 15 8
3 16 1 1 0 0 593 1 8 8 15
3 17 1 0 0 0 760 2 13 13 8
3 18 1 0 0 0 760 2 9 9 13
3 19 1 0 0 0 760 2 6 6 9
3 20 1 0 0 0 760 2 3 3 6
3 21 1 0 0 0 760 2 8 8 3
3 22 1 0 0 0 760 3 12 12 8
3 23 0 0 1 0 760 1 8 8 12
3 24 1 0 0 0 760 3 7 7 8
3 25 0 0 1 0 760 1 8 8 7
