1 1 1 0 0 0 760 3 7 7 0
1 2 1 0 0 0 760 2 1 1 7
1 3 1 0 0 0 760 3 4 4 1
1 4 1 0 0 0 760 3 5 5 4
1 5 1 1 0 0 518 1 4 4 5
1 6 1 1 0 0 484 1 5 5 4
1 7 1 1 0 0 662 1 4 4 5
1 8 1 0 0 0 760 3 8 8 4
1 9 1 1 0 0 691 1 4 4 8
1 10 1 0 0 0 760 2 2 2 4
1 11 1 0 0 0 760 2 10 10 2
1 12 1 0 0 0 760 3 7 7 10
1 13 1 0 0 0 760 2 6 6 7
1 14 1 1 0 0 533 1 7 7 6
1 15 1 1 0 0 500 1 6 6 7
1 16 1 0 0 0 760 3 4 4 6
1 17 1 0 0 0 760 3 2 2 4
1 18 1 0 0 0 760 3 9 9 2
1 19 1 0 0 0 760 2 10 10 9
1 20 1 0 0 0 760 2 4 4 10
1 21 1 0 0 0 760 2 9 9 4
1 22 1 0 0 0 760 2 15 15 9
1 23 1 0 0 0 760 3 3 3 15
1 24 0 0 1 0 760 1 15 15 3
1 25 1 1 0 0 711 1 3 3 15
2 1 1 0 0 0 760 1 7 7 3
2 2 1 0 0 0 760 1 5 5 7
2 3 1 1 0 0 567 1 7 7 5
2 4 1 0 0 0 760 2 12 12 7
2 5 1 0 0 0 760 2 5 5 12
2 6 1 1 0 0 677 1 12 12 5
2 7 1 1 0 0 528 1 5 5 12
2 8 1 0 0 0 760 2 10 10 5
2 9 1 0 0 0 760 2 10 10 10
2 10 1 1 0 0 606 1 10 10 10
2 11 1 0 0 0 760 3 2 2 10
2 12 1 1 0 0 616 1 10 10 2
2 13 1 0 0 0 760 2 12 12 10
2 14 1 1 0 0 506 1 10 10 12
2 15 1 0 0 0 760 3 1 1 10
2 16 1 0 0 0 760 2 14 14 1
2 17 1 0 0 0 760 3 2 2 14
2 18 1 0 0 0 760 2 9 9 2
2 19 1 0 0 0 760 2 10 10 9
2 20 1 0 0 0 760 2 14 14 10
2 21 1 1 0 0 618 1 10 10 14
2 22 1 1 0 0 627 1 14 14 10
2 23 1 1 0 0 541 1 10 10 14
2 24 1 1 0 0 599 1 14 14 10
2 25 1 0 0 0 760 2 2 2 14
3 1 0 0 0 1 35 1 9 9 2
3 2 1 0 0 0 760 3 12 12 9
3 3 1 0 0 0 760 2 10 10 12
3 4 1 1 0 0 518 1 12 12 10
3 5 1 0 0 0 760 3 3 3 12
3 6 1 1 0 0 518 1 12 12 3
3 7 1 0 0 0 760 3 1 1 12
3 8 1 0 0 0 760 3 15 15 1
3 9 1 1 0 0 517 1 1 1 15
3 10 1 0 0 0 760 3 8 8 1
3 11 1 0 0 0 760 3 3 3 8
3 12 1 0 0 0 760 2 4 4 3
3 13 1 1 0 0 461 1 3 3 4
3 14 1 0 0 0 760 2 9 9 3
3 15 1 0 0 0 760 3 11 11 9
3 16 1 0 0 0 760 3 6 6 11
3 17 1 1 0 0 490 1 11 11 6
3 18 1 0 0 0 760 3 14 14 11
3 19 1 0 0 0 760 2 7 7 14
3 20 1 1 0 0 573 1 14 14 7
3 21 1 1 0 0 495 1 7 7 14
3 22 1 1 0 0 493 1 14 14 7
3 23 1 1 0 0 561 1 7 7 14
3 24 1 0 0 0 760 3 5 5 7
3 25 1 1 0 0 716 1 7 7 5
