1 1 1 0 0 0 760 1 11 11 0
1 2 1 0 0 0 760 3 9 9 11
1 3 1 0 0 0 760 3 15 15 9
1 4 1 1 0 0 578 1 9 9 15
1 5 0 0 1 0 760 1 15 15 9
1 6 1 0 0 0 760 2 2 2 15
1 7 1 0 0 0 760 3 13 13 2
1 8 1 0 0 0 760 3 10 10 13
1 9 1 0 0 0 760 3 7 7 10
1 10 1 0 0 0 760 3 1 1 7
1 11 1 0 0 0 760 2 1 1 1
1 12 1 0 0 0 760 2 9 9 1
1 13 1 1 0 0 406 1 1 1 9
1 14 0 0 1 0 760 1 9 9 1
1 15 1 0 0 0 760 2 3 3 9
1 16 1 0 0 0 760 3 2 2 3
1 17 1 0 0 0 760 2 9 9 2
1 18 1 0 0 0 760 3 8 8 9
1 19 1 0 0 0 760 3 3 3 8
1 20 1 0 0 0 760 3 15 15 3
1 21 1 1 0 0 658 1 3 3 15
1 22 1 0 0 0 760 2 1 1 3
1 23 1 1 0 0 637 1 3 3 1
1 24 1 0 0 0 760 2 2 2 3
1 25 1 0 0 0 760 3 15 15 2
2 1 0 0 0 1 407 1 11 11 15
2 2 1 0 0 0 760 2 5 5 11
2 3 1 0 0 0 760 3 8 8 5
2 4 1 0 0 0 760 3 7 7 8
2 5 1 0 0 0 760 3 5 5 7
2 6 1 1 0 0 718 1 7 7 5
2 7 0 0 1 0 760 1 5 5 7
2 8 1 1 0 0 611 1 7 7 5
2 9 1 0 0 0 760 2 7 7 7
2 10 0 0 0 1 734 3 5 5 7
2 11 1 0 0 0 760 2 1 1 5
2 12 1 0 0 0 760 3 7 7 1
2 13 1 1 0 0 496 1 1 1 7
2 14 1 0 0 0 760 3 3 3 1
2 15 1 0 0 0 760 3 7 7 3
2 16 1 0 0 0 760 3 10 10 7
2 17 1 0 0 0 760 2 11 11 10
2 18 1 0 0 0 760 3 3 3 11
2 19 1 0 0 0 760 3 4 4 3
2 20 1 1 0 0 509 1 3 3 4
2 21 1 1 0 0 520 1 4 4 3
2 22 0 0 0 1 633 2 4 4 4
2 23 1 0 0 0 760 2 1 1 4
2 24 1 0 0 0 760 3 12 12 1
2 25 1 0 0 0 760 3 14 14 12
3 1 1 0 0 0 760 1 11 11 14
3 2 1 0 0 0 760 1 2 2 11
3 3 1 0 0 0 760 2 12 12 2
3 4 1 0 0 0 760 3 13 13 12
3 5 1 0 0 0 760 2 6 6 13
3 6 0 0 1 0 760 1 13 13 6
3 7 1 0 0 0 760 3 1 1 13
3 8 1 0 0 0 760 2 10 10 1
3 9 1 0 0 0 760 3 14 14 10
3 10 1 1 0 0 586 1 10 10 14
3 11 1 0 0 0 760 3 12 12 10
3 12 1 0 0 0 760 2 12 12 12
3 13 1 0 0 0 760 3 2 2 12
3 14 1 0 0 0 760 3 2 2 2
3 15 1 0 0 0 760 3 10 10 2
3 16 1 0 0 0 760 2 15 15 10
3 17 1 0 0 0 760 2 5 5 15
3 18 1 0 0 0 760 3 9 9 5
3 19 1 0 0 0 760 2 7 7 9
3 20 1 1 0 0 752 1 9 9 7
3 21 1 0 0 0 760 3 3 3 9
3 22 1 0 0 0 760 3 11 11 3
3 23 1 0 0 0 760 2 10 10 11
3 24 0 0 1 0 760 1 11 11 10
3 25 1 0 0 0 760 3 7 7 11
