1 1 1 0 0 0 760 3 10 10 0
1 2 1 0 0 0 760 1 3 3 10
1 3 1 0 0 0 760 3 14 14 3
1 4 1 0 0 0 760 3 6 6 14
1 5 1 0 0 0 760 2 6 6 6
1 6 1 0 0 0 760 2 5 5 6
1 7 1 0 0 0 760 3 7 7 5
1 8 1 0 0 0 760 3 15 15 7
1 9 1 1 0 0 490 1 7 7 15
1 10 1 0 0 0 760 3 3 3 7
1 11 1 0 0 0 760 2 14 14 3
1 12 1 1 0 0 559 1 3 3 14
1 13 1 0 0 0 760 3 13 13 3
1 14 1 1 0 0 474 1 3 3 13
1 15 1 1 0 0 640 1 13 13 3
1 16 1 1 0 0 488 1 3 3 13
1 17 1 0 0 0 760 3 14 14 3
1 18 1 0 0 0 760 3 8 8 14
1 19 1 1 0 0 719 1 14 14 8
1 20 1 0 0 0 760 2 15 15 14
1 21 1 1 0 0 457 1 14 14 15
1 22 1 0 0 0 760 3 11 11 14
1 23 1 1 0 0 459 1 14 14 11
1 24 1 0 0 0 760 3 6 6 14
1 25 1 0 0 0 760 3 15 15 6
2 1 1 0 0 0 760 1 8 8 15
2 2 1 0 0 0 760 3 6 6 8
2 3 1 0 0 0 760 2 5 5 6
2 4 1 1 0 0 608 1 6 6 5
2 5 1 0 0 0 760 3 10 10 6
2 6 1 1 0 0 504 1 6 6 10
2 7 1 1 0 0 591 1 10 10 6
2 8 1 0 0 0 760 3 2 2 10
2 9 0 0 0 1 608 3 6 6 2
2 10 0 0 0 1 618 2 10 10 6
2 11 0 0 1 0 760 1 6 6 10
2 12 1 1 0 0 481 1 10 10 6
2 13 1 0 0 0 760 3 8 8 10
2 14 1 0 0 0 760 2 2 2 8
2 15 1 1 0 0 502 1 8 8 2
2 16 1 1 0 0 460 1 2 2 8
2 17 1 1 0 0 660 1 8 8 2
2 18 1 0 0 0 760 3 10 10 8
2 19 1 0 0 0 760 3 6 6 10
2 20 1 0 0 0 760 3 13 13 6
2 21 0 0 1 0 760 1 6 6 13
2 22 1 1 0 0 704 1 13 13 6
2 23 1 0 0 0 760 2 10 10 13
2 24 1 0 0 0 760 3 15 15 10
2 25 1 0 0 0 760 2 13 13 15
3 1 1 0 0 0 760 1 5 5 13
3 2 1 0 0 0 760 3 1 1 5
3 3 1 1 0 0 484 1 5 5 1
3 4 1 0 0 0 760 3 4 4 5
3 5 1 0 0 0 760 2 15 15 4
3 6 1 0 0 0 760 2 2 2 15
3 7 1 1 0 0 635 1 15 15 2
3 8 1 0 0 0 760 2 11 11 15
3 9 1 0 0 0 760 3 4 4 11
3 10 0 0 0 1 564 3 2 2 4
3 11 1 0 0 0 760 3 6 6 2
3 12 1 1 0 0 477 1 2 2 6
3 13 1 0 0 0 760 2 4 4 2
3 14 1 1 0 0 471 1 2 2 4
3 15 0 0 0 1 601 3 2 2 2
3 16 1 0 0 0 760 2 13 13 2
3 17 1 0 0 0 760 2 9 9 13
3 18 1 0 0 0 760 3 1 1 9
3 19 1 1 0 0 576 1 9 9 1
3 20 1 0 0 0 760 2 13 13 9
3 21 1 0 0 0 760 2 15 15 13
3 22 1 0 0 0 760 3 9 9 15
3 23 1 0 0 0 760 3 4 4 9
3 24 1 0 0 0 760 2 12 12 4
3 25 1 0 0 0 760 2 8 8 12
