1 1 1 0 0 0 760 1 7 7 0
1 2 1 0 0 0 760 1 6 6 7
1 3 1 0 0 0 760 3 6 6 6
1 4 1 0 0 0 760 2 3 3 6
1 5 1 1 0 0 580 1 6 6 3
1 6 1 1 0 0 549 1 3 3 6
1 7 1 0 0 0 760 3 12 12 3
1 8 1 1 0 0 461 1 3 3 12
1 9 1 1 0 0 560 1 12 12 3
1 10 1 0 0 0 760 2 4 4 12
1 11 0 0 1 0 760 1 12 12 4
1 12 1 0 0 0 760 2 14 14 12
1 13 1 0 0 0 760 2 11 11 14
1 14 1 0 0 0 760 2 3 3 11
1 15 1 0 0 0 760 3 15 15 3
1 16 1 0 0 0 760 3 4 4 15
1 17 1 1 0 0 516 1 15 15 4
1 18 1 0 0 0 760 3 5 5 15
1 19 1 0 0 0 760 3 11 11 5
1 20 1 1 0 0 522 1 5 5 11
1 21 0 0 0 1 526 2 5 5 5
1 22 1 0 0 0 760 2 4 4 5
1 23 1 0 0 0 760 2 11 11 4
1 24 1 1 0 0 596 1 4 4 11
1 25 1 1 0 0 537 1 11 11 4
2 1 1 0 0 0 760 3 10 10 11
2 2 1 0 0 0 760 3 4 4 10
2 3 1 0 0 0 760 2 2 2 4
2 4 1 1 0 0 500 1 4 4 2
2 5 1 0 0 0 760 2 10 10 4
2 6 1 0 0 0 760 2 2 2 10
2 7 1 1 0 0 574 1 10 10 2
2 8 1 1 0 0 497 1 2 2 10
2 9 1 0 0 0 760 2 7 7 2
2 10 1 0 0 0 760 3 6 6 7
2 11 1 0 0 0 760 2 9 9 6
2 12 1 0 0 0 760 3 5 5 9
2 13 1 0 0 0 760 3 13 13 5
2 14 0 0 1 0 760 1 5 5 13
2 15 1 0 0 0 760 3 4 4 5
2 16 1 1 0 0 725 1 5 5 4
2 17 1 0 0 0 760 2 12 12 5
2 18 1 0 0 0 760 2 8 8 12
2 19 1 1 0 0 488 1 12 12 8
2 20 1 1 0 0 671 1 8 8 12
2 21 1 1 0 0 663 1 12 12 8
2 22 0 0 1 0 760 1 8 8 12
2 23 1 1 0 0 713 1 12 12 8
2 24 1 0 0 0 760 3 4 4 12
2 25 1 0 0 0 760 2 13 13 4
3 1 1 0 0 0 760 2 2 2 13
3 2 1 0 0 0 760 3 7 7 2
3 3 1 1 0 0 712 1 2 2 7
3 4 1 0 0 0 760 2 12 12 2
3 5 1 0 0 0 760 3 15 15 12
3 6 1 0 0 0 760 3 8 8 15
3 7 1 0 0 0 760 2 12 12 8
3 8 1 1 0 0 525 1 8 8 12
3 9 1 0 0 0 760 2 13 13 8
3 10 1 0 0 0 760 2 5 5 13
3 11 0 0 0 1 551 2 5 5 5
3 12 1 0 0 0 760 2 3 3 5
3 13 1 1 0 0 603 1 5 5 3
3 14 0 0 1 0 760 1 3 3 5
3 15 1 0 0 0 760 2 8 8 3
3 16 1 0 0 0 760 2 9 9 8
3 17 1 0 0 0 760 3 14 14 9
3 18 0 0 1 0 760 1 9 9 14
3 19 1 0 0 0 760 2 1 1 9
3 20 1 0 0 0 760 2 10 10 1
3 21 1 1 0 0 507 1 1 1 10
3 22 1 0 0 0 760 3 11 11 1
3 23 1 0 0 0 760 3 15 15 11
3 24 0 0 0 1 493 2 6 6 15
3 25 0 0 1 0 760 1 15 15 6
