1 1 1 0 0 0 760 3 14 14 0
1 2 1 0 0 0 760 1 14 14 14
1 3 1 1 0 0 556 1 14 14 14
1 4 1 0 0 0 760 2 13 13 14
1 5 1 0 0 0 760 2 11 11 13
1 6 1 1 0 0 498 1 13 13 11
1 7 1 0 0 0 760 3 1 1 13
1 8 1 0 0 0 760 3 7 7 1
1 9 1 0 0 0 760 3 4 4 7
1 10 1 0 0 0 760 3 4 4 4
1 11 1 0 0 0 760 3 5 5 4
1 12 1 1 0 0 507 1 4 4 5
1 13 1 1 0 0 641 1 5 5 4
1 14 1 1 0 0 563 1 4 4 5
1 15 1 0 0 0 760 2 9 9 4
1 16 1 0 0 0 760 3 7 7 9
1 17 1 0 0 0 760 2 12 12 7
1 18 1 0 0 0 760 3 2 2 12
1 19 1 1 0 0 534 1 12 12 2
1 20 1 0 0 0 760 2 6 6 12
1 21 1 0 0 0 760 2 14 14 6
1 22 1 0 0 0 760 2 9 9 14
1 23 1 0 0 0 760 2 12 12 9
1 24 1 1 0 0 613 1 9 9 12
1 25 0 0 1 0 760 1 12 12 9
2 1 1 0 0 0 760 1 2 2 12
2 2 1 0 0 0 760 3 1 1 2
2 3 1 1 0 0 483 1 2 2 1
2 4 1 1 0 0 701 1 1 1 2
2 5 1 0 0 0 760 3 11 11 1
2 6 1 0 0 0 760 2 13 13 11
2 7 1 0 0 0 760 3 4 4 13
2 8 1 0 0 0 760 2 12 12 4
2 9 1 1 0 0 501 1 4 4 12
2 10 1 0 0 0 760 2 7 7 4
2 11 1 0 0 0 760 2 11 11 7
2 12 1 0 0 0 760 2 5 5 11
2 13 1 0 0 0 760 3 8 8 5
2 14 1 0 0 0 760 2 3 3 8
2 15 1 1 0 0 545 1 8 8 3
2 16 1 1 0 0 529 1 3 3 8
2 17 1 1 0 0 554 1 8 8 3
2 18 1 0 0 0 760 3 9 9 8
2 19 1 0 0 0 760 2 15 15 9
2 20 1 0 0 0 760 3 2 2 15
2 21 1 0 0 0 760 3 5 5 2
2 22 1 0 0 0 760 3 15 15 5
2 23 1 0 0 0 760 3 9 9 15
2 24 1 0 0 0 760 2 8 8 9
2 25 1 0 0 0 760 3 3 3 8
3 1 1 0 0 0 760 1 1 1 3
3 2 1 0 0 0 760 1 10 10 1
3 3 0 0 1 0 760 1 1 1 10
3 4 1 0 0 0 760 2 2 2 1
3 5 1 0 0 0 760 3 8 8 2
3 6 1 1 0 0 650 1 2 2 8
3 7 1 0 0 0 760 2 7 7 2
3 8 1 1 0 0 621 1 2 2 7
3 9 1 0 0 0 760 3 12 12 2
3 10 1 1 0 0 506 1 2 2 12
3 11 1 0 0 0 760 3 4 4 2
3 12 1 0 0 0 760 2 1 1 4
3 13 0 0 0 1 524 3 2 2 1
3 14 1 0 0 0 760 2 14 14 2
3 15 1 1 0 0 503 1 2 2 14
3 16 1 0 0 0 760 3 5 5 2
3 17 1 1 0 0 526 1 2 2 5
3 18 1 0 0 0 760 2 15 15 2
3 19 1 0 0 0 760 3 9 9 15
3 20 1 0 0 0 760 3 4 4 9
3 21 1 0 0 0 760 3 8 8 4
3 22 1 0 0 0 760 2 5 5 8
3 23 1 0 0 0 760 2 9 9 5
3 24 1 1 0 0 510 1 5 5 9
3 25 1 0 0 0 760 3 11 11 5
