1 1 1 0 0 0 760 1 6 6 0
1 2 1 0 0 0 760 2 9 9 6
1 3 1 1 0 0 494 1 6 6 9
1 4 0 0 1 0 193 1 9 9 6
1 5 1 0 0 0 760 2 8 8 9
1 6 1 0 0 0 760 2 15 15 8
1 7 1 0 0 0 760 3 13 13 15
1 8 1 0 0 0 760 2 12 12 13
1 9 1 1 0 0 515 1 13 13 12
1 10 1 1 0 0 416 1 12 12 13
1 11 1 0 0 0 760 2 9 9 12
1 12 1 0 0 0 760 2 1 1 9
1 13 1 0 0 0 760 3 15 15 1
1 14 1 0 0 0 760 2 5 5 15
1 15 1 1 0 0 451 1 15 15 5
1 16 1 0 0 0 760 2 2 2 15
1 17 1 0 0 0 760 2 9 9 2
1 18 1 0 0 0 760 3 4 4 9
1 19 1 0 0 0 760 3 13 13 4
1 20 1 0 0 0 760 3 12 12 13
1 21 1 0 0 0 760 2 2 2 12
1 22 1 0 0 0 760 2 1 1 2
1 23 1 1 0 0 503 1 2 2 1
1 24 1 0 0 0 760 2 4 4 2
1 25 1 0 0 0 760 3 7 7 4
2 1 1 0 0 0 760 2 1 1 7
2 2 1 0 0 0 760 2 6 6 1
2 3 1 0 0 0 760 2 15 15 6
2 4 1 0 0 0 760 3 10 10 15
2 5 0 0 1 0 760 1 15 15 10
2 6 1 0 0 0 760 2 12 12 15
2 7 1 0 0 0 760 3 3 3 12
2 8 1 1 0 0 508 1 12 12 3
2 9 1 0 0 0 760 2 7 7 12
2 10 1 1 0 0 637 1 12 12 7
2 11 1 0 0 0 760 2 11 11 12
2 12 1 1 0 0 475 1 12 12 11
2 13 1 0 0 0 760 3 13 13 12
2 14 1 0 0 0 760 3 1 1 13
2 15 1 1 0 0 552 1 13 13 1
2 16 1 0 0 0 760 2 12 12 13
2 17 1 0 0 0 760 2 9 9 12
2 18 1 0 0 0 760 3 3 3 9
2 19 1 0 0 0 760 2 7 7 3
2 20 1 0 0 0 760 2 5 5 7
2 21 1 0 0 0 760 2 10 10 5
2 22 1 0 0 0 760 3 2 2 10
2 23 1 0 0 0 760 2 8 8 2
2 24 1 0 0 0 760 3 14 14 8
2 25 1 0 0 0 760 2 3 3 14
3 1 0 0 0 1 275 1 12 12 3
3 2 1 0 0 0 760 2 2 2 12
3 3 1 0 0 0 760 3 10 10 2
3 4 1 1 0 0 534 1 2 2 10
3 5 1 0 0 0 760 2 8 8 2
3 6 1 0 0 0 760 3 13 13 8
3 7 1 1 0 0 564 1 8 8 13
3 8 1 1 0 0 490 1 13 13 8
3 9 1 1 0 0 518 1 8 8 13
3 10 1 1 0 0 478 1 13 13 8
3 11 1 0 0 0 760 2 2 2 13
3 12 1 0 0 0 760 2 4 4 2
3 13 1 0 0 0 760 3 1 1 4
3 14 1 0 0 0 760 2 2 2 1
3 15 1 0 0 0 760 2 14 14 2
3 16 1 1 0 0 495 1 2 2 14
3 17 1 0 0 0 760 3 9 9 2
3 18 1 0 0 0 760 3 12 12 9
3 19 1 0 0 0 760 3 5 5 12
3 20 1 0 0 0 760 2 2 2 5
3 21 1 1 0 0 579 1 5 5 2
3 22 1 0 0 0 760 3 12 12 5
3 23 1 0 0 0 760 3 3 3 12
3 24 1 0 0 0 760 3 5 5 3
3 25 1 0 0 0 760 3 7 7 5
