1 1 1 0 0 0 760 2 12 12 0
1 2 1 0 0 0 760 3 10 10 12
1 3 1 1 0 0 497 1 12 12 10
1 4 1 1 0 0 532 1 10 10 12
1 5 1 0 0 0 760 2 1 1 10
1 6 1 0 0 0 760 2 13 13 1
1 7 1 0 0 0 760 2 10 10 13
1 8 1 0 0 0 760 3 7 7 10
1 9 1 0 0 0 760 3 13 13 7
1 10 1 0 0 0 760 3 11 11 13
1 11 1 0 0 0 760 2 12 12 11
1 12 1 0 0 0 760 3 12 12 12
1 13 1 0 0 0 760 3 13 13 12
1 14 1 0 0 0 760 2 3 3 13
1 15 1 0 0 0 760 2 6 6 3
1 16 1 1 0 0 633 1 3 3 6
1 17 1 0 0 0 760 3 8 8 3
1 18 1 1 0 0 627 1 3 3 8
1 19 1 1 0 0 618 1 8 8 3
1 20 1 0 0 0 760 3 5 5 8
1 21 1 0 0 0 760 2 2 2 5
1 22 1 1 0 0 578 1 5 5 2
1 23 1 1 0 0 544 1 2 2 5
1 24 1 1 0 0 559 1 5 5 2
1 25 1 0 0 0 760 3 11 11 5
2 1 1 0 0 0 760 1 8 8 11
2 2 1 0 0 0 760 3 15 15 8
2 3 1 1 0 0 716 1 8 8 15
2 4 1 0 0 0 760 3 11 11 8
2 5 1 0 0 0 760 2 13 13 11
2 6 1 1 0 0 556 1 11 11 13
2 7 1 0 0 0 760 2 6 6 11
2 8 1 0 0 0 760 2 9 9 6
2 9 1 1 0 0 509 1 6 6 9
2 10 0 0 0 1 534 3 6 6 6
2 11 1 1 0 0 749 1 6 6 6
2 12 1 1 0 0 619 1 6 6 6
2 13 1 0 0 0 760 3 14 14 6
2 14 1 0 0 0 760 2 5 5 14
2 15 1 0 0 0 760 2 7 7 5
2 16 1 0 0 0 760 2 10 10 7
2 17 1 1 0 0 692 1 7 7 10
2 18 1 0 0 0 760 2 13 13 7
2 19 0 0 1 0 760 1 7 7 13
2 20 1 0 0 0 760 3 3 3 7
2 21 1 0 0 0 760 3 8 8 3
2 22 1 0 0 0 760 2 6 6 8
2 23 1 0 0 0 760 2 1 1 6
2 24 1 0 0 0 760 2 5 5 1
2 25 1 0 0 0 760 2 13 13 5
3 1 1 0 0 0 760 1 15 15 13
3 2 1 0 0 0 760 3 5 5 15
3 3 1 0 0 0 760 3 14 14 5
3 4 1 0 0 0 760 2 11 11 14
3 5 1 1 0 0 505 1 14 14 11
3 6 1 0 0 0 760 3 10 10 14
3 7 1 0 0 0 760 2 6 6 10
3 8 1 0 0 0 760 2 12 12 6
3 9 1 1 0 0 670 1 6 6 12
3 10 1 0 0 0 760 3 3 3 6
3 11 1 1 0 0 756 1 6 6 3
3 12 1 0 0 0 760 2 9 9 6
3 13 1 0 0 0 760 3 1 1 9
3 14 1 0 0 0 760 3 7 7 1
3 15 1 0 0 0 760 2 12 12 7
3 16 1 0 0 0 760 3 14 14 12
3 17 1 1 0 0 680 1 12 12 14
3 18 1 0 0 0 760 2 2 2 12
3 19 1 0 0 0 760 2 13 13 2
3 20 1 0 0 0 760 3 10 10 13
3 21 1 0 0 0 760 3 11 11 10
3 22 1 0 0 0 760 2 3 3 11
3 23 1 0 0 0 760 2 13 13 3
3 24 1 0 0 0 760 3 6 6 13
3 25 1 0 0 0 760 3 2 2 6
