1 1 1 0 0 0 760 2 10 10 0
1 2 1 0 0 0 760 3 2 2 10
1 3 1 1 0 0 494 1 10 10 2
1 4 1 0 0 0 760 3 3 3 10
1 5 0 0 1 0 760 1 10 10 3
1 6 1 0 0 0 760 3 14 14 10
1 7 1 0 0 0 760 3 8 8 14
1 8 1 0 0 0 760 3 2 2 8
1 9 1 0 0 0 760 2 15 15 2
1 10 1 0 0 0 760 2 13 13 15
1 11 1 0 0 0 760 3 8 8 13
1 12 1 0 0 0 760 3 10 10 8
1 13 1 1 0 0 442 1 8 8 10
1 14 1 1 0 0 708 1 10 10 8
1 15 0 0 0 1 484 3 10 10 10
1 16 1 0 0 0 760 3 8 8 10
1 17 0 0 0 1 697 2 8 8 8
1 18 1 1 0 0 607 1 8 8 8
1 19 1 0 0 0 760 2 14 14 8
1 20 1 0 0 0 760 2 9 9 14
1 21 1 0 0 0 760 3 5 5 9
1 22 1 0 0 0 760 3 7 7 5
1 23 1 0 0 0 760 2 4 4 7
1 24 1 1 0 0 745 1 7 7 4
1 25 1 0 0 0 760 3 8 8 7
2 1 1 0 0 0 760 3 3 3 8
2 2 1 0 0 0 760 1 2 2 3
2 3 1 0 0 0 760 3 8 8 2
2 4 1 0 0 0 760 2 14 14 8
2 5 1 1 0 0 647 1 8 8 14
2 6 1 1 0 0 756 1 14 14 8
2 7 1 1 0 0 510 1 8 8 14
2 8 1 0 0 0 760 2 9 9 8
2 9 1 0 0 0 760 2 6 6 9
2 10 1 0 0 0 760 3 15 15 6
2 11 1 0 0 0 760 3 5 5 15
2 12 1 0 0 0 760 3 8 8 5
2 13 1 1 0 0 571 1 5 5 8
2 14 1 0 0 0 760 3 15 15 5
2 15 0 0 0 1 667 3 8 8 15
2 16 1 1 0 0 510 1 15 15 8
2 17 1 0 0 0 760 2 3 3 15
2 18 1 1 0 0 592 1 15 15 3
2 19 1 1 0 0 501 1 3 3 15
2 20 1 0 0 0 760 3 4 4 3
2 21 1 0 0 0 760 2 12 12 4
2 22 1 0 0 0 760 3 15 15 12
2 23 1 1 0 0 683 1 12 12 15
2 24 1 0 0 0 760 3 14 14 12
2 25 1 1 0 0 507 1 12 12 14
3 1 0 0 0 1 239 2 6 6 12
3 2 1 0 0 0 760 2 8 8 6
3 3 1 0 0 0 760 2 5 5 8
3 4 1 0 0 0 760 2 10 10 5
3 5 1 0 0 0 760 2 9 9 10
3 6 1 0 0 0 760 3 4 4 9
3 7 1 0 0 0 760 3 5 5 4
3 8 1 0 0 0 760 3 12 12 5
3 9 1 0 0 0 760 3 13 13 12
3 10 1 1 0 0 622 1 12 12 13
3 11 1 1 0 0 600 1 13 13 12
3 12 1 0 0 0 760 2 15 15 13
3 13 1 0 0 0 760 2 12 12 15
3 14 1 0 0 0 760 2 3 3 12
3 15 1 0 0 0 760 2 2 2 3
3 16 1 0 0 0 760 3 12 12 2
3 17 1 1 0 0 711 1 2 2 12
3 18 1 1 0 0 453 1 12 12 2
3 19 1 1 0 0 604 1 2 2 12
3 20 1 0 0 0 760 3 6 6 2
3 21 1 0 0 0 760 3 8 8 6
3 22 1 0 0 0 760 3 14 14 8
3 23 0 0 0 1 576 2 14 14 14
3 24 1 1 0 0 537 1 14 14 14
3 25 1 0 0 0 760 2 7 7 14
