1 1 1 0 0 0 760 3 13 13 0
1 2 1 0 0 0 760 3 8 8 13
1 3 1 0 0 0 760 2 8 8 8
1 4 1 0 0 0 760 3 3 3 8
1 5 1 0 0 0 760 3 12 12 3
1 6 0 0 1 0 760 1 3 3 12
1 7 1 0 0 0 760 2 13 13 3
1 8 1 0 0 0 760 2 9 9 13
1 9 1 0 0 0 760 3 7 7 9
1 10 1 0 0 0 760 3 11 11 7
1 11 1 1 0 0 569 1 7 7 11
1 12 1 0 0 0 760 3 15 15 7
1 13 1 0 0 0 760 2 12 12 15
1 14 1 1 0 0 558 1 15 15 12
1 15 1 1 0 0 628 1 12 12 15
1 16 1 0 0 0 760 3 2 2 12
1 17 0 0 1 0 760 1 12 12 2
1 18 1 1 0 0 531 1 2 2 12
1 19 1 0 0 0 760 2 1 1 2
1 20 1 1 0 0 595 1 2 2 1
1 21 1 0 0 0 760 3 7 7 2
1 22 1 1 0 0 575 1 2 2 7
1 23 1 0 0 0 760 3 4 4 2
1 24 1 1 0 0 530 1 2 2 4
1 25 1 0 0 0 760 2 5 5 2
2 1 1 0 0 0 760 2 15 15 5
2 2 1 0 0 0 760 1 7 7 15
2 3 1 0 0 0 760 2 2 2 7
2 4 1 0 0 0 760 2 1 1 2
2 5 1 1 0 0 629 1 2 2 1
2 6 1 1 0 0 557 1 1 1 2
2 7 1 1 0 0 607 1 2 2 1
2 8 1 0 0 0 760 2 12 12 2
2 9 1 0 0 0 760 2 3 3 12
2 10 1 1 0 0 608 1 12 12 3
2 11 1 1 0 0 565 1 3 3 12
2 12 1 0 0 0 760 3 6 6 3
2 13 1 1 0 0 513 1 3 3 6
2 14 1 0 0 0 760 3 10 10 3
2 15 1 0 0 0 760 2 1 1 10
2 16 1 0 0 0 760 2 13 13 1
2 17 1 1 0 0 617 1 1 1 13
2 18 1 1 0 0 517 1 13 13 1
2 19 1 0 0 0 760 2 6 6 13
2 20 1 0 0 0 760 2 12 12 6
2 21 1 0 0 0 760 3 12 12 12
2 22 1 0 0 0 760 3 2 2 12
2 23 0 0 1 0 760 1 12 12 2
2 24 1 0 0 0 760 3 6 6 12
2 25 0 0 1 0 760 1 12 12 6
3 1 1 0 0 0 760 2 7 7 12
3 2 1 0 0 0 760 1 5 5 7
3 3 1 0 0 0 760 3 13 13 5
3 4 1 1 0 0 704 1 5 5 13
3 5 1 0 0 0 760 3 12 12 5
3 6 1 0 0 0 760 2 6 6 12
3 7 1 0 0 0 760 3 4 4 6
3 8 1 0 0 0 760 2 1 1 4
3 9 1 0 0 0 760 3 7 7 1
3 10 1 0 0 0 760 3 4 4 7
3 11 1 0 0 0 760 2 3 3 4
3 12 0 0 1 0 760 1 4 4 3
3 13 1 1 0 0 702 1 3 3 4
3 14 1 0 0 0 760 2 14 14 3
3 15 1 1 0 0 552 1 3 3 14
3 16 1 1 0 0 585 1 14 14 3
3 17 1 0 0 0 760 3 6 6 14
3 18 1 1 0 0 548 1 14 14 6
3 19 0 0 1 0 760 1 6 6 14
3 20 1 0 0 0 760 2 5 5 6
3 21 1 0 0 0 760 2 9 9 5
3 22 1 0 0 0 760 2 6 6 9
3 23 1 0 0 0 760 3 15 15 6
3 24 1 1 0 0 657 1 6 6 15
3 25 1 1 0 0 509 1 15 15 6
