1 1 1 0 0 0 760 3 5 5 0
1 2 1 0 0 0 760 2 9 9 5
1 3 1 0 0 0 760 3 11 11 9
1 4 1 0 0 0 760 3 15 15 11
1 5 1 0 0 0 760 3 5 5 15
1 6 1 0 0 0 760 2 10 10 5
1 7 1 0 0 0 760 2 7 7 10
1 8 1 0 0 0 760 3 15 15 7
1 9 1 1 0 0 701 1 7 7 15
1 10 1 0 0 0 760 3 13 13 7
1 11 1 0 0 0 760 2 9 9 13
1 12 1 1 0 0 711 1 13 13 9
1 13 1 0 0 0 760 3 14 14 13
1 14 1 0 0 0 760 3 8 8 14
1 15 1 1 0 0 678 1 14 14 8
1 16 1 0 0 0 760 3 7 7 14
1 17 1 1 0 0 615 1 14 14 7
1 18 1 0 0 0 760 3 9 9 14
1 19 1 1 0 0 648 1 14 14 9
1 20 1 0 0 0 760 3 12 12 14
1 21 1 0 0 0 760 3 10 10 12
1 22 1 0 0 0 760 2 3 3 10
1 23 1 0 0 0 760 3 5 5 3
1 24 1 0 0 0 760 3 12 12 5
1 25 1 1 0 0 489 1 5 5 12
2 1 1 0 0 0 760 3 7 7 5
2 2 1 0 0 0 760 1 8 8 7
2 3 0 0 1 0 760 1 7 7 8
2 4 1 1 0 0 664 1 8 8 7
2 5 1 0 0 0 760 3 14 14 8
2 6 1 0 0 0 760 2 2 2 14
2 7 1 1 0 0 670 1 14 14 2
2 8 0 0 1 0 760 1 2 2 14
2 9 1 0 0 0 760 2 5 5 2
2 10 0 0 1 0 760 1 2 2 5
2 11 1 1 0 0 532 1 5 5 2
2 12 1 0 0 0 760 3 9 9 5
2 13 0 0 1 0 760 1 5 5 9
2 14 1 0 0 0 760 3 1 1 5
2 15 0 0 1 0 760 1 5 5 1
2 16 1 0 0 0 760 2 7 7 5
2 17 1 0 0 0 760 2 10 10 7
2 18 1 0 0 0 760 3 13 13 10
2 19 1 0 0 0 760 3 1 1 13
2 20 1 0 0 0 760 2 14 14 1
2 21 1 1 0 0 672 1 1 1 14
2 22 1 0 0 0 760 2 13 13 1
2 23 1 0 0 0 760 3 10 10 13
2 24 1 1 0 0 616 1 13 13 10
2 25 1 1 0 0 658 1 10 10 13
3 1 1 0 0 0 760 3 2 2 10
3 2 1 0 0 0 760 3 6 6 2
3 3 1 0 0 0 760 3 6 6 6
3 4 1 0 0 0 760 3 9 9 6
3 5 1 0 0 0 760 3 7 7 9
3 6 1 0 0 0 760 3 13 13 7
3 7 0 0 1 0 760 1 7 7 13
3 8 1 1 0 0 642 1 13 13 7
3 9 1 0 0 0 760 2 4 4 13
3 10 1 0 0 0 760 2 7 7 4
3 11 1 1 0 0 661 1 4 4 7
3 12 1 0 0 0 760 2 1 1 4
3 13 1 1 0 0 521 1 4 4 1
3 14 1 0 0 0 760 3 9 9 4
3 15 1 0 0 0 760 2 5 5 9
3 16 1 0 0 0 760 3 4 4 5
3 17 1 0 0 0 760 2 2 2 4
3 18 1 0 0 0 760 3 10 10 2
3 19 1 0 0 0 760 2 12 12 10
3 20 1 0 0 0 760 2 2 2 12
3 21 1 0 0 0 760 2 14 14 2
3 22 1 1 0 0 533 1 2 2 14
3 23 0 0 1 0 760 1 14 14 2
3 24 0 0 1 0 760 1 2 2 14
3 25 0 0 1 0 760 1 14 14 2
