1 1 1 0 0 0 760 1 11 11 0
1 2 1 0 0 0 760 2 7 7 11
1 3 1 0 0 0 760 3 4 4 7
1 4 1 0 0 0 760 2 13 13 4
1 5 1 0 0 0 760 2 1 1 13
1 6 0 0 1 0 760 1 13 13 1
1 7 1 0 0 0 760 2 6 6 13
1 8 1 0 0 0 760 3 12 12 6
1 9 1 0 0 0 760 3 1 1 12
1 10 1 1 0 0 673 1 12 12 1
1 11 1 1 0 0 705 1 1 1 12
1 12 1 1 0 0 658 1 12 12 1
1 13 1 1 0 0 591 1 1 1 12
1 14 1 0 0 0 760 2 2 2 1
1 15 1 1 0 0 602 1 1 1 2
1 16 0 0 0 1 568 2 3 3 1
1 17 1 0 0 0 760 2 2 2 3
1 18 1 1 0 0 712 1 3 3 2
1 19 1 1 0 0 714 1 2 2 3
1 20 1 0 0 0 760 2 1 1 2
1 21 1 0 0 0 760 3 13 13 1
1 22 1 0 0 0 760 3 14 14 13
1 23 1 0 0 0 760 3 8 8 14
1 24 1 0 0 0 760 2 9 9 8
1 25 1 0 0 0 760 2 5 5 9
2 1 0 0 0 1 424 1 2 2 5
2 2 1 0 0 0 760 3 15 15 2
2 3 1 0 0 0 760 3 12 12 15
2 4 1 0 0 0 760 3 6 6 12
2 5 1 0 0 0 760 3 11 11 6
2 6 1 0 0 0 760 2 4 4 11
2 7 1 1 0 0 644 1 11 11 4
2 8 1 0 0 0 760 2 5 5 11
2 9 1 0 0 0 760 3 15 15 5
2 10 1 0 0 0 760 2 11 11 15
2 11 1 0 0 0 760 2 10 10 11
2 12 1 0 0 0 760 3 6 6 10
2 13 0 0 1 0 760 1 10 10 6
2 14 1 0 0 0 760 3 15 15 10
2 15 1 0 0 0 760 3 3 3 15
2 16 1 0 0 0 760 2 2 2 3
2 17 1 0 0 0 760 2 5 5 2
2 18 1 0 0 0 760 2 10 10 5
2 19 0 0 1 0 760 1 5 5 10
2 20 1 0 0 0 760 2 13 13 5
2 21 1 1 0 0 501 1 5 5 13
2 22 1 0 0 0 760 3 12 12 5
2 23 1 0 0 0 760 2 11 11 12
2 24 0 0 1 0 760 1 12 12 11
2 25 1 0 0 0 760 3 15 15 12
3 1 1 0 0 0 760 3 7 7 15
3 2 1 0 0 0 760 1 2 2 7
3 3 1 0 0 0 760 2 2 2 2
3 4 1 0 0 0 760 3 8 8 2
3 5 0 0 1 0 760 1 2 2 8
3 6 1 0 0 0 760 2 4 4 2
3 7 1 0 0 0 760 3 9 9 4
3 8 1 0 0 0 760 2 14 14 9
3 9 1 1 0 0 543 1 9 9 14
3 10 1 0 0 0 760 3 12 12 9
3 11 1 0 0 0 760 2 10 10 12
3 12 0 0 0 1 663 2 9 9 10
3 13 1 1 0 0 570 1 10 10 9
3 14 1 0 0 0 760 2 7 7 10
3 15 1 0 0 0 760 2 6 6 7
3 16 1 0 0 0 760 2 12 12 6
3 17 1 0 0 0 760 3 7 7 12
3 18 0 0 1 0 760 1 12 12 7
3 19 1 0 0 0 760 3 9 9 12
3 20 1 0 0 0 760 2 1 1 9
3 21 1 0 0 0 760 2 3 3 1
3 22 0 0 1 0 760 1 1 1 3
3 23 1 1 0 0 706 1 3 3 1
3 24 1 0 0 0 760 3 5 5 3
3 25 0 0 0 1 687 2 13 13 5
