1 1 1 0 0 0 760 3 7 7 0
1 2 1 0 0 0 760 2 9 9 7
1 3 0 0 1 0 760 1 7 7 9
1 4 1 0 0 0 760 2 5 5 7
1 5 0 0 1 0 760 1 7 7 5
1 6 0 0 0 1 713 2 2 2 7
1 7 1 0 0 0 760 3 3 3 2
1 8 1 1 0 0 435 1 2 2 3
1 9 1 1 0 0 567 1 3 3 2
1 10 1 0 0 0 760 2 15 15 3
1 11 1 0 0 0 760 3 9 9 15
1 12 1 1 0 0 575 1 15 15 9
1 13 1 0 0 0 760 3 10 10 15
1 14 1 0 0 0 760 3 14 14 10
1 15 1 0 0 0 760 3 2 2 14
1 16 1 1 0 0 653 1 14 14 2
1 17 1 0 0 0 760 3 13 13 14
1 18 1 0 0 0 760 2 11 11 13
1 19 1 0 0 0 760 3 15 15 11
1 20 1 1 0 0 641 1 11 11 15
1 21 1 0 0 0 760 3 1 1 11
1 22 1 1 0 0 679 1 11 11 1
1 23 1 1 0 0 578 1 1 1 11
1 24 1 0 0 0 760 3 13 13 1
1 25 1 0 0 0 760 2 4 4 13
2 1 1 0 0 0 760 2 10 10 4
2 2 0 0 0 1 712 2 10 10 10
2 3 1 0 0 0 760 2 7 7 10
2 4 1 1 0 0 531 1 10 10 7
2 5 1 1 0 0 457 1 7 7 10
2 6 1 1 0 0 489 1 10 10 7
2 7 1 0 0 0 760 2 15 15 10
2 8 1 1 0 0 507 1 10 10 15
2 9 1 0 0 0 760 2 9 9 10
2 10 1 1 0 0 573 1 10 10 9
2 11 1 0 0 0 760 3 5 5 10
2 12 1 1 0 0 504 1 10 10 5
2 13 1 0 0 0 760 3 6 6 10
2 14 1 0 0 0 760 2 4 4 6
2 15 1 0 0 0 760 2 11 11 4
2 16 1 0 0 0 760 2 5 5 11
2 17 1 0 0 0 760 2 4 4 5
2 18 1 0 0 0 760 3 6 6 4
2 19 1 0 0 0 760 2 2 2 6
2 20 1 0 0 0 760 3 9 9 2
2 21 1 0 0 0 760 2 4 4 9
2 22 1 1 0 0 640 1 9 9 4
2 23 1 0 0 0 760 3 5 5 9
2 24 1 1 0 0 453 1 9 9 5
2 25 1 1 0 0 514 1 5 5 9
3 1 1 0 0 0 760 1 11 11 5
3 2 1 0 0 0 760 2 6 6 11
3 3 1 0 0 0 760 3 1 1 6
3 4 1 0 0 0 760 3 5 5 1
3 5 1 0 0 0 760 3 14 14 5
3 6 1 0 0 0 760 2 8 8 14
3 7 1 0 0 0 760 3 15 15 8
3 8 1 0 0 0 760 3 5 5 15
3 9 1 1 0 0 440 1 15 15 5
3 10 1 1 0 0 459 1 5 5 15
3 11 1 0 0 0 760 3 11 11 5
3 12 1 0 0 0 760 3 1 1 11
3 13 0 0 0 1 761 2 1 1 1
3 14 1 0 0 0 760 3 4 4 1
3 15 1 0 0 0 760 2 3 3 4
3 16 1 1 0 0 513 1 4 4 3
3 17 1 1 0 0 553 1 3 3 4
3 18 1 0 0 0 760 2 8 8 3
3 19 0 0 1 0 760 1 3 3 8
3 20 1 0 0 0 760 3 2 2 3
3 21 1 0 0 0 760 3 12 12 2
3 22 1 0 0 0 760 2 3 3 12
3 23 0 0 1 0 760 1 12 12 3
3 24 1 1 0 0 594 1 3 3 12
3 25 1 0 0 0 760 2 11 11 3
