1 1 1 0 0 0 760 3 6 6 0
1 2 1 0 0 0 760 2 13 13 6
1 3 1 0 0 0 760 2 8 8 13
1 4 1 0 0 0 760 2 11 11 8
1 5 1 0 0 0 760 2 14 14 11
1 6 1 0 0 0 760 2 10 10 14
1 7 1 0 0 0 760 3 12 12 10
1 8 1 0 0 0 760 2 6 6 12
1 9 1 0 0 0 760 3 15 15 6
1 10 0 0 1 0 760 1 6 6 15
1 11 1 0 0 0 760 2 7 7 6
1 12 1 0 0 0 760 3 12 12 7
1 13 1 0 0 0 760 2 10 10 12
1 14 1 0 0 0 760 2 14 14 10
1 15 1 0 0 0 760 2 11 11 14
1 16 1 0 0 0 760 2 8 8 11
1 17 1 0 0 0 760 2 13 13 8
1 18 1 0 0 0 760 2 10 10 13
1 19 0 0 1 0 760 1 13 13 10
1 20 0 0 1 0 760 1 10 10 13
1 21 1 1 0 0 734 1 13 13 10
1 22 1 0 0 0 760 2 8 8 13
1 23 0 0 1 0 760 1 13 13 8
1 24 1 1 0 0 724 1 8 8 13
1 25 1 0 0 0 760 2 7 7 8
2 1 1 0 0 0 760 1 1 1 7
2 2 1 0 0 0 760 1 3 3 1
2 3 1 1 0 0 526 1 1 1 3
2 4 1 0 0 0 760 2 14 14 1
2 5 1 0 0 0 760 3 15 15 14
2 6 0 0 0 1 700 2 1 1 15
2 7 1 1 0 0 663 1 15 15 1
2 8 0 0 1 0 760 1 1 1 15
2 9 1 1 0 0 718 1 15 15 1
2 10 1 1 0 0 549 1 1 1 15
2 11 0 0 1 0 760 1 15 15 1
2 12 1 0 0 0 760 2 13 13 15
2 13 1 0 0 0 760 3 10 10 13
2 14 1 0 0 0 760 2 5 5 10
2 15 1 0 0 0 760 2 7 7 5
2 16 1 0 0 0 760 3 8 8 7
2 17 0 0 1 0 760 1 7 7 8
2 18 1 0 0 0 760 3 15 15 7
2 19 1 0 0 0 760 2 4 4 15
2 20 1 0 0 0 760 2 9 9 4
2 21 1 0 0 0 760 3 6 6 9
2 22 1 1 0 0 661 1 9 9 6
2 23 1 1 0 0 763 1 6 6 9
2 24 1 0 0 0 760 2 1 1 6
2 25 1 0 0 0 760 2 12 12 1
3 1 1 0 0 0 760 2 11 11 12
3 2 1 0 0 0 760 3 10 10 11
3 3 1 0 0 0 760 3 3 3 10
3 4 1 0 0 0 760 2 14 14 3
3 5 1 0 0 0 760 3 11 11 14
3 6 1 0 0 0 760 3 7 7 11
3 7 1 0 0 0 760 2 13 13 7
3 8 1 0 0 0 760 3 4 4 13
3 9 1 0 0 0 760 2 11 11 4
3 10 1 0 0 0 760 3 12 12 11
3 11 1 0 0 0 760 2 10 10 12
3 12 1 0 0 0 760 3 8 8 10
3 13 1 0 0 0 760 2 1 1 8
3 14 0 0 1 0 760 1 8 8 1
3 15 1 0 0 0 760 2 14 14 8
3 16 1 0 0 0 760 2 13 13 14
3 17 1 0 0 0 760 3 2 2 13
3 18 1 0 0 0 760 3 7 7 2
3 19 1 0 0 0 760 3 8 8 7
3 20 1 0 0 0 760 2 10 10 8
3 21 1 0 0 0 760 3 11 11 10
3 22 1 0 0 0 760 2 5 5 11
3 23 1 0 0 0 760 2 14 14 5
3 24 1 0 0 0 760 2 9 9 14
3 25 1 0 0 0 760 3 15 15 9
