1 1 1 0 0 0 760 2 15 15 0
1 2 1 0 0 0 760 1 10 10 15
1 3 1 0 0 0 760 2 8 8 10
1 4 1 0 0 0 760 3 8 8 8
1 5 1 0 0 0 760 2 4 4 8
1 6 0 0 1 0 760 1 8 8 4
1 7 1 0 0 0 760 3 11 11 8
1 8 1 0 0 0 760 2 1 1 11
1 9 1 0 0 0 760 3 6 6 1
1 10 0 0 1 0 760 1 1 1 6
1 11 1 0 0 0 760 3 13 13 1
1 12 1 0 0 0 760 3 8 8 13
1 13 1 0 0 0 760 2 8 8 8
1 14 1 0 0 0 760 2 11 11 8
1 15 1 0 0 0 760 3 7 7 11
1 16 0 0 1 0 760 1 11 11 7
1 17 1 0 0 0 760 3 8 8 11
1 18 1 0 0 0 760 2 3 3 8
1 19 1 0 0 0 760 2 2 2 3
1 20 1 0 0 0 760 2 5 5 2
1 21 0 0 1 0 760 1 2 2 5
1 22 1 0 0 0 760 2 15 15 2
1 23 0 0 1 0 760 1 2 2 15
1 24 1 0 0 0 760 2 12 12 2
1 25 0 0 1 0 760 1 2 2 12
2 1 1 0 0 0 760 1 3 3 2
2 2 1 0 0 0 760 1 4 4 3
2 3 1 0 0 0 760 2 7 7 4
2 4 0 0 1 0 760 1 4 4 7
2 5 1 0 0 0 760 2 1 1 4
2 6 1 0 0 0 760 2 7 7 1
2 7 1 0 0 0 760 2 11 11 7
2 8 1 0 0 0 760 3 6 6 11
2 9 1 1 0 0 745 1 11 11 6
2 10 1 0 0 0 760 2 1 1 11
2 11 0 0 1 0 760 1 11 11 1
2 12 1 0 0 0 760 2 10 10 11
2 13 0 0 1 0 760 1 11 11 10
2 14 0 0 1 0 760 1 10 10 11
2 15 0 0 1 0 760 1 11 11 10
2 16 1 0 0 0 760 3 3 3 11
2 17 1 0 0 0 760 3 2 2 3
2 18 1 0 0 0 760 2 12 12 2
2 19 1 0 0 0 760 3 3 3 12
2 20 1 1 0 0 674 1 12 12 3
2 21 1 0 0 0 760 2 5 5 12
2 22 0 0 1 0 760 1 12 12 5
2 23 0 0 1 0 760 1 5 5 12
2 24 1 0 0 0 760 3 14 14 5
2 25 1 0 0 0 760 3 4 4 14
3 1 1 0 0 0 760 1 7 7 4
3 2 1 0 0 0 760 2 13 13 7
3 3 1 0 0 0 760 3 1 1 13
3 4 1 0 0 0 760 3 3 3 1
3 5 1 1 0 0 599 1 1 1 3
3 6 1 0 0 0 760 3 5 5 1
3 7 0 0 1 0 760 1 1 1 5
3 8 0 0 1 0 760 1 5 5 1
3 9 0 0 1 0 760 1 1 1 5
3 10 1 0 0 0 760 2 13 13 1
3 11 1 0 0 0 760 2 7 7 13
3 12 1 1 0 0 541 1 13 13 7
3 13 0 0 1 0 760 1 7 7 13
3 14 1 1 0 0 682 1 13 13 7
3 15 1 1 0 0 584 1 7 7 13
3 16 1 0 0 0 760 3 1 1 7
3 17 1 1 0 0 465 1 7 7 1
3 18 1 0 0 0 760 3 8 8 7
3 19 1 0 0 0 760 2 15 15 8
3 20 1 1 0 0 526 1 8 8 15
3 21 1 0 0 0 760 3 4 4 8
3 22 1 1 0 0 515 1 8 8 4
3 23 1 1 0 0 630 1 4 4 8
3 24 1 0 0 0 760 2 1 1 4
3 25 1 0 0 0 760 3 15 15 1
