1 1 1 0 0 0 760 1 10 10 0
1 2 1 0 0 0 760 3 7 7 10
1 3 1 0 0 0 760 3 15 15 7
1 4 1 0 0 0 760 2 14 14 15
1 5 1 1 0 0 736 1 15 15 14
1 6 0 0 1 0 760 1 14 14 15
1 7 1 0 0 0 760 2 9 9 14
1 8 1 0 0 0 760 3 4 4 9
1 9 1 0 0 0 760 2 8 8 4
1 10 1 0 0 0 760 2 12 12 8
1 11 1 0 0 0 760 3 15 15 12
1 12 1 0 0 0 760 2 5 5 15
1 13 1 0 0 0 760 2 13 13 5
1 14 1 0 0 0 760 2 14 14 13
1 15 1 0 0 0 760 3 1 1 14
1 16 1 0 0 0 760 3 4 4 1
1 17 1 0 0 0 760 3 9 9 4
1 18 1 0 0 0 760 2 2 2 9
1 19 0 0 1 0 33 1 9 9 2
1 20 1 1 0 0 715 1 2 2 9
1 21 1 0 0 0 760 2 2 2 2
1 22 1 0 0 0 760 2 8 8 2
1 23 1 0 0 0 760 3 12 12 8
1 24 1 1 0 0 670 1 8 8 12
1 25 1 0 0 0 760 2 5 5 8
2 1 1 0 0 0 760 2 6 6 5
2 2 1 0 0 0 760 1 3 3 6
2 3 0 0 0 1 421 3 4 4 3
2 4 1 0 0 0 760 3 7 7 4
2 5 1 0 0 0 760 2 2 2 7
2 6 1 0 0 0 760 3 4 4 2
2 7 0 0 1 0 760 1 2 2 4
2 8 1 0 0 0 760 3 12 12 2
2 9 1 0 0 0 760 2 6 6 12
2 10 0 0 1 0 760 1 12 12 6
2 11 1 0 0 0 760 3 10 10 12
2 12 1 0 0 0 760 3 9 9 10
2 13 1 1 0 0 735 1 10 10 9
2 14 1 0 0 0 760 2 3 3 10
2 15 1 0 0 0 760 3 13 13 3
2 16 1 0 0 0 760 2 1 1 13
2 17 0 0 1 0 760 1 13 13 1
2 18 1 0 0 0 760 3 12 12 13
2 19 1 0 0 0 760 2 14 14 12
2 20 1 0 0 0 760 2 13 13 14
2 21 0 0 1 0 760 1 14 14 13
2 22 0 0 1 0 760 1 13 13 14
2 23 1 1 0 0 749 1 14 14 13
2 24 1 0 0 0 760 2 10 10 14
2 25 0 0 1 0 760 1 14 14 10
3 1 1 0 0 0 760 1 1 1 14
3 2 1 0 0 0 760 2 10 10 1
3 3 1 0 0 0 760 2 6 6 10
3 4 1 0 0 0 760 2 12 12 6
3 5 1 1 0 0 636 1 6 6 12
3 6 0 0 1 0 760 1 12 12 6
3 7 1 0 0 0 760 3 1 1 12
3 8 0 0 1 0 760 1 12 12 1
3 9 1 0 0 0 760 2 2 2 12
3 10 1 0 0 0 760 3 6 6 2
3 11 1 0 0 0 760 3 12 12 6
3 12 0 0 1 0 760 1 6 6 12
3 13 1 1 0 0 503 1 12 12 6
3 14 1 0 0 0 760 3 2 2 12
3 15 1 0 0 0 760 2 6 6 2
3 16 1 0 0 0 760 2 5 5 6
3 17 1 0 0 0 760 2 3 3 5
3 18 1 0 0 0 760 2 15 15 3
3 19 1 0 0 0 760 3 13 13 15
3 20 1 0 0 0 760 2 7 7 13
3 21 1 0 0 0 760 2 15 15 7
3 22 1 1 0 0 697 1 7 7 15
3 23 0 0 1 0 760 1 15 15 7
3 24 1 0 0 0 760 3 1 1 15
3 25 1 1 0 0 718 1 15 15 1
