1 1 1 0 0 0 760 1 14 14 0
1 2 1 0 0 0 760 2 1 1 14
1 3 0 0 0 1 580 3 13 13 1
1 4 0 0 1 0 760 1 1 1 13
1 5 1 1 0 0 266 1 13 13 1
1 6 0 0 1 0 760 1 1 1 13
1 7 0 0 1 0 760 1 13 13 1
1 8 1 0 0 0 760 3 10 10 13
1 9 1 1 0 0 721 1 13 13 10
1 10 0 0 0 1 647 2 8 8 13
1 11 1 0 0 0 760 3 3 3 8
1 12 1 0 0 0 760 3 9 9 3
1 13 1 0 0 0 760 3 15 15 9
1 14 1 0 0 0 760 2 10 10 15
1 15 0 0 1 0 760 1 15 15 10
1 16 1 0 0 0 760 3 13 13 15
1 17 1 0 0 0 760 3 4 4 13
1 18 1 0 0 0 760 2 6 6 4
1 19 0 0 1 0 760 1 4 4 6
1 20 1 0 0 0 760 3 10 10 4
1 21 1 0 0 0 760 3 7 7 10
1 22 1 0 0 0 760 2 12 12 7
1 23 1 0 0 0 760 3 8 8 12
1 24 1 0 0 0 760 3 9 9 8
1 25 0 0 1 0 760 1 8 8 9
2 1 1 0 0 0 760 2 7 7 8
2 2 1 0 0 0 760 1 15 15 7
2 3 1 0 0 0 760 2 6 6 15
2 4 1 0 0 0 760 3 10 10 6
2 5 0 0 0 1 721 2 10 10 10
2 6 0 0 1 0 760 1 10 10 10
2 7 0 0 1 0 760 1 10 10 10
2 8 0 0 1 0 760 1 10 10 10
2 9 0 0 1 0 760 1 10 10 10
2 10 1 0 0 0 760 2 15 15 10
2 11 1 0 0 0 760 2 13 13 15
2 12 1 0 0 0 760 2 3 3 13
2 13 1 0 0 0 760 2 9 9 3
2 14 1 0 0 0 760 3 2 2 9
2 15 1 1 0 0 739 1 9 9 2
2 16 0 0 1 0 760 1 2 2 9
2 17 1 0 0 0 760 3 5 5 2
2 18 1 1 0 0 707 1 2 2 5
2 19 0 0 1 0 760 1 5 5 2
2 20 1 0 0 0 760 3 12 12 5
2 21 1 0 0 0 760 2 14 14 12
2 22 1 1 0 0 747 1 12 12 14
2 23 1 0 0 0 760 3 13 13 12
2 24 1 0 0 0 760 3 6 6 13
2 25 1 1 0 0 672 1 13 13 6
3 1 1 0 0 0 760 1 11 11 13
3 2 1 0 0 0 760 3 15 15 11
3 3 1 0 0 0 760 3 8 8 15
3 4 1 0 0 0 760 3 1 1 8
3 5 1 0 0 0 760 3 1 1 1
3 6 1 0 0 0 760 2 10 10 1
3 7 1 0 0 0 760 2 5 5 10
3 8 1 1 0 0 733 1 10 10 5
3 9 1 0 0 0 760 2 9 9 10
3 10 1 0 0 0 760 3 13 13 9
3 11 1 0 0 0 760 3 2 2 13
3 12 1 0 0 0 760 3 15 15 2
3 13 1 0 0 0 760 3 1 1 15
3 14 1 0 0 0 760 2 7 7 1
3 15 1 0 0 0 760 3 5 5 7
3 16 1 0 0 0 760 2 3 3 5
3 17 1 0 0 0 760 2 11 11 3
3 18 1 0 0 0 760 2 4 4 11
3 19 1 0 0 0 760 3 7 7 4
3 20 1 0 0 0 760 2 15 15 7
3 21 1 0 0 0 760 2 3 3 15
3 22 1 1 0 0 558 1 15 15 3
3 23 1 0 0 0 760 2 5 5 15
3 24 1 0 0 0 760 2 12 12 5
3 25 0 0 1 0 760 1 5 5 12
