1 1 1 0 0 0 760 3 11 11 0
1 2 1 0 0 0 760 2 9 9 11
1 3 1 0 0 0 760 3 14 14 9
1 4 1 0 0 0 760 3 11 11 14
1 5 1 0 0 0 760 2 8 8 11
1 6 1 0 0 0 760 2 2 2 8
1 7 1 0 0 0 760 3 13 13 2
1 8 1 0 0 0 760 2 7 7 13
1 9 1 0 0 0 760 3 15 15 7
1 10 1 0 0 0 760 2 2 2 15
1 11 1 1 0 0 708 1 15 15 2
1 12 1 0 0 0 760 2 15 15 15
1 13 1 1 0 0 599 1 15 15 15
1 14 1 1 0 0 674 1 15 15 15
1 15 1 0 0 0 760 3 3 3 15
1 16 1 0 0 0 760 3 13 13 3
1 17 1 0 0 0 760 3 2 2 13
1 18 1 0 0 0 760 3 8 8 2
1 19 0 0 1 0 760 1 2 2 8
1 20 1 0 0 0 760 2 13 13 2
1 21 1 0 0 0 760 2 10 10 13
1 22 0 0 1 0 760 1 13 13 10
1 23 1 0 0 0 760 3 7 7 13
1 24 0 0 1 0 760 1 13 13 7
1 25 1 0 0 0 760 2 4 4 13
2 1 1 0 0 0 760 1 11 11 4
2 2 1 0 0 0 760 2 5 5 11
2 3 1 0 0 0 760 2 7 7 5
2 4 0 0 1 0 760 1 5 5 7
2 5 0 0 1 0 760 1 7 7 5
2 6 1 0 0 0 760 3 9 9 7
2 7 1 0 0 0 760 3 3 3 9
2 8 0 0 0 1 580 3 11 11 3
2 9 0 0 1 0 760 1 3 3 11
2 10 1 0 0 0 760 3 7 7 3
2 11 1 1 0 0 722 1 3 3 7
2 12 1 0 0 0 760 2 15 15 3
2 13 1 0 0 0 760 2 13 13 15
2 14 1 0 0 0 760 2 2 2 13
2 15 0 0 1 0 760 1 13 13 2
2 16 1 0 0 0 760 3 9 9 13
2 17 0 0 1 0 760 1 13 13 9
2 18 1 0 0 0 760 3 8 8 13
2 19 1 0 0 0 760 3 12 12 8
2 20 0 0 1 0 760 1 8 8 12
2 21 1 0 0 0 760 3 9 9 8
2 22 0 0 1 0 760 1 8 8 9
2 23 0 0 1 0 760 1 9 9 8
2 24 1 0 0 0 760 2 15 15 9
2 25 1 0 0 0 760 3 11 11 15
3 1 1 0 0 0 760 3 14 14 11
3 2 1 0 0 0 760 2 1 1 14
3 3 1 0 0 0 760 3 13 13 1
3 4 1 0 0 0 760 2 5 5 13
3 5 1 0 0 0 760 2 8 8 5
3 6 1 0 0 0 760 3 3 3 8
3 7 1 0 0 0 760 2 9 9 3
3 8 1 1 0 0 744 1 3 3 9
3 9 1 0 0 0 760 3 15 15 3
3 10 1 0 0 0 760 3 14 14 15
3 11 0 0 1 0 760 1 15 15 14
3 12 1 0 0 0 760 2 7 7 15
3 13 1 0 0 0 760 3 14 14 7
3 14 1 0 0 0 760 2 3 3 14
3 15 0 0 1 0 760 1 14 14 3
3 16 0 0 1 0 760 1 3 3 14
3 17 1 0 0 0 760 2 3 3 3
3 18 1 0 0 0 760 3 11 11 3
3 19 1 0 0 0 760 3 6 6 11
3 20 1 0 0 0 760 2 9 9 6
3 21 0 0 1 0 760 1 6 6 9
3 22 0 0 1 0 760 1 9 9 6
3 23 0 0 0 1 692 2 11 11 9
3 24 1 0 0 0 760 3 11 11 11
3 25 0 0 1 0 760 1 11 11 11
