1 1 1 0 0 0 760 3 6 6 0
1 2 1 0 0 0 760 2 9 9 6
1 3 1 0 0 0 760 2 8 8 9
1 4 1 0 0 0 760 2 15 15 8
1 5 1 0 0 0 760 2 13 13 15
1 6 1 0 0 0 760 2 12 12 13
1 7 1 0 0 0 760 2 11 11 12
1 8 1 0 0 0 760 3 5 5 11
1 9 1 0 0 0 760 3 13 13 5
1 10 0 0 1 0 760 1 5 5 13
1 11 0 0 1 0 760 1 13 13 5
1 12 0 0 1 0 760 1 5 5 13
1 13 1 0 0 0 760 3 11 11 5
1 14 0 0 1 0 760 1 5 5 11
1 15 0 0 0 1 720 2 3 3 5
1 16 0 0 1 0 760 1 5 5 3
1 17 1 1 0 0 666 1 3 3 5
1 18 0 0 0 1 675 2 9 9 3
1 19 1 1 0 0 743 1 3 3 9
1 20 1 0 0 0 760 2 12 12 3
1 21 1 0 0 0 760 3 6 6 12
1 22 1 0 0 0 760 3 3 3 6
1 23 1 0 0 0 760 3 3 3 3
1 24 1 0 0 0 760 2 2 2 3
1 25 1 0 0 0 760 3 6 6 2
2 1 1 0 0 0 760 3 7 7 6
2 2 1 0 0 0 760 2 10 10 7
2 3 1 0 0 0 760 2 2 2 10
2 4 1 0 0 0 760 3 14 14 2
2 5 1 0 0 0 760 3 9 9 14
2 6 0 0 1 0 760 1 14 14 9
2 7 1 0 0 0 760 2 2 2 14
2 8 1 1 0 0 614 1 14 14 2
2 9 1 1 0 0 498 1 2 2 14
2 10 1 0 0 0 760 3 4 4 2
2 11 1 0 0 0 760 2 6 6 4
2 12 1 0 0 0 760 2 5 5 6
2 13 1 0 0 0 760 3 9 9 5
2 14 1 0 0 0 760 3 7 7 9
2 15 0 0 1 0 760 1 9 9 7
2 16 1 0 0 0 760 3 11 11 9
2 17 1 0 0 0 760 2 12 12 11
2 18 1 0 0 0 760 2 10 10 12
2 19 1 0 0 0 760 2 2 2 10
2 20 0 0 0 1 585 3 12 12 2
2 21 0 0 1 0 760 1 2 2 12
2 22 1 0 0 0 760 3 13 13 2
2 23 1 0 0 0 760 2 12 12 13
2 24 1 0 0 0 760 3 2 2 12
2 25 1 0 0 0 760 2 7 7 2
3 1 1 0 0 0 760 1 3 3 7
3 2 1 0 0 0 760 3 12 12 3
3 3 1 0 0 0 760 3 12 12 12
3 4 0 0 1 0 760 1 12 12 12
3 5 1 0 0 0 760 3 4 4 12
3 6 1 0 0 0 760 3 9 9 4
3 7 1 0 0 0 760 3 15 15 9
3 8 1 0 0 0 760 2 14 14 15
3 9 0 0 1 0 760 1 15 15 14
3 10 0 0 1 0 760 1 14 14 15
3 11 0 0 1 0 760 1 15 15 14
3 12 1 0 0 0 760 3 9 9 15
3 13 1 0 0 0 760 3 11 11 9
3 14 1 0 0 0 760 3 12 12 11
3 15 1 0 0 0 760 2 8 8 12
3 16 0 0 1 0 760 1 12 12 8
3 17 1 0 0 0 760 3 4 4 12
3 18 1 0 0 0 760 3 2 2 4
3 19 0 0 1 0 760 1 4 4 2
3 20 1 1 0 0 573 1 2 2 4
3 21 1 0 0 0 760 3 12 12 2
3 22 0 0 1 0 760 1 2 2 12
3 23 1 0 0 0 760 2 7 7 2
3 24 0 0 1 0 760 1 2 2 7
3 25 0 0 1 0 760 1 7 7 2
