1 1 1 0 0 0 760 1 12 12 0
1 2 1 0 0 0 760 1 5 5 12
1 3 1 0 0 0 760 2 7 7 5
1 4 1 0 0 0 760 2 6 6 7
1 5 0 0 1 0 228 1 7 7 6
1 6 1 0 0 0 760 2 3 3 7
1 7 1 0 0 0 760 3 8 8 3
1 8 1 0 0 0 760 2 2 2 8
1 9 1 1 0 0 696 1 8 8 2
1 10 1 0 0 0 760 3 14 14 8
1 11 1 0 0 0 760 2 5 5 14
1 12 1 0 0 0 760 3 7 7 5
1 13 1 1 0 0 705 1 5 5 7
1 14 1 0 0 0 760 2 1 1 5
1 15 1 0 0 0 760 2 15 15 1
1 16 1 0 0 0 760 3 5 5 15
1 17 1 0 0 0 760 2 1 1 5
1 18 0 0 1 0 760 1 5 5 1
1 19 1 0 0 0 760 3 14 14 5
1 20 1 0 0 0 760 2 7 7 14
1 21 1 1 0 0 728 1 14 14 7
1 22 1 1 0 0 744 1 7 7 14
1 23 0 0 1 0 760 1 14 14 7
1 24 0 0 0 1 578 3 12 12 14
1 25 1 0 0 0 760 3 4 4 12
2 1 1 0 0 0 760 1 15 15 4
2 2 1 0 0 0 760 3 8 8 15
2 3 1 0 0 0 760 2 10 10 8
2 4 1 0 0 0 760 3 7 7 10
2 5 1 1 0 0 735 1 10 10 7
2 6 1 0 0 0 760 3 13 13 10
2 7 1 0 0 0 760 3 9 9 13
2 8 0 0 1 0 760 1 13 13 9
2 9 1 0 0 0 760 3 13 13 13
2 10 1 1 0 0 544 1 13 13 13
2 11 0 0 1 0 760 1 13 13 13
2 12 1 0 0 0 760 2 4 4 13
2 13 1 0 0 0 760 2 10 10 4
2 14 1 0 0 0 760 2 1 1 10
2 15 1 0 0 0 760 3 4 4 1
2 16 0 0 0 1 79 2 2 2 4
2 17 1 0 0 0 760 3 14 14 2
2 18 1 0 0 0 760 3 8 8 14
2 19 0 0 1 0 760 1 14 14 8
2 20 1 0 0 0 760 2 13 13 14
2 21 0 0 1 0 760 1 14 14 13
2 22 0 0 1 0 760 1 13 13 14
2 23 0 0 1 0 760 1 14 14 13
2 24 0 0 1 0 760 1 13 13 14
2 25 0 0 1 0 760 1 14 14 13
3 1 1 0 0 0 760 3 1 1 14
3 2 1 0 0 0 760 2 9 9 1
3 3 1 0 0 0 760 3 14 14 9
3 4 1 0 0 0 760 2 14 14 14
3 5 1 0 0 0 760 3 6 6 14
3 6 1 0 0 0 760 3 7 7 6
3 7 1 0 0 0 760 3 8 8 7
3 8 1 0 0 0 760 2 15 15 8
3 9 1 0 0 0 760 2 10 10 15
3 10 0 0 1 0 760 1 15 15 10
3 11 1 0 0 0 760 3 7 7 15
3 12 1 0 0 0 760 3 1 1 7
3 13 1 0 0 0 760 2 6 6 1
3 14 1 0 0 0 760 2 12 12 6
3 15 1 0 0 0 760 3 2 2 12
3 16 1 1 0 0 620 1 12 12 2
3 17 0 0 1 0 760 1 2 2 12
3 18 1 0 0 0 760 2 9 9 2
3 19 1 0 0 0 760 3 13 13 9
3 20 1 0 0 0 760 2 15 15 13
3 21 1 0 0 0 760 2 5 5 15
3 22 0 0 1 0 760 1 15 15 5
3 23 1 0 0 0 760 2 4 4 15
3 24 1 0 0 0 760 2 9 9 4
3 25 1 0 0 0 760 2 10 10 9
