1 1 1 0 0 0 760 3 15 15 0
1 2 1 0 0 0 760 1 8 8 15
1 3 1 0 0 0 760 2 4 4 8
1 4 1 0 0 0 760 3 2 2 4
1 5 1 0 0 0 760 3 1 1 2
1 6 1 0 0 0 760 3 6 6 1
1 7 1 0 0 0 760 3 5 5 6
1 8 0 0 0 1 676 3 5 5 5
1 9 1 0 0 0 760 2 3 3 5
1 10 1 0 0 0 760 3 7 7 3
1 11 1 1 0 0 659 1 3 3 7
1 12 1 0 0 0 760 2 13 13 3
1 13 1 0 0 0 760 2 8 8 13
1 14 1 0 0 0 760 2 8 8 8
1 15 1 0 0 0 760 2 14 14 8
1 16 1 0 0 0 760 3 1 1 14
1 17 1 0 0 0 760 3 8 8 1
1 18 1 0 0 0 760 3 13 13 8
1 19 1 1 0 0 548 1 8 8 13
1 20 1 0 0 0 760 3 1 1 8
1 21 1 0 0 0 760 2 5 5 1
1 22 0 0 1 0 760 1 1 1 5
1 23 1 0 0 0 760 2 1 1 1
1 24 0 0 1 0 760 1 1 1 1
1 25 1 0 0 0 760 3 6 6 1
2 1 1 0 0 0 760 1 5 5 6
2 2 1 0 0 0 760 2 1 1 5
2 3 1 0 0 0 760 2 13 13 1
2 4 1 0 0 0 760 2 13 13 13
2 5 1 1 0 0 671 1 13 13 13
2 6 1 0 0 0 760 3 10 10 13
2 7 1 1 0 0 586 1 13 13 10
2 8 1 0 0 0 760 3 1 1 13
2 9 1 0 0 0 760 2 2 2 1
2 10 1 0 0 0 760 2 15 15 2
2 11 0 0 1 0 760 1 2 2 15
2 12 1 0 0 0 760 2 14 14 2
2 13 1 0 0 0 760 2 11 11 14
2 14 1 0 0 0 760 2 5 5 11
2 15 1 0 0 0 760 3 9 9 5
2 16 1 1 0 0 690 1 5 5 9
2 17 1 0 0 0 760 3 6 6 5
2 18 1 1 0 0 731 1 5 5 6
2 19 1 0 0 0 760 2 7 7 5
2 20 1 0 0 0 760 2 15 15 7
2 21 0 0 0 1 18 2 13 13 15
2 22 0 0 1 0 760 1 15 15 13
2 23 1 0 0 0 760 2 12 12 15
2 24 1 0 0 0 760 2 5 5 12
2 25 1 1 0 0 638 1 12 12 5
3 1 1 0 0 0 760 3 15 15 12
3 2 1 0 0 0 760 3 14 14 15
3 3 1 0 0 0 760 3 14 14 14
3 4 1 0 0 0 760 3 2 2 14
3 5 1 1 0 0 597 1 14 14 2
3 6 1 0 0 0 760 2 10 10 14
3 7 1 0 0 0 760 3 15 15 10
3 8 1 1 0 0 612 1 10 10 15
3 9 0 0 1 0 760 1 15 15 10
3 10 1 0 0 0 760 2 11 11 15
3 11 1 1 0 0 676 1 15 15 11
3 12 1 0 0 0 760 3 7 7 15
3 13 1 0 0 0 760 3 11 11 7
3 14 1 0 0 0 760 2 10 10 11
3 15 1 0 0 0 760 3 13 13 10
3 16 1 0 0 0 760 2 5 5 13
3 17 0 0 0 1 707 3 10 10 5
3 18 1 0 0 0 760 2 15 15 10
3 19 0 0 0 1 651 3 15 15 15
3 20 1 0 0 0 760 3 13 13 15
3 21 1 0 0 0 760 2 7 7 13
3 22 1 0 0 0 760 3 6 6 7
3 23 0 0 0 1 676 3 5 5 6
3 24 1 0 0 0 760 2 3 3 5
3 25 1 1 0 0 597 1 5 5 3
