1 1 1 0 0 0 760 1 5 5 0
1 2 1 0 0 0 760 3 9 9 5
1 3 1 1 0 0 725 1 5 5 9
1 4 1 0 0 0 760 2 14 14 5
1 5 1 1 0 0 701 1 5 5 14
1 6 1 0 0 0 760 2 9 9 5
1 7 1 0 0 0 760 3 11 11 9
1 8 1 0 0 0 760 2 12 12 11
1 9 1 0 0 0 760 3 9 9 12
1 10 1 0 0 0 760 2 4 4 9
1 11 1 0 0 0 760 3 2 2 4
1 12 1 0 0 0 760 2 6 6 2
1 13 1 0 0 0 760 3 13 13 6
1 14 1 1 0 0 684 1 6 6 13
1 15 1 0 0 0 760 2 10 10 6
1 16 1 0 0 0 760 2 4 4 10
1 17 1 0 0 0 760 2 12 12 4
1 18 1 0 0 0 760 2 7 7 12
1 19 0 0 1 0 760 1 12 12 7
1 20 1 0 0 0 760 2 6 6 12
1 21 0 0 1 0 760 1 12 12 6
1 22 1 0 0 0 760 3 10 10 12
1 23 1 1 0 0 595 1 12 12 10
1 24 1 0 0 0 760 2 8 8 12
1 25 1 0 0 0 760 2 5 5 8
2 1 1 0 0 0 760 2 5 5 5
2 2 1 0 0 0 760 3 1 1 5
2 3 1 0 0 0 760 3 9 9 1
2 4 1 0 0 0 760 3 11 11 9
2 5 0 0 1 0 760 1 9 9 11
2 6 1 0 0 0 760 2 14 14 9
2 7 1 0 0 0 760 3 2 2 14
2 8 1 0 0 0 760 3 4 4 2
2 9 1 0 0 0 760 3 7 7 4
2 10 1 0 0 0 760 3 5 5 7
2 11 1 0 0 0 760 2 4 4 5
2 12 0 0 1 0 760 1 5 5 4
2 13 0 0 1 0 760 1 4 4 5
2 14 1 0 0 0 760 3 13 13 4
2 15 1 0 0 0 760 2 12 12 13
2 16 1 0 0 0 760 2 10 10 12
2 17 1 0 0 0 760 3 7 7 10
2 18 0 0 1 0 760 1 10 10 7
2 19 1 1 0 0 591 1 7 7 10
2 20 0 0 1 0 760 1 10 10 7
2 21 0 0 0 1 708 3 10 10 10
2 22 1 0 0 0 760 2 4 4 10
2 23 1 0 0 0 760 2 14 14 4
2 24 0 0 1 0 760 1 4 4 14
2 25 1 0 0 0 760 2 12 12 4
3 1 1 0 0 0 760 2 9 9 12
3 2 1 0 0 0 760 2 13 13 9
3 3 1 0 0 0 760 2 8 8 13
3 4 1 0 0 0 760 3 6 6 8
3 5 1 1 0 0 594 1 8 8 6
3 6 0 0 1 0 760 1 6 6 8
3 7 1 0 0 0 760 3 5 5 6
3 8 1 0 0 0 760 2 7 7 5
3 9 0 0 1 0 760 1 5 5 7
3 10 1 0 0 0 760 3 5 5 5
3 11 0 0 1 0 760 1 5 5 5
3 12 1 0 0 0 760 2 8 8 5
3 13 0 0 1 0 760 1 5 5 8
3 14 1 0 0 0 760 2 13 13 5
3 15 0 0 1 0 760 1 5 5 13
3 16 1 0 0 0 760 3 6 6 5
3 17 1 1 0 0 756 1 5 5 6
3 18 1 0 0 0 760 3 10 10 5
3 19 1 1 0 0 667 1 5 5 10
3 20 1 1 0 0 526 1 10 10 5
3 21 1 0 0 0 760 3 14 14 10
3 22 1 0 0 0 760 3 6 6 14
3 23 1 0 0 0 760 2 11 11 6
3 24 1 0 0 0 760 2 12 12 11
3 25 1 0 0 0 760 3 3 3 12
