1 1 1 0 0 0 760 2 12 12 0
1 2 1 0 0 0 760 1 5 5 12
1 3 1 0 0 0 760 3 11 11 5
1 4 1 0 0 0 760 2 13 13 11
1 5 0 0 1 0 760 1 11 11 13
1 6 1 0 0 0 760 3 6 6 11
1 7 1 0 0 0 760 3 2 2 6
1 8 0 0 1 0 760 1 6 6 2
1 9 1 0 0 0 760 3 4 4 6
1 10 0 0 1 0 760 1 6 6 4
1 11 1 0 0 0 760 2 7 7 6
1 12 1 0 0 0 760 2 15 15 7
1 13 1 0 0 0 760 3 11 11 15
1 14 0 0 1 0 760 1 15 15 11
1 15 0 0 0 1 709 3 2 2 15
1 16 0 0 1 0 760 1 15 15 2
1 17 0 0 1 0 760 1 2 2 15
1 18 1 0 0 0 760 3 13 13 2
1 19 1 0 0 0 760 2 7 7 13
1 20 1 0 0 0 760 2 5 5 7
1 21 1 0 0 0 760 2 6 6 5
1 22 0 0 1 0 760 1 5 5 6
1 23 1 1 0 0 561 1 6 6 5
1 24 0 0 0 1 613 3 2 2 6
1 25 0 0 0 1 703 2 15 15 2
2 1 1 0 0 0 760 1 12 12 15
2 2 1 0 0 0 760 2 7 7 12
2 3 1 0 0 0 760 2 13 13 7
2 4 1 0 0 0 760 3 2 2 13
2 5 1 0 0 0 760 3 4 4 2
2 6 1 0 0 0 760 3 9 9 4
2 7 1 0 0 0 760 2 7 7 9
2 8 1 0 0 0 760 2 14 14 7
2 9 1 0 0 0 760 2 4 4 14
2 10 1 1 0 0 668 1 14 14 4
2 11 1 0 0 0 760 3 8 8 14
2 12 1 0 0 0 760 3 6 6 8
2 13 1 1 0 0 691 1 8 8 6
2 14 1 0 0 0 760 3 10 10 8
2 15 0 0 1 0 760 1 8 8 10
2 16 0 0 1 0 760 1 10 10 8
2 17 1 0 0 0 760 2 14 14 10
2 18 0 0 1 0 760 1 10 10 14
2 19 1 1 0 0 698 1 14 14 10
2 20 1 0 0 0 760 3 15 15 14
2 21 1 0 0 0 760 2 12 12 15
2 22 1 0 0 0 760 2 4 4 12
2 23 1 0 0 0 760 2 5 5 4
2 24 1 0 0 0 760 3 1 1 5
2 25 1 0 0 0 760 2 8 8 1
3 1 1 0 0 0 760 2 14 14 8
3 2 1 0 0 0 760 2 10 10 14
3 3 1 0 0 0 760 2 10 10 10
3 4 0 0 1 0 760 1 10 10 10
3 5 1 0 0 0 760 3 2 2 10
3 6 1 0 0 0 760 3 15 15 2
3 7 1 0 0 0 760 3 7 7 15
3 8 0 0 1 0 760 1 15 15 7
3 9 1 0 0 0 760 2 15 15 15
3 10 1 0 0 0 760 3 14 14 15
3 11 1 1 0 0 603 1 15 15 14
3 12 1 0 0 0 760 3 9 9 15
3 13 1 0 0 0 760 2 11 11 9
3 14 1 0 0 0 760 2 12 12 11
3 15 1 0 0 0 760 3 13 13 12
3 16 1 0 0 0 760 3 13 13 13
3 17 1 0 0 0 760 2 8 8 13
3 18 1 0 0 0 760 2 6 6 8
3 19 1 0 0 0 760 3 2 2 6
3 20 1 0 0 0 760 3 10 10 2
3 21 1 0 0 0 760 3 12 12 10
3 22 1 0 0 0 760 2 4 4 12
3 23 1 0 0 0 760 3 3 3 4
3 24 1 0 0 0 760 3 1 1 3
3 25 0 0 1 0 760 1 3 3 1
