1 1 1 0 0 0 760 2 13 13 0
1 2 1 0 0 0 760 1 13 13 13
1 3 0 0 1 0 760 1 13 13 13
1 4 0 0 1 0 760 1 13 13 13
1 5 1 1 0 0 546 1 13 13 13
1 6 1 0 0 0 760 3 1 1 13
1 7 1 0 0 0 760 2 8 8 1
1 8 0 0 1 0 760 1 1 1 8
1 9 1 0 0 0 760 3 5 5 1
1 10 1 1 0 0 634 1 1 1 5
1 11 1 0 0 0 760 2 15 15 1
1 12 1 1 0 0 589 1 1 1 15
1 13 0 0 1 0 760 1 15 15 1
1 14 1 1 0 0 665 1 1 1 15
1 15 1 0 0 0 760 3 9 9 1
1 16 1 0 0 0 760 3 14 14 9
1 17 1 1 0 0 663 1 9 9 14
1 18 0 0 1 0 760 1 14 14 9
1 19 1 0 0 0 760 3 2 2 14
1 20 1 0 0 0 760 2 3 3 2
1 21 0 0 1 0 760 1 2 2 3
1 22 1 0 0 0 760 2 14 14 2
1 23 1 0 0 0 760 2 3 3 14
1 24 1 0 0 0 760 3 13 13 3
1 25 1 0 0 0 760 3 15 15 13
2 1 1 0 0 0 760 2 7 7 15
2 2 1 0 0 0 760 1 9 9 7
2 3 1 0 0 0 760 2 13 13 9
2 4 1 0 0 0 760 3 10 10 13
2 5 1 0 0 0 760 2 1 1 10
2 6 1 0 0 0 760 2 4 4 1
2 7 1 0 0 0 760 3 5 5 4
2 8 1 1 0 0 490 1 4 4 5
2 9 1 0 0 0 760 3 9 9 4
2 10 1 0 0 0 760 3 13 13 9
2 11 1 0 0 0 760 2 14 14 13
2 12 1 0 0 0 760 2 8 8 14
2 13 1 0 0 0 760 2 2 2 8
2 14 1 0 0 0 760 2 7 7 2
2 15 1 0 0 0 760 3 5 5 7
2 16 0 0 1 0 760 1 7 7 5
2 17 1 1 0 0 693 1 5 5 7
2 18 1 1 0 0 543 1 7 7 5
2 19 1 0 0 0 760 3 15 15 7
2 20 1 0 0 0 760 3 15 15 15
2 21 1 0 0 0 760 2 14 14 15
2 22 0 0 1 0 760 1 15 15 14
2 23 1 0 0 0 760 3 6 6 15
2 24 1 0 0 0 760 2 14 14 6
2 25 1 1 0 0 685 1 6 6 14
3 1 1 0 0 0 760 3 1 1 6
3 2 1 0 0 0 760 3 9 9 1
3 3 1 0 0 0 760 3 11 11 9
3 4 0 0 0 1 640 3 11 11 11
3 5 1 0 0 0 760 2 4 4 11
3 6 1 0 0 0 760 2 12 12 4
3 7 1 0 0 0 760 3 3 3 12
3 8 0 0 1 0 760 1 12 12 3
3 9 1 0 0 0 760 3 11 11 12
3 10 1 0 0 0 760 3 6 6 11
3 11 0 0 1 0 760 1 11 11 6
3 12 1 0 0 0 760 2 9 9 11
3 13 0 0 1 0 760 1 11 11 9
3 14 0 0 1 0 760 1 9 9 11
3 15 0 0 1 0 760 1 11 11 9
3 16 1 0 0 0 760 3 7 7 11
3 17 1 1 0 0 529 1 11 11 7
3 18 0 0 1 0 760 1 7 7 11
3 19 1 0 0 0 760 2 2 2 7
3 20 0 0 0 1 527 2 6 6 2
3 21 1 0 0 0 760 2 5 5 6
3 22 1 0 0 0 760 3 9 9 5
3 23 0 0 1 0 760 1 5 5 9
3 24 0 0 0 1 749 2 11 11 5
3 25 1 0 0 0 760 3 10 10 11
