1 1 1 0 0 0 760 1 11 11 0
1 2 1 0 0 0 760 2 4 4 11
1 3 1 0 0 0 760 3 9 9 4
1 4 1 1 0 0 535 1 4 4 9
1 5 1 1 0 0 510 1 9 9 4
1 6 1 1 0 0 511 1 4 4 9
1 7 1 0 0 0 760 2 3 3 4
1 8 1 0 0 0 760 2 10 10 3
1 9 1 0 0 0 760 3 6 6 10
1 10 1 0 0 0 760 3 1 1 6
1 11 1 0 0 0 760 3 14 14 1
1 12 1 1 0 0 543 1 1 1 14
1 13 1 1 0 0 690 1 14 14 1
1 14 1 1 0 0 568 1 1 1 14
1 15 1 0 0 0 760 2 7 7 1
1 16 1 0 0 0 760 3 11 11 7
1 17 1 0 0 0 760 3 15 15 11
1 18 1 1 0 0 646 1 11 11 15
1 19 1 1 0 0 569 1 15 15 11
1 20 1 0 0 0 760 2 1 1 15
1 21 1 0 0 0 760 3 4 4 1
1 22 1 0 0 0 760 2 8 8 4
1 23 1 0 0 0 760 3 1 1 8
1 24 1 0 0 0 760 3 5 5 1
1 25 1 1 0 0 484 1 1 1 5
2 1 1 0 0 0 760 3 3 3 1
2 2 1 0 0 0 760 2 15 15 3
2 3 1 1 0 0 629 1 3 3 15
2 4 1 0 0 0 760 3 5 5 3
2 5 1 0 0 0 760 3 6 6 5
2 6 1 1 0 0 618 1 5 5 6
2 7 1 1 0 0 569 1 6 6 5
2 8 1 0 0 0 760 3 10 10 6
2 9 1 0 0 0 760 3 7 7 10
2 10 1 1 0 0 534 1 10 10 7
2 11 1 1 0 0 481 1 7 7 10
2 12 1 0 0 0 760 2 7 7 7
2 13 1 0 0 0 760 2 5 5 7
2 14 1 0 0 0 760 2 12 12 5
2 15 1 0 0 0 760 3 4 4 12
2 16 1 0 0 0 760 3 9 9 4
2 17 1 1 0 0 450 1 4 4 9
2 18 1 0 0 0 760 3 4 4 4
2 19 1 0 0 0 760 3 7 7 4
2 20 1 0 0 0 760 2 3 3 7
2 21 1 0 0 0 760 2 2 2 3
2 22 1 0 0 0 760 3 2 2 2
2 23 1 0 0 0 760 3 14 14 2
2 24 1 0 0 0 760 2 7 7 14
2 25 1 0 0 0 760 3 5 5 7
3 1 1 0 0 0 760 1 15 15 5
3 2 1 0 0 0 760 1 15 15 15
3 3 1 0 0 0 760 3 14 14 15
3 4 1 1 0 0 579 1 15 15 14
3 5 1 0 0 0 760 3 2 2 15
3 6 1 0 0 0 760 3 3 3 2
3 7 1 0 0 0 760 2 3 3 3
3 8 1 1 0 0 536 1 3 3 3
3 9 1 0 0 0 760 2 7 7 3
3 10 1 0 0 0 760 3 9 9 7
3 11 1 0 0 0 760 3 5 5 9
3 12 0 0 1 0 760 1 9 9 5
3 13 1 0 0 0 760 3 4 4 9
3 14 1 0 0 0 760 2 15 15 4
3 15 1 0 0 0 760 3 2 2 15
3 16 1 0 0 0 760 3 11 11 2
3 17 1 1 0 0 575 1 2 2 11
3 18 1 0 0 0 760 3 6 6 2
3 19 1 0 0 0 760 3 13 13 6
3 20 1 1 0 0 504 1 6 6 13
3 21 1 0 0 0 760 3 6 6 6
3 22 1 0 0 0 760 3 9 9 6
3 23 1 0 0 0 760 3 13 13 9
3 24 1 0 0 0 760 2 1 1 13
3 25 1 0 0 0 760 3 11 11 1
