1 1 1 0 0 0 760 2 10 10 0
1 2 1 0 0 0 760 1 1 1 10
1 3 1 1 0 0 511 1 10 10 1
1 4 0 0 1 0 760 1 1 1 10
1 5 0 0 1 0 760 1 10 10 1
1 6 1 0 0 0 760 3 7 7 10
1 7 1 0 0 0 760 3 6 6 7
1 8 0 0 1 0 728 1 7 7 6
1 9 1 0 0 0 760 3 11 11 7
1 10 1 0 0 0 760 2 15 15 11
1 11 1 0 0 0 760 3 5 5 15
1 12 1 0 0 0 760 2 13 13 5
1 13 1 1 0 0 509 1 5 5 13
1 14 0 0 1 0 760 1 13 13 5
1 15 1 0 0 0 760 3 14 14 13
1 16 1 0 0 0 760 2 12 12 14
1 17 1 1 0 0 492 1 14 14 12
1 18 1 0 0 0 760 3 11 11 14
1 19 1 0 0 0 760 2 5 5 11
1 20 1 1 0 0 536 1 11 11 5
1 21 1 0 0 0 760 3 13 13 11
1 22 1 0 0 0 760 2 3 3 13
1 23 1 1 0 0 522 1 13 13 3
1 24 1 0 0 0 760 2 7 7 13
1 25 1 1 0 0 473 1 13 13 7
2 1 1 0 0 0 760 3 5 5 13
2 2 1 0 0 0 760 1 9 9 5
2 3 1 1 0 0 589 1 5 5 9
2 4 1 0 0 0 760 2 11 11 5
2 5 1 0 0 0 760 2 10 10 11
2 6 1 1 0 0 530 1 11 11 10
2 7 1 1 0 0 660 1 10 10 11
2 8 1 0 0 0 760 2 1 1 10
2 9 1 0 0 0 760 2 1 1 1
2 10 1 1 0 0 592 1 1 1 1
2 11 1 0 0 0 760 3 12 12 1
2 12 1 0 0 0 760 2 6 6 12
2 13 1 0 0 0 760 2 7 7 6
2 14 1 0 0 0 760 2 14 14 7
2 15 1 1 0 0 525 1 7 7 14
2 16 1 0 0 0 760 3 10 10 7
2 17 1 1 0 0 659 1 7 7 10
2 18 1 1 0 0 673 1 10 10 7
2 19 1 0 0 0 760 2 8 8 10
2 20 1 1 0 0 741 1 10 10 8
2 21 1 0 0 0 760 2 15 15 10
2 22 1 1 0 0 497 1 10 10 15
2 23 1 1 0 0 605 1 15 15 10
2 24 1 0 0 0 760 3 8 8 15
2 25 1 1 0 0 525 1 15 15 8
3 1 1 0 0 0 760 1 11 11 15
3 2 1 0 0 0 760 2 4 4 11
3 3 1 1 0 0 561 1 11 11 4
3 4 1 0 0 0 760 2 14 14 11
3 5 1 0 0 0 760 2 12 12 14
3 6 1 0 0 0 760 2 1 1 12
3 7 1 1 0 0 550 1 12 12 1
3 8 1 0 0 0 760 2 8 8 12
3 9 1 1 0 0 525 1 12 12 8
3 10 0 0 0 1 753 3 12 12 12
3 11 1 0 0 0 760 2 3 3 12
3 12 1 0 0 0 760 2 8 8 3
3 13 1 0 0 0 760 3 14 14 8
3 14 1 0 0 0 760 3 3 3 14
3 15 0 0 1 0 760 1 14 14 3
3 16 1 0 0 0 760 2 9 9 14
3 17 1 0 0 0 760 2 15 15 9
3 18 1 1 0 0 545 1 9 9 15
3 19 1 0 0 0 760 2 1 1 9
3 20 1 0 0 0 760 2 1 1 1
3 21 1 0 0 0 760 3 3 3 1
3 22 1 1 0 0 668 1 1 1 3
3 23 1 0 0 0 760 3 8 8 1
3 24 1 0 0 0 760 2 12 12 8
3 25 1 1 0 0 593 1 8 8 12
