1 1 1 0 0 0 760 2 11 11 0
1 2 1 0 0 0 760 3 13 13 11
1 3 0 0 1 0 760 1 11 11 13
1 4 0 0 1 0 760 1 13 13 11
1 5 0 0 1 0 236 1 11 11 13
1 6 1 0 0 0 760 2 15 15 11
1 7 1 0 0 0 760 2 13 13 15
1 8 0 0 1 0 760 1 15 15 13
1 9 0 0 0 1 739 3 14 14 15
1 10 1 1 0 0 694 1 15 15 14
1 11 1 0 0 0 760 3 7 7 15
1 12 1 0 0 0 760 2 12 12 7
1 13 0 0 0 1 721 2 12 12 12
1 14 1 0 0 0 760 2 14 14 12
1 15 1 0 0 0 760 2 5 5 14
1 16 1 0 0 0 760 2 2 2 5
1 17 1 1 0 0 680 1 5 5 2
1 18 1 1 0 0 692 1 2 2 5
1 19 1 0 0 0 760 3 15 15 2
1 20 1 0 0 0 760 2 15 15 15
1 21 1 0 0 0 760 3 1 1 15
1 22 0 0 1 0 760 1 15 15 1
1 23 1 1 0 0 667 1 1 1 15
1 24 1 1 0 0 628 1 15 15 1
1 25 1 0 0 0 760 2 10 10 15
2 1 1 0 0 0 760 3 6 6 10
2 2 1 0 0 0 760 1 11 11 6
2 3 0 0 1 0 760 1 6 6 11
2 4 0 0 1 0 760 1 11 11 6
2 5 1 1 0 0 563 1 6 6 11
2 6 1 0 0 0 760 2 12 12 6
2 7 1 1 0 0 682 1 6 6 12
2 8 1 0 0 0 760 2 15 15 6
2 9 1 0 0 0 760 2 2 2 15
2 10 1 0 0 0 760 2 4 4 2
2 11 1 0 0 0 760 3 7 7 4
2 12 1 0 0 0 760 3 8 8 7
2 13 1 0 0 0 760 3 10 10 8
2 14 1 0 0 0 760 3 15 15 10
2 15 1 0 0 0 760 2 13 13 15
2 16 1 0 0 0 760 3 5 5 13
2 17 0 0 1 0 760 1 13 13 5
2 18 1 0 0 0 760 2 6 6 13
2 19 1 1 0 0 605 1 13 13 6
2 20 1 0 0 0 760 2 7 7 13
2 21 1 1 0 0 612 1 13 13 7
2 22 0 0 1 0 760 1 7 7 13
2 23 1 1 0 0 590 1 13 13 7
2 24 1 1 0 0 586 1 7 7 13
2 25 1 0 0 0 760 3 2 2 7
3 1 1 0 0 0 760 3 5 5 2
3 2 1 0 0 0 760 2 3 3 5
3 3 1 0 0 0 760 2 11 11 3
3 4 0 0 1 0 760 1 3 3 11
3 5 1 1 0 0 566 1 11 11 3
3 6 1 1 0 0 548 1 3 3 11
3 7 1 0 0 0 760 3 5 5 3
3 8 1 1 0 0 656 1 3 3 5
3 9 1 0 0 0 760 2 6 6 3
3 10 1 0 0 0 760 2 5 5 6
3 11 1 0 0 0 760 3 12 12 5
3 12 0 0 1 0 760 1 5 5 12
3 13 0 0 1 0 760 1 12 12 5
3 14 1 0 0 0 760 2 3 3 12
3 15 1 0 0 0 760 2 13 13 3
3 16 1 0 0 0 760 3 9 9 13
3 17 1 1 0 0 576 1 13 13 9
3 18 1 0 0 0 760 2 10 10 13
3 19 1 0 0 0 760 3 9 9 10
3 20 0 0 1 0 760 1 10 10 9
3 21 1 0 0 0 760 2 4 4 10
3 22 1 0 0 0 760 2 5 5 4
3 23 1 0 0 0 760 3 5 5 5
3 24 1 0 0 0 760 3 12 12 5
3 25 0 0 1 0 760 1 5 5 12
