1 1 1 0 0 0 760 3 6 6 0
1 2 1 0 0 0 760 3 13 13 6
1 3 1 0 0 0 760 3 4 4 13
1 4 1 1 0 0 607 1 13 13 4
1 5 0 0 1 0 760 1 4 4 13
1 6 1 0 0 0 760 2 9 9 4
1 7 1 1 0 0 610 1 4 4 9
1 8 1 1 0 0 559 1 9 9 4
1 9 1 0 0 0 760 2 15 15 9
1 10 0 0 1 0 760 1 9 9 15
1 11 1 1 0 0 608 1 15 15 9
1 12 0 0 1 0 760 1 9 9 15
1 13 1 1 0 0 663 1 15 15 9
1 14 1 0 0 0 760 3 12 12 15
1 15 1 1 0 0 729 1 15 15 12
1 16 1 0 0 0 760 2 2 2 15
1 17 1 0 0 0 760 3 13 13 2
1 18 1 0 0 0 760 3 14 14 13
1 19 1 0 0 0 760 2 8 8 14
1 20 1 1 0 0 761 1 14 14 8
1 21 1 0 0 0 760 2 5 5 14
1 22 1 0 0 0 760 3 4 4 5
1 23 1 0 0 0 760 2 12 12 4
1 24 1 0 0 0 760 2 15 15 12
1 25 1 0 0 0 760 2 2 2 15
2 1 1 0 0 0 760 2 4 4 2
2 2 1 0 0 0 760 3 14 14 4
2 3 1 0 0 0 760 3 2 2 14
2 4 1 0 0 0 760 2 11 11 2
2 5 1 1 0 0 726 1 2 2 11
2 6 1 0 0 0 760 3 6 6 2
2 7 1 0 0 0 760 3 12 12 6
2 8 1 1 0 0 651 1 6 6 12
2 9 0 0 1 0 760 1 12 12 6
2 10 1 0 0 0 760 2 5 5 12
2 11 1 0 0 0 760 2 14 14 5
2 12 0 0 1 0 760 1 5 5 14
2 13 1 0 0 0 760 3 4 4 5
2 14 0 0 1 0 760 1 5 5 4
2 15 0 0 1 0 760 1 4 4 5
2 16 1 1 0 0 565 1 5 5 4
2 17 0 0 0 1 533 3 5 5 5
2 18 1 0 0 0 760 3 9 9 5
2 19 1 0 0 0 760 2 6 6 9
2 20 1 0 0 0 760 3 15 15 6
2 21 1 1 0 0 582 1 6 6 15
2 22 1 0 0 0 760 2 9 9 6
2 23 1 1 0 0 528 1 6 6 9
2 24 1 0 0 0 760 2 7 7 6
2 25 1 0 0 0 760 3 5 5 7
3 1 1 0 0 0 760 1 3 3 5
3 2 1 0 0 0 760 3 11 11 3
3 3 1 0 0 0 760 2 9 9 11
3 4 1 1 0 0 657 1 11 11 9
3 5 1 0 0 0 760 2 1 1 11
3 6 1 0 0 0 760 3 13 13 1
3 7 1 1 0 0 648 1 1 1 13
3 8 1 1 0 0 541 1 13 13 1
3 9 1 0 0 0 760 3 14 14 13
3 10 1 0 0 0 760 2 2 2 14
3 11 1 1 0 0 581 1 14 14 2
3 12 1 0 0 0 760 3 13 13 14
3 13 1 0 0 0 760 2 3 3 13
3 14 1 0 0 0 760 3 12 12 3
3 15 0 0 0 1 605 3 12 12 12
3 16 0 0 1 0 760 1 12 12 12
3 17 1 1 0 0 544 1 12 12 12
3 18 1 0 0 0 760 3 11 11 12
3 19 1 1 0 0 568 1 12 12 11
3 20 1 1 0 0 647 1 11 11 12
3 21 1 0 0 0 760 3 7 7 11
3 22 1 0 0 0 760 3 3 3 7
3 23 1 0 0 0 760 2 6 6 3
3 24 1 1 0 0 624 1 3 3 6
3 25 1 0 0 0 760 2 4 4 3
