1 1 1 0 0 0 760 2 13 13 0
1 2 1 0 0 0 760 1 7 7 13
1 3 1 1 0 0 564 1 13 13 7
1 4 1 0 0 0 760 2 5 5 13
1 5 1 0 0 0 760 3 10 10 5
1 6 1 1 0 0 515 1 5 5 10
1 7 1 0 0 0 760 2 11 11 5
1 8 1 0 0 0 760 3 12 12 11
1 9 1 0 0 0 760 2 9 9 12
1 10 1 1 0 0 580 1 12 12 9
1 11 1 0 0 0 760 2 3 3 12
1 12 1 0 0 0 760 3 9 9 3
1 13 1 0 0 0 760 2 14 14 9
1 14 1 0 0 0 760 2 15 15 14
1 15 1 0 0 0 760 2 6 6 15
1 16 1 0 0 0 760 3 1 1 6
1 17 1 1 0 0 685 1 6 6 1
1 18 1 0 0 0 760 2 3 3 6
1 19 1 0 0 0 760 3 4 4 3
1 20 1 0 0 0 760 3 7 7 4
1 21 1 0 0 0 760 2 2 2 7
1 22 1 0 0 0 760 2 14 14 2
1 23 1 0 0 0 760 3 8 8 14
1 24 1 1 0 0 535 1 14 14 8
1 25 1 0 0 0 760 2 4 4 14
2 1 1 0 0 0 760 2 13 13 4
2 2 1 0 0 0 760 1 1 1 13
2 3 0 0 1 0 760 1 13 13 1
2 4 1 0 0 0 760 2 13 13 13
2 5 1 0 0 0 760 2 3 3 13
2 6 1 1 0 0 527 1 13 13 3
2 7 1 0 0 0 760 2 14 14 13
2 8 0 0 1 0 760 1 13 13 14
2 9 1 0 0 0 760 2 1 1 13
2 10 1 0 0 0 760 2 7 7 1
2 11 1 0 0 0 760 3 2 2 7
2 12 1 0 0 0 760 3 11 11 2
2 13 1 0 0 0 760 3 9 9 11
2 14 0 0 1 0 760 1 11 11 9
2 15 1 0 0 0 760 3 4 4 11
2 16 1 0 0 0 760 2 10 10 4
2 17 1 0 0 0 760 3 7 7 10
2 18 1 0 0 0 760 2 1 1 7
2 19 1 0 0 0 760 2 13 13 1
2 20 1 0 0 0 760 2 9 9 13
2 21 1 0 0 0 760 2 4 4 9
2 22 1 0 0 0 760 2 13 13 4
2 23 1 0 0 0 760 3 1 1 13
2 24 1 0 0 0 760 3 7 7 1
2 25 1 0 0 0 760 2 3 3 7
3 1 1 0 0 0 760 1 1 1 3
3 2 1 0 0 0 760 2 14 14 1
3 3 1 1 0 0 620 1 1 1 14
3 4 1 0 0 0 760 2 6 6 1
3 5 1 0 0 0 760 3 13 13 6
3 6 1 0 0 0 760 2 8 8 13
3 7 1 0 0 0 760 2 12 12 8
3 8 1 0 0 0 760 3 6 6 12
3 9 1 0 0 0 760 3 6 6 6
3 10 1 0 0 0 760 3 4 4 6
3 11 1 1 0 0 669 1 6 6 4
3 12 1 0 0 0 760 3 5 5 6
3 13 1 0 0 0 760 3 2 2 5
3 14 1 0 0 0 760 3 15 15 2
3 15 1 0 0 0 760 3 3 3 15
3 16 1 0 0 0 760 3 7 7 3
3 17 1 0 0 0 760 2 9 9 7
3 18 1 0 0 0 760 3 9 9 9
3 19 0 0 1 0 760 1 9 9 9
3 20 1 0 0 0 760 2 10 10 9
3 21 0 0 1 0 760 1 9 9 10
3 22 1 0 0 0 760 2 15 15 9
3 23 0 0 1 0 760 1 9 9 15
3 24 1 0 0 0 760 2 3 3 9
3 25 1 0 0 0 760 3 1 1 3
