1 1 1 0 0 0 760 1 15 15 0
1 2 1 0 0 0 760 2 6 6 15
1 3 1 1 0 0 529 1 15 15 6
1 4 1 0 0 0 760 2 10 10 15
1 5 1 0 0 0 760 2 13 13 10
1 6 1 0 0 0 760 2 4 4 13
1 7 0 0 1 0 760 1 13 13 4
1 8 1 0 0 0 760 2 11 11 13
1 9 1 0 0 0 760 2 3 3 11
1 10 0 0 1 0 760 1 11 11 3
1 11 1 0 0 0 760 3 1 1 11
1 12 0 0 0 1 627 3 1 1 1
1 13 1 1 0 0 578 1 1 1 1
1 14 1 1 0 0 604 1 1 1 1
1 15 1 1 0 0 595 1 1 1 1
1 16 1 0 0 0 760 3 12 12 1
1 17 1 1 0 0 460 1 1 1 12
1 18 1 0 0 0 760 2 13 13 1
1 19 1 1 0 0 714 1 1 1 13
1 20 1 0 0 0 760 2 10 10 1
1 21 1 1 0 0 606 1 1 1 10
1 22 1 1 0 0 541 1 10 10 1
1 23 1 0 0 0 760 2 9 9 10
1 24 1 0 0 0 760 2 15 15 9
1 25 0 0 1 0 760 1 9 9 15
2 1 1 0 0 0 760 2 3 3 9
2 2 1 0 0 0 760 1 13 13 3
2 3 1 0 0 0 760 3 8 8 13
2 4 0 0 0 1 594 3 8 8 8
2 5 1 0 0 0 760 2 6 6 8
2 6 1 0 0 0 760 3 14 14 6
2 7 1 0 0 0 760 2 1 1 14
2 8 0 0 1 0 760 1 14 14 1
2 9 1 1 0 0 587 1 1 1 14
2 10 1 1 0 0 565 1 14 14 1
2 11 1 0 0 0 760 3 9 9 14
2 12 1 0 0 0 760 2 2 2 9
2 13 1 1 0 0 546 1 9 9 2
2 14 1 0 0 0 760 2 14 14 9
2 15 1 0 0 0 760 3 12 12 14
2 16 1 0 0 0 760 3 11 11 12
2 17 1 0 0 0 760 2 10 10 11
2 18 1 0 0 0 760 3 3 3 10
2 19 1 0 0 0 760 3 8 8 3
2 20 0 0 1 0 760 1 3 3 8
2 21 1 0 0 0 760 2 1 1 3
2 22 1 0 0 0 760 3 5 5 1
2 23 0 0 1 0 760 1 1 1 5
2 24 1 0 0 0 760 2 2 2 1
2 25 1 1 0 0 683 1 1 1 2
3 1 1 0 0 0 760 1 1 1 1
3 2 1 0 0 0 760 1 9 9 1
3 3 1 1 0 0 667 1 1 1 9
3 4 1 0 0 0 760 3 6 6 1
3 5 1 1 0 0 524 1 1 1 6
3 6 1 0 0 0 760 3 15 15 1
3 7 0 0 0 1 680 2 15 15 15
3 8 0 0 0 1 740 2 1 1 15
3 9 1 0 0 0 760 2 4 4 1
3 10 1 1 0 0 603 1 1 1 4
3 11 0 0 1 0 760 1 4 4 1
3 12 0 0 0 1 618 3 15 15 4
3 13 1 1 0 0 502 1 4 4 15
3 14 0 0 1 0 760 1 15 15 4
3 15 1 0 0 0 760 2 7 7 15
3 16 1 0 0 0 760 3 14 14 7
3 17 1 0 0 0 760 3 5 5 14
3 18 0 0 1 0 760 1 14 14 5
3 19 0 0 1 0 760 1 5 5 14
3 20 1 0 0 0 760 3 15 15 5
3 21 1 0 0 0 760 2 15 15 15
3 22 0 0 1 0 760 1 15 15 15
3 23 1 0 0 0 760 2 11 11 15
3 24 0 0 1 0 760 1 15 15 11
3 25 1 0 0 0 760 3 8 8 15
