1 1 1 0 0 0 760 3 13 13 0
1 2 1 0 0 0 760 2 12 12 13
1 3 1 0 0 0 760 2 5 5 12
1 4 1 0 0 0 760 2 13 13 5
1 5 1 0 0 0 760 3 15 15 13
1 6 0 0 1 0 760 1 13 13 15
1 7 1 0 0 0 760 2 8 8 13
1 8 1 0 0 0 760 3 1 1 8
1 9 1 0 0 0 760 3 13 13 1
1 10 0 0 1 0 570 1 1 1 13
1 11 1 0 0 0 760 3 1 1 1
1 12 1 0 0 0 760 2 6 6 1
1 13 1 0 0 0 760 3 3 3 6
1 14 1 0 0 0 760 3 9 9 3
1 15 1 0 0 0 653 2 9 9 9
1 16 0 0 1 0 704 1 9 9 9
1 17 1 0 0 0 760 2 3 3 9
1 18 1 0 0 0 760 2 8 8 3
1 19 0 0 1 0 578 1 3 3 8
1 20 1 0 0 0 760 3 10 10 3
1 21 1 0 0 0 760 2 9 9 10
1 22 1 0 0 0 760 3 5 5 9
1 23 0 0 1 0 604 1 9 9 5
1 24 1 0 0 0 760 2 7 7 9
1 25 0 0 1 0 609 1 9 9 7
2 1 1 0 0 0 760 2 8 8 9
2 2 1 0 0 0 760 3 4 4 8
2 3 1 0 0 0 760 3 3 3 4
2 4 1 0 0 0 760 3 9 9 3
2 5 1 1 0 0 551 1 3 3 9
2 6 1 0 0 0 760 2 8 8 3
2 7 1 1 0 0 625 1 3 3 8
2 8 1 1 0 0 669 1 8 8 3
2 9 1 0 0 0 760 2 1 1 8
2 10 1 1 0 0 518 1 8 8 1
2 11 1 1 0 0 567 1 1 1 8
2 12 1 0 0 0 760 3 6 6 1
2 13 1 0 0 0 760 2 15 15 6
2 14 1 0 0 0 760 3 14 14 15
2 15 1 0 0 0 760 2 14 14 14
2 16 1 1 0 0 539 1 14 14 14
2 17 1 1 0 0 646 1 14 14 14
2 18 1 0 0 0 760 2 5 5 14
2 19 1 1 0 0 570 1 14 14 5
2 20 1 0 0 0 760 2 12 12 14
2 21 1 0 0 0 760 2 11 11 12
2 22 1 1 0 0 563 1 12 12 11
2 23 1 1 0 0 606 1 11 11 12
2 24 1 1 0 0 637 1 12 12 11
2 25 1 0 0 0 760 3 3 3 12
3 1 1 0 0 0 760 3 5 5 3
3 2 1 0 0 0 760 1 1 1 5
3 3 1 0 0 0 760 2 10 10 1
3 4 1 0 0 0 760 2 7 7 10
3 5 1 0 0 0 760 2 8 8 7
3 6 1 0 0 0 760 3 13 13 8
3 7 1 0 0 0 760 2 7 7 13
3 8 1 1 0 0 536 1 13 13 7
3 9 1 0 0 0 760 3 6 6 13
3 10 1 0 0 0 760 2 9 9 6
3 11 0 0 1 0 760 1 6 6 9
3 12 1 0 0 0 760 3 11 11 6
3 13 1 0 0 0 760 2 9 9 11
3 14 1 1 0 0 533 1 11 11 9
3 15 1 1 0 0 558 1 9 9 11
3 16 1 0 0 0 760 2 8 8 9
3 17 1 0 0 0 760 2 13 13 8
3 18 1 1 0 0 566 1 8 8 13
3 19 1 0 0 0 760 2 2 2 8
3 20 1 0 0 0 760 3 11 11 2
3 21 1 0 0 0 760 2 6 6 11
3 22 1 1 0 0 533 1 11 11 6
3 23 1 0 0 0 760 3 7 7 11
3 24 1 0 0 0 760 2 15 15 7
3 25 1 0 0 0 760 3 14 14 15
