1 1 1 0 0 0 760 1 6 6 0
1 2 1 0 0 0 760 1 10 10 6
1 3 0 0 1 0 760 1 6 6 10
1 4 1 0 0 0 760 2 5 5 6
1 5 0 0 0 1 672 2 13 13 5
1 6 1 0 0 0 760 2 11 11 13
1 7 1 0 0 0 760 2 3 3 11
1 8 1 0 0 0 760 3 4 4 3
1 9 1 0 0 0 760 2 9 9 4
1 10 0 0 1 0 760 1 4 4 9
1 11 1 0 0 0 760 2 12 12 4
1 12 1 1 0 0 647 1 4 4 12
1 13 1 0 0 0 760 2 7 7 4
1 14 1 1 0 0 540 1 4 4 7
1 15 1 1 0 0 656 1 7 7 4
1 16 1 0 0 0 760 3 9 9 7
1 17 1 0 0 0 760 3 6 6 9
1 18 1 0 0 0 760 3 12 12 6
1 19 0 0 1 0 760 1 6 6 12
1 20 1 0 0 0 760 3 3 3 6
1 21 1 0 0 0 760 3 7 7 3
1 22 1 0 0 0 760 2 14 14 7
1 23 1 0 0 0 760 3 1 1 14
1 24 1 0 0 0 760 2 2 2 1
1 25 1 1 0 0 592 1 1 1 2
2 1 1 0 0 0 760 3 13 13 1
2 2 1 0 0 0 760 1 15 15 13
2 3 1 0 0 0 760 2 3 3 15
2 4 1 1 0 0 665 1 15 15 3
2 5 1 0 0 0 760 3 9 9 15
2 6 1 0 0 0 760 2 9 9 9
2 7 1 0 0 0 760 3 12 12 9
2 8 1 0 0 0 760 2 14 14 12
2 9 1 1 0 0 556 1 12 12 14
2 10 1 0 0 0 760 2 5 5 12
2 11 1 0 0 0 760 3 10 10 5
2 12 1 1 0 0 598 1 5 5 10
2 13 1 0 0 0 760 3 8 8 5
2 14 1 0 0 0 760 3 8 8 8
2 15 1 1 0 0 572 1 8 8 8
2 16 1 0 0 0 760 3 2 2 8
2 17 1 0 0 0 760 3 2 2 2
2 18 1 0 0 0 760 3 14 14 2
2 19 1 1 0 0 512 1 2 2 14
2 20 1 1 0 0 602 1 14 14 2
2 21 1 0 0 0 760 2 14 14 14
2 22 1 0 0 0 760 2 3 3 14
2 23 1 0 0 0 760 3 1 1 3
2 24 0 0 1 0 760 1 3 3 1
2 25 1 0 0 0 760 2 7 7 3
3 1 1 0 0 0 760 2 15 15 7
3 2 1 0 0 0 760 1 15 15 15
3 3 1 0 0 0 760 3 5 5 15
3 4 1 0 0 0 760 2 1 1 5
3 5 0 0 1 0 760 1 5 5 1
3 6 1 0 0 0 760 3 12 12 5
3 7 1 0 0 0 760 3 8 8 12
3 8 1 0 0 0 760 2 7 7 8
3 9 1 1 0 0 529 1 8 8 7
3 10 0 0 0 1 681 2 8 8 8
3 11 1 0 0 0 760 2 14 14 8
3 12 1 0 0 0 760 3 5 5 14
3 13 1 0 0 0 760 3 11 11 5
3 14 1 0 0 0 760 3 2 2 11
3 15 1 0 0 0 760 2 3 3 2
3 16 1 0 0 0 760 2 12 12 3
3 17 0 0 1 0 760 1 3 3 12
3 18 1 0 0 0 760 2 14 14 3
3 19 0 0 1 0 760 1 3 3 14
3 20 1 0 0 0 760 2 3 3 3
3 21 0 0 0 1 702 2 14 14 3
3 22 0 0 0 1 508 3 6 6 14
3 23 1 0 0 0 760 3 11 11 6
3 24 0 0 0 1 670 2 4 4 11
3 25 1 0 0 0 760 2 13 13 4
