1 1 1 0 0 0 373 3 12 12 0
1 2 1 0 0 0 760 2 12 12 12
1 3 1 0 0 0 760 2 10 10 12
1 4 1 1 0 0 517 1 12 12 10
1 5 1 0 0 0 760 3 14 14 12
1 6 1 0 0 0 760 3 7 7 14
1 7 1 0 0 0 760 3 4 4 7
1 8 1 0 0 0 760 3 4 4 4
1 9 1 0 0 0 760 3 11 11 4
1 10 1 1 0 0 563 1 4 4 11
1 11 1 0 0 0 760 2 5 5 4
1 12 1 0 0 0 760 2 9 9 5
1 13 1 1 0 0 629 1 5 5 9
1 14 1 1 0 0 743 1 9 9 5
1 15 1 1 0 0 552 1 5 5 9
1 16 1 1 0 0 619 1 9 9 5
1 17 1 0 0 0 760 3 1 1 9
1 18 1 0 0 0 760 2 2 2 1
1 19 1 0 0 0 760 3 2 2 2
1 20 0 0 0 1 673 2 13 13 2
1 21 1 1 0 0 683 1 2 2 13
1 22 0 0 1 0 760 1 13 13 2
1 23 1 0 0 0 760 2 15 15 13
1 24 0 0 1 0 760 1 13 13 15
1 25 1 1 0 0 650 1 15 15 13
2 1 1 0 0 0 760 2 14 14 15
2 2 1 0 0 0 760 3 10 10 14
2 3 1 0 0 0 760 3 15 15 10
2 4 1 1 0 0 622 1 10 10 15
2 5 1 0 0 0 760 3 7 7 10
2 6 1 1 0 0 512 1 10 10 7
2 7 1 0 0 0 760 2 14 14 10
2 8 1 0 0 0 760 2 6 6 14
2 9 1 0 0 0 760 2 9 9 6
2 10 1 1 0 0 654 1 6 6 9
2 11 1 0 0 0 760 2 2 2 6
2 12 0 0 1 0 760 1 6 6 2
2 13 1 0 0 0 760 3 1 1 6
2 14 1 0 0 0 760 2 2 2 1
2 15 1 0 0 0 760 3 7 7 2
2 16 0 0 1 0 760 1 2 2 7
2 17 1 1 0 0 508 1 7 7 2
2 18 1 1 0 0 652 1 2 2 7
2 19 1 0 0 0 760 2 6 6 2
2 20 1 0 0 0 760 2 12 12 6
2 21 1 0 0 0 760 3 3 3 12
2 22 1 0 0 0 760 2 13 13 3
2 23 1 0 0 0 760 2 10 10 13
2 24 1 0 0 0 760 3 12 12 10
2 25 0 0 1 0 760 1 10 10 12
3 1 1 0 0 0 760 3 3 3 10
3 2 1 0 0 0 760 3 4 4 3
3 3 1 1 0 0 536 1 3 3 4
3 4 1 1 0 0 719 1 4 4 3
3 5 1 0 0 0 760 2 4 4 4
3 6 1 1 0 0 593 1 4 4 4
3 7 0 0 0 1 559 2 3 3 4
3 8 1 0 0 0 760 3 2 2 3
3 9 1 0 0 0 760 2 9 9 2
3 10 1 0 0 0 760 2 9 9 9
3 11 1 0 0 0 760 3 12 12 9
3 12 1 0 0 0 760 3 10 10 12
3 13 1 0 0 0 760 2 3 3 10
3 14 0 0 1 0 760 1 10 10 3
3 15 1 0 0 0 760 2 2 2 10
3 16 1 1 0 0 600 1 10 10 2
3 17 1 1 0 0 564 1 2 2 10
3 18 1 0 0 0 760 3 3 3 2
3 19 1 0 0 0 760 2 10 10 3
3 20 1 1 0 0 540 1 3 3 10
3 21 1 0 0 0 760 3 12 12 3
3 22 1 0 0 0 760 3 6 6 12
3 23 1 0 0 0 760 3 1 1 6
3 24 1 0 0 0 760 3 9 9 1
3 25 1 0 0 0 760 2 3 3 9
