1 1 1 0 0 0 760 2 3 3 0
1 2 1 0 0 0 760 1 8 8 3
1 3 1 0 0 0 760 2 4 4 8
1 4 1 0 0 0 760 2 10 10 4
1 5 0 0 1 0 625 1 4 4 10
1 6 1 0 0 0 760 2 11 11 4
1 7 1 0 0 0 760 2 15 15 11
1 8 1 0 0 0 760 2 2 2 15
1 9 1 0 0 0 760 3 8 8 2
1 10 1 0 0 0 760 3 12 12 8
1 11 1 0 0 0 760 3 13 13 12
1 12 1 0 0 0 760 2 2 2 13
1 13 1 0 0 0 760 2 6 6 2
1 14 1 0 0 0 760 2 7 7 6
1 15 1 0 0 0 760 3 4 4 7
1 16 1 0 0 0 760 2 5 5 4
1 17 1 0 0 0 760 3 8 8 5
1 18 1 0 0 0 760 3 2 2 8
1 19 0 0 1 0 760 1 8 8 2
1 20 0 0 1 0 760 1 2 2 8
1 21 1 0 0 0 760 3 1 1 2
1 22 1 1 0 0 554 1 2 2 1
1 23 0 0 1 0 760 1 1 1 2
1 24 1 1 0 0 591 1 2 2 1
1 25 0 0 1 0 760 1 1 1 2
2 1 1 0 0 0 760 1 15 15 1
2 2 1 0 0 0 760 3 6 6 15
2 3 1 0 0 0 760 2 1 1 6
2 4 1 0 0 0 760 2 12 12 1
2 5 1 1 0 0 644 1 1 1 12
2 6 1 0 0 0 760 2 4 4 1
2 7 1 1 0 0 578 1 1 1 4
2 8 1 0 0 0 760 2 8 8 1
2 9 1 1 0 0 733 1 1 1 8
2 10 1 0 0 0 760 2 1 1 1
2 11 1 1 0 0 667 1 1 1 1
2 12 1 0 0 0 760 3 5 5 1
2 13 1 0 0 0 760 2 4 4 5
2 14 1 0 0 0 760 3 15 15 4
2 15 1 0 0 0 760 2 1 1 15
2 16 1 0 0 0 760 3 11 11 1
2 17 1 0 0 0 760 3 4 4 11
2 18 1 0 0 0 760 3 5 5 4
2 19 1 0 0 0 760 3 5 5 5
2 20 1 0 0 0 760 2 13 13 5
2 21 1 0 0 0 760 3 2 2 13
2 22 1 0 0 0 760 2 9 9 2
2 23 0 0 1 0 760 1 2 2 9
2 24 1 0 0 0 760 2 12 12 2
2 25 1 0 0 0 760 3 8 8 12
3 1 1 0 0 0 760 3 5 5 8
3 2 1 0 0 0 760 1 1 1 5
3 3 1 1 0 0 612 1 5 5 1
3 4 1 0 0 0 760 3 14 14 5
3 5 1 1 0 0 560 1 5 5 14
3 6 1 0 0 0 760 2 15 15 5
3 7 1 0 0 0 760 3 3 3 15
3 8 1 1 0 0 537 1 15 15 3
3 9 1 0 0 0 760 2 5 5 15
3 10 0 0 1 0 760 1 15 15 5
3 11 1 0 0 0 760 2 11 11 15
3 12 1 0 0 0 760 2 14 14 11
3 13 1 0 0 0 760 2 13 13 14
3 14 1 0 0 0 760 2 9 9 13
3 15 1 0 0 0 760 2 14 14 9
3 16 1 1 0 0 533 1 9 9 14
3 17 1 0 0 0 760 3 6 6 9
3 18 1 0 0 0 760 2 8 8 6
3 19 1 0 0 0 760 3 5 5 8
3 20 1 0 0 0 760 2 2 2 5
3 21 1 0 0 0 760 3 7 7 2
3 22 1 0 0 0 760 2 13 13 7
3 23 1 0 0 0 760 2 8 8 13
3 24 0 0 0 1 645 3 7 7 8
3 25 0 0 1 0 760 1 8 8 7
