1 1 1 0 0 0 760 3 12 12 0
1 2 1 0 0 0 760 3 1 1 12
1 3 1 0 0 0 760 2 2 2 1
1 4 1 0 0 0 760 2 11 11 2
1 5 0 0 1 0 760 1 2 2 11
1 6 0 0 1 0 465 1 11 11 2
1 7 1 0 0 0 760 3 1 1 11
1 8 1 0 0 0 760 2 7 7 1
1 9 1 0 0 0 760 2 4 4 7
1 10 0 0 1 0 760 1 7 7 4
1 11 1 0 0 0 418 2 13 13 7
1 12 1 0 0 0 598 3 8 8 13
1 13 1 0 0 0 760 2 10 10 8
1 14 1 0 0 0 760 3 9 9 10
1 15 1 0 0 0 760 3 8 8 9
1 16 0 0 1 0 760 1 9 9 8
1 17 1 0 0 0 760 2 13 13 9
1 18 0 0 0 1 654 2 1 1 13
1 19 1 0 0 0 760 3 11 11 1
1 20 1 1 0 0 537 1 1 1 11
1 21 1 1 0 0 500 1 11 11 1
1 22 1 0 0 0 760 3 13 13 11
1 23 1 1 0 0 743 1 11 11 13
1 24 1 0 0 0 760 3 10 10 11
1 25 1 1 0 0 388 1 11 11 10
2 1 0 0 0 1 406 3 15 15 11
2 2 1 0 0 0 760 1 6 6 15
2 3 1 0 0 0 760 3 1 1 6
2 4 1 0 0 0 760 2 11 11 1
2 5 1 0 0 0 760 3 11 11 11
2 6 1 1 0 0 456 1 11 11 11
2 7 1 0 0 0 760 3 5 5 11
2 8 1 0 0 0 760 3 3 3 5
2 9 1 0 0 0 760 3 10 10 3
2 10 1 0 0 0 760 2 9 9 10
2 11 0 0 0 1 706 3 9 9 9
2 12 1 0 0 0 760 3 7 7 9
2 13 0 0 0 1 547 3 7 7 7
2 14 1 1 0 0 439 1 7 7 7
2 15 1 0 0 0 760 3 2 2 7
2 16 1 0 0 0 760 2 8 8 2
2 17 1 0 0 0 760 2 9 9 8
2 18 0 0 1 0 760 1 8 8 9
2 19 1 0 0 0 760 2 7 7 8
2 20 1 0 0 0 760 2 4 4 7
2 21 1 0 0 0 760 3 8 8 4
2 22 1 0 0 0 760 3 10 10 8
2 23 1 0 0 0 760 3 2 2 10
2 24 1 0 0 0 760 3 2 2 2
2 25 1 1 0 0 710 1 2 2 2
3 1 0 0 0 1 58 2 13 13 2
3 2 1 0 0 0 760 2 15 15 13
3 3 1 0 0 0 760 2 11 11 15
3 4 1 0 0 0 760 3 11 11 11
3 5 1 0 0 0 760 3 15 15 11
3 6 0 0 0 1 546 3 5 5 15
3 7 0 0 0 1 701 3 6 6 5
3 8 1 0 0 0 760 2 7 7 6
3 9 0 0 1 0 760 1 6 6 7
3 10 0 0 1 0 760 1 7 7 6
3 11 1 0 0 0 760 3 15 15 7
3 12 1 0 0 0 760 2 4 4 15
3 13 1 0 0 0 760 2 4 4 4
3 14 1 1 0 0 570 1 4 4 4
3 15 1 0 0 0 760 3 8 8 4
3 16 0 0 0 1 651 2 15 15 8
3 17 1 1 0 0 417 1 8 8 15
3 18 0 0 0 1 593 2 2 2 8
3 19 1 1 0 0 449 1 8 8 2
3 20 1 0 0 0 760 2 14 14 8
3 21 0 0 0 1 364 2 12 12 14
3 22 0 0 0 1 689 2 8 8 12
3 23 1 1 0 0 612 1 12 12 8
3 24 1 0 0 0 760 2 15 15 12
3 25 0 0 0 1 696 2 10 10 15
