1 1 1 0 0 0 760 1 13 13 0
1 2 1 0 0 0 760 3 11 11 13
1 3 1 1 0 0 568 1 13 13 11
1 4 1 0 0 0 760 3 3 3 13
1 5 1 0 0 0 760 3 4 4 3
1 6 1 0 0 0 760 3 11 11 4
1 7 1 1 0 0 661 1 4 4 11
1 8 1 0 0 0 760 2 7 7 4
1 9 1 0 0 0 760 3 10 10 7
1 10 1 1 0 0 535 1 7 7 10
1 11 1 1 0 0 602 1 10 10 7
1 12 1 0 0 0 760 2 14 14 10
1 13 1 0 0 0 760 2 15 15 14
1 14 0 0 1 0 760 1 14 14 15
1 15 1 0 0 0 760 3 8 8 14
1 16 1 0 0 0 760 3 8 8 8
1 17 1 0 0 0 760 3 1 1 8
1 18 1 0 0 0 760 2 2 2 1
1 19 0 0 1 0 760 1 1 1 2
1 20 1 0 0 0 760 3 12 12 1
1 21 1 0 0 0 760 3 10 10 12
1 22 0 0 1 0 760 1 12 12 10
1 23 1 1 0 0 689 1 10 10 12
1 24 1 1 0 0 716 1 12 12 10
1 25 1 0 0 0 760 2 4 4 12
2 1 1 0 0 0 760 1 6 6 4
2 2 1 0 0 0 760 1 15 15 6
2 3 1 0 0 0 760 3 12 12 15
2 4 1 0 0 0 760 2 2 2 12
2 5 1 0 0 0 760 3 2 2 2
2 6 1 0 0 0 760 2 4 4 2
2 7 1 1 0 0 521 1 2 2 4
2 8 1 0 0 0 760 2 13 13 2
2 9 1 1 0 0 755 1 2 2 13
2 10 1 0 0 0 760 2 10 10 2
2 11 1 1 0 0 568 1 2 2 10
2 12 1 0 0 0 760 2 11 11 2
2 13 1 1 0 0 511 1 2 2 11
2 14 1 0 0 0 760 3 14 14 2
2 15 1 1 0 0 703 1 2 2 14
2 16 1 0 0 0 760 3 2 2 2
2 17 1 0 0 0 760 2 7 7 2
2 18 1 0 0 0 760 3 1 1 7
2 19 1 0 0 0 760 2 15 15 1
2 20 1 0 0 0 760 3 9 9 15
2 21 0 0 1 0 760 1 15 15 9
2 22 1 0 0 0 760 2 13 13 15
2 23 1 1 0 0 540 1 15 15 13
2 24 1 0 0 0 760 2 11 11 15
2 25 0 0 0 1 745 2 13 13 11
3 1 0 0 0 1 33 1 4 4 13
3 2 1 0 0 0 760 3 7 7 4
3 3 1 1 0 0 451 1 4 4 7
3 4 1 0 0 0 760 3 13 13 4
3 5 1 1 0 0 565 1 4 4 13
3 6 1 1 0 0 482 1 13 13 4
3 7 1 1 0 0 699 1 4 4 13
3 8 1 0 0 0 760 3 14 14 4
3 9 1 1 0 0 501 1 4 4 14
3 10 0 0 1 0 760 1 14 14 4
3 11 1 0 0 0 760 3 2 2 14
3 12 1 0 0 0 760 2 5 5 2
3 13 1 0 0 0 760 2 8 8 5
3 14 1 1 0 0 488 1 5 5 8
3 15 1 0 0 0 760 2 11 11 5
3 16 1 0 0 0 760 2 11 11 11
3 17 1 1 0 0 444 1 11 11 11
3 18 1 1 0 0 653 1 11 11 11
3 19 1 1 0 0 736 1 11 11 11
3 20 1 0 0 0 760 3 1 1 11
3 21 1 0 0 0 760 2 2 2 1
3 22 1 1 0 0 526 1 1 1 2
3 23 1 1 0 0 759 1 2 2 1
3 24 1 1 0 0 459 1 1 1 2
3 25 0 0 0 1 543 2 1 1 1
