1 1 1 0 0 0 760 3 12 12 0
1 2 1 0 0 0 760 2 14 14 12
1 3 1 1 0 0 583 1 12 12 14
1 4 1 0 0 0 760 3 12 12 12
1 5 1 0 0 0 760 2 11 11 12
1 6 1 0 0 0 760 2 11 11 11
1 7 1 0 0 0 760 3 9 9 11
1 8 1 0 0 0 760 2 5 5 9
1 9 1 1 0 0 543 1 9 9 5
1 10 0 0 1 0 760 1 5 5 9
1 11 1 1 0 0 717 1 9 9 5
1 12 1 0 0 0 760 2 3 3 9
1 13 1 0 0 0 760 2 1 1 3
1 14 1 1 0 0 672 1 3 3 1
1 15 1 1 0 0 755 1 1 1 3
1 16 1 0 0 0 760 3 11 11 1
1 17 1 0 0 0 760 2 14 14 11
1 18 1 1 0 0 546 1 11 11 14
1 19 1 1 0 0 663 1 14 14 11
1 20 1 0 0 0 760 2 13 13 14
1 21 0 0 1 0 537 1 14 14 13
1 22 0 0 1 0 760 1 13 13 14
1 23 1 1 0 0 628 1 14 14 13
1 24 1 0 0 0 760 2 14 14 14
1 25 1 0 0 0 760 2 8 8 14
2 1 1 0 0 0 760 3 11 11 8
2 2 1 0 0 0 760 2 9 9 11
2 3 1 0 0 0 760 3 4 4 9
2 4 1 0 0 0 760 3 4 4 4
2 5 1 0 0 0 760 2 1 1 4
2 6 1 0 0 0 760 2 7 7 1
2 7 1 1 0 0 641 1 1 1 7
2 8 1 0 0 0 760 2 9 9 1
2 9 1 0 0 0 760 2 6 6 9
2 10 1 0 0 0 760 3 2 2 6
2 11 1 0 0 0 760 3 5 5 2
2 12 1 1 0 0 522 1 2 2 5
2 13 1 1 0 0 490 1 5 5 2
2 14 1 1 0 0 491 1 2 2 5
2 15 1 0 0 0 760 3 10 10 2
2 16 1 0 0 0 760 2 6 6 10
2 17 1 0 0 0 760 3 1 1 6
2 18 1 1 0 0 567 1 6 6 1
2 19 1 0 0 0 760 2 7 7 6
2 20 1 1 0 0 520 1 6 6 7
2 21 1 0 0 0 760 3 10 10 6
2 22 0 0 1 0 760 1 6 6 10
2 23 0 0 1 0 760 1 10 10 6
2 24 1 0 0 0 760 3 3 3 10
2 25 1 0 0 0 760 3 3 3 3
3 1 1 0 0 0 760 1 2 2 3
3 2 1 0 0 0 760 1 12 12 2
3 3 1 0 0 0 760 2 3 3 12
3 4 1 0 0 0 760 3 10 10 3
3 5 1 0 0 0 760 3 15 15 10
3 6 1 0 0 0 760 3 3 3 15
3 7 1 0 0 0 760 2 8 8 3
3 8 1 0 0 0 760 2 4 4 8
3 9 1 1 0 0 582 1 8 8 4
3 10 1 0 0 0 760 3 8 8 8
3 11 1 0 0 0 760 3 1 1 8
3 12 1 0 0 0 760 3 12 12 1
3 13 1 0 0 0 760 3 14 14 12
3 14 1 0 0 0 760 3 15 15 14
3 15 1 0 0 0 760 3 5 5 15
3 16 1 1 0 0 598 1 15 15 5
3 17 1 1 0 0 625 1 5 5 15
3 18 1 0 0 0 760 3 10 10 5
3 19 1 0 0 0 760 3 8 8 10
3 20 1 0 0 0 760 2 7 7 8
3 21 1 0 0 0 760 2 15 15 7
3 22 1 0 0 0 760 2 10 10 15
3 23 1 1 0 0 505 1 15 15 10
3 24 1 0 0 0 760 2 9 9 15
3 25 1 0 0 0 760 2 9 9 9
