1 1 1 0 0 0 760 3 14 14 0
1 2 1 0 0 0 760 2 15 15 14
1 3 1 0 0 0 760 2 1 1 15
1 4 0 0 1 0 760 1 15 15 1
1 5 1 0 0 0 760 3 4 4 15
1 6 1 0 0 0 760 3 6 6 4
1 7 1 1 0 0 749 1 4 4 6
1 8 1 0 0 0 760 2 11 11 4
1 9 1 1 0 0 657 1 4 4 11
1 10 1 0 0 0 760 3 7 7 4
1 11 1 0 0 0 760 2 9 9 7
1 12 1 0 0 0 760 3 6 6 9
1 13 1 0 0 0 760 2 5 5 6
1 14 1 0 0 0 760 2 3 3 5
1 15 1 1 0 0 638 1 5 5 3
1 16 0 0 1 0 760 1 3 3 5
1 17 0 0 1 0 760 1 5 5 3
1 18 1 1 0 0 711 1 3 3 5
1 19 1 0 0 0 760 2 13 13 3
1 20 1 1 0 0 687 1 3 3 13
1 21 1 0 0 0 760 2 11 11 3
1 22 0 0 1 0 760 1 3 3 11
1 23 1 0 0 0 760 2 7 7 3
1 24 1 0 0 0 760 2 14 14 7
1 25 1 0 0 0 760 2 3 3 14
2 1 1 0 0 0 760 2 8 8 3
2 2 1 0 0 0 760 1 4 4 8
2 3 1 0 0 0 760 2 15 15 4
2 4 1 1 0 0 652 1 4 4 15
2 5 1 0 0 0 760 2 2 2 4
2 6 1 0 0 0 760 3 6 6 2
2 7 1 1 0 0 581 1 2 2 6
2 8 1 1 0 0 566 1 6 6 2
2 9 1 1 0 0 624 1 2 2 6
2 10 1 0 0 0 760 2 15 15 2
2 11 1 1 0 0 639 1 2 2 15
2 12 1 0 0 0 760 3 14 14 2
2 13 1 0 0 0 760 2 1 1 14
2 14 1 0 0 0 760 2 5 5 1
2 15 1 1 0 0 696 1 1 1 5
2 16 0 0 1 0 760 1 5 5 1
2 17 1 0 0 0 760 2 15 15 5
2 18 1 0 0 0 760 2 11 11 15
2 19 1 0 0 0 760 3 7 7 11
2 20 1 0 0 0 760 2 5 5 7
2 21 0 0 1 0 760 1 7 7 5
2 22 1 1 0 0 580 1 5 5 7
2 23 1 0 0 0 760 2 14 14 5
2 24 0 0 1 0 760 1 5 5 14
2 25 1 0 0 0 760 3 13 13 5
3 1 1 0 0 0 760 1 10 10 13
3 2 1 0 0 0 760 2 5 5 10
3 3 1 1 0 0 565 1 10 10 5
3 4 1 0 0 0 760 3 6 6 10
3 5 0 0 1 0 760 1 10 10 6
3 6 0 0 1 0 760 1 6 6 10
3 7 1 0 0 0 760 2 8 8 6
3 8 1 1 0 0 557 1 6 6 8
3 9 1 1 0 0 590 1 8 8 6
3 10 1 0 0 0 760 2 13 13 8
3 11 0 0 1 0 760 1 8 8 13
3 12 1 0 0 0 760 3 15 15 8
3 13 1 0 0 0 760 2 5 5 15
3 14 1 0 0 0 760 3 3 3 5
3 15 0 0 1 0 760 1 5 5 3
3 16 1 0 0 0 760 3 15 15 5
3 17 0 0 0 1 762 2 15 15 15
3 18 1 1 0 0 754 1 15 15 15
3 19 0 0 1 0 760 1 15 15 15
3 20 1 0 0 0 760 2 3 3 15
3 21 1 0 0 0 760 3 7 7 3
3 22 1 0 0 0 760 2 10 10 7
3 23 1 0 0 0 760 3 9 9 10
3 24 1 1 0 0 742 1 10 10 9
3 25 0 0 1 0 760 1 9 9 10
