1 1 1 0 0 0 760 3 1 1 0
1 2 1 0 0 0 760 3 9 9 1
1 3 1 0 0 0 760 3 11 11 9
1 4 1 0 0 0 731 2 14 14 11
1 5 0 0 1 0 760 1 11 11 14
1 6 1 0 0 0 623 2 5 5 11
1 7 1 0 0 0 760 2 5 5 5
1 8 1 0 0 0 438 2 15 15 5
1 9 1 0 0 0 607 2 3 3 15
1 10 0 0 1 0 760 1 15 15 3
1 11 1 1 0 0 722 1 3 3 15
1 12 1 1 0 0 713 1 15 15 3
1 13 1 1 0 0 554 1 3 3 15
1 14 1 0 0 0 760 2 7 7 3
1 15 1 0 0 0 760 3 2 2 7
1 16 0 0 1 0 760 1 7 7 2
1 17 1 1 0 0 563 1 2 2 7
1 18 0 0 1 0 760 1 7 7 2
1 19 1 1 0 0 637 1 2 2 7
1 20 1 0 0 0 760 3 11 11 2
1 21 1 1 0 0 671 1 2 2 11
1 22 0 0 0 1 90 2 3 3 2
1 23 1 0 0 0 760 3 14 14 3
1 24 1 0 0 0 760 2 5 5 14
1 25 1 0 0 0 760 2 10 10 5
2 1 1 0 0 0 760 3 13 13 10
2 2 1 0 0 0 760 3 11 11 13
2 3 1 0 0 0 760 3 10 10 11
2 4 1 0 0 0 760 2 14 14 10
2 5 1 0 0 0 760 3 2 2 14
2 6 1 0 0 0 760 3 3 3 2
2 7 0 0 1 0 760 1 2 2 3
2 8 1 0 0 0 760 2 12 12 2
2 9 1 1 0 0 489 1 2 2 12
2 10 1 0 0 0 760 3 4 4 2
2 11 1 1 0 0 686 1 2 2 4
2 12 1 0 0 0 760 3 8 8 2
2 13 1 1 0 0 552 1 2 2 8
2 14 1 1 0 0 477 1 8 8 2
2 15 0 0 0 1 594 3 5 5 8
2 16 1 0 0 0 760 3 3 3 5
2 17 0 0 0 1 674 3 10 10 3
2 18 0 0 0 1 673 2 2 2 10
2 19 0 0 0 1 610 3 3 3 2
2 20 1 0 0 0 760 2 11 11 3
2 21 1 0 0 0 760 3 8 8 11
2 22 1 0 0 0 760 2 9 9 8
2 23 1 0 0 0 760 3 13 13 9
2 24 1 0 0 0 760 2 15 15 13
2 25 0 0 1 0 760 1 13 13 15
3 1 1 0 0 0 760 2 9 9 13
3 2 1 0 0 0 760 2 10 10 9
3 3 0 0 1 0 760 1 9 9 10
3 4 0 0 1 0 760 1 10 10 9
3 5 1 0 0 0 760 3 1 1 10
3 6 1 0 0 0 760 2 2 2 1
3 7 1 0 0 0 760 3 14 14 2
3 8 1 0 0 0 760 2 10 10 14
3 9 1 0 0 0 760 3 8 8 10
3 10 1 0 0 0 760 2 4 4 8
3 11 1 0 0 0 760 2 14 14 4
3 12 1 0 0 0 760 3 5 5 14
3 13 1 0 0 0 760 3 9 9 5
3 14 0 0 1 0 760 1 5 5 9
3 15 0 0 1 0 760 1 9 9 5
3 16 0 0 0 1 170 3 4 4 9
3 17 1 0 0 0 760 3 15 15 4
3 18 0 0 0 1 676 3 11 11 15
3 19 0 0 1 0 760 1 15 15 11
3 20 0 0 0 1 552 2 2 2 15
3 21 0 0 1 0 760 1 15 15 2
3 22 1 1 0 0 743 1 2 2 15
3 23 0 0 0 1 535 2 8 8 2
3 24 1 0 0 0 760 3 10 10 8
3 25 1 0 0 0 760 3 4 4 10
