1 1 1 0 0 0 634 3 3 3 0
1 2 1 0 0 0 760 2 12 12 3
1 3 1 0 0 0 693 3 8 8 12
1 4 1 0 0 0 760 3 4 4 8
1 5 1 0 0 0 760 2 6 6 4
1 6 0 0 1 0 686 1 4 4 6
1 7 1 0 0 0 760 3 1 1 4
1 8 1 0 0 0 637 2 1 1 1
1 9 1 1 0 0 536 1 1 1 1
1 10 0 0 1 0 760 1 1 1 1
1 11 1 0 0 0 760 3 9 9 1
1 12 1 0 0 0 760 2 9 9 9
1 13 1 0 0 0 760 2 1 1 9
1 14 0 0 1 0 760 1 9 9 1
1 15 1 1 0 0 642 1 1 1 9
1 16 1 0 0 0 760 3 2 2 1
1 17 1 1 0 0 533 1 1 1 2
1 18 1 0 0 0 760 2 4 4 1
1 19 1 0 0 0 760 2 5 5 4
1 20 1 0 0 0 760 3 10 10 5
1 21 1 0 0 0 760 2 14 14 10
1 22 1 0 0 0 760 3 7 7 14
1 23 1 0 0 0 760 2 1 1 7
1 24 1 0 0 0 760 2 4 4 1
1 25 1 0 0 0 760 3 10 10 4
2 1 1 0 0 0 760 2 9 9 10
2 2 1 0 0 0 760 3 11 11 9
2 3 1 0 0 0 760 2 10 10 11
2 4 1 0 0 0 760 2 7 7 10
2 5 1 0 0 0 760 2 6 6 7
2 6 1 0 0 0 760 2 8 8 6
2 7 1 0 0 0 760 3 5 5 8
2 8 1 0 0 0 760 2 11 11 5
2 9 1 0 0 0 760 2 10 10 11
2 10 1 1 0 0 727 1 11 11 10
2 11 1 0 0 0 760 3 14 14 11
2 12 1 1 0 0 692 1 11 11 14
2 13 1 1 0 0 537 1 14 14 11
2 14 1 0 0 0 760 2 2 2 14
2 15 1 0 0 0 760 2 10 10 2
2 16 1 1 0 0 551 1 2 2 10
2 17 1 1 0 0 590 1 10 10 2
2 18 1 0 0 0 760 2 13 13 10
2 19 1 0 0 0 760 3 7 7 13
2 20 1 0 0 0 760 2 6 6 7
2 21 1 1 0 0 581 1 7 7 6
2 22 1 0 0 0 760 3 14 14 7
2 23 1 0 0 0 760 2 10 10 14
2 24 1 0 0 0 760 3 8 8 10
2 25 1 0 0 0 760 3 15 15 8
3 1 1 0 0 0 760 1 14 14 15
3 2 1 0 0 0 760 2 3 3 14
3 3 1 0 0 0 760 3 9 9 3
3 4 0 0 1 0 760 1 3 3 9
3 5 0 0 1 0 760 1 9 9 3
3 6 1 1 0 0 751 1 3 3 9
3 7 0 0 0 1 611 3 3 3 3
3 8 1 0 0 0 760 2 10 10 3
3 9 1 0 0 0 760 3 9 9 10
3 10 1 0 0 0 760 3 9 9 9
3 11 1 0 0 0 760 3 15 15 9
3 12 0 0 1 0 760 1 9 9 15
3 13 0 0 1 0 760 1 15 15 9
3 14 1 0 0 0 760 2 4 4 15
3 15 1 0 0 0 760 3 10 10 4
3 16 0 0 1 0 760 1 4 4 10
3 17 1 0 0 0 760 2 9 9 4
3 18 1 0 0 0 760 2 3 3 9
3 19 1 0 0 0 760 2 13 13 3
3 20 1 0 0 0 760 3 14 14 13
3 21 1 0 0 0 760 2 11 11 14
3 22 1 0 0 0 760 3 11 11 11
3 23 1 1 0 0 598 1 11 11 11
3 24 1 0 0 0 760 2 7 7 11
3 25 1 0 0 0 760 3 6 6 7
