1 1 1 0 0 0 139 3 2 2 0
1 2 1 0 0 0 760 3 11 11 2
1 3 1 0 0 0 19 3 9 9 11
1 4 1 0 0 0 651 2 13 13 9
1 5 1 0 0 0 448 2 6 6 13
1 6 0 0 1 0 510 1 13 13 6
1 7 0 0 1 0 684 1 6 6 13
1 8 0 0 1 0 760 1 13 13 6
1 9 1 0 0 0 283 2 13 13 13
1 10 0 0 1 0 359 1 13 13 13
1 11 1 0 0 0 760 3 11 11 13
1 12 0 0 1 0 760 1 13 13 11
1 13 1 0 0 0 760 2 14 14 13
1 14 1 0 0 0 459 3 8 8 14
1 15 1 0 0 0 760 3 3 3 8
1 16 1 0 0 0 760 2 7 7 3
1 17 0 0 1 0 634 1 3 3 7
1 18 1 0 0 0 760 3 13 13 3
1 19 1 0 0 0 760 2 12 12 13
1 20 0 0 1 0 563 1 13 13 12
1 21 1 0 0 0 760 2 11 11 13
1 22 0 0 0 1 611 3 11 11 11
1 23 1 0 0 0 760 3 6 6 11
1 24 1 0 0 0 671 3 7 7 6
1 25 0 0 0 1 600 3 7 7 7
2 1 1 0 0 0 760 3 1 1 7
2 2 1 0 0 0 760 2 5 5 1
2 3 0 0 1 0 760 1 1 1 5
2 4 0 0 0 1 691 3 12 12 1
2 5 0 0 0 1 592 2 2 2 12
2 6 0 0 0 1 550 3 2 2 2
2 7 1 0 0 0 760 2 5 5 2
2 8 1 0 0 0 760 3 15 15 5
2 9 1 1 0 0 697 1 5 5 15
2 10 1 0 0 0 760 3 14 14 5
2 11 1 0 0 0 760 3 6 6 14
2 12 1 0 0 0 760 3 9 9 6
2 13 1 1 0 0 520 1 6 6 9
2 14 1 0 0 0 760 3 15 15 6
2 15 0 0 1 0 760 1 6 6 15
2 16 1 0 0 0 760 2 12 12 6
2 17 1 0 0 0 760 2 9 9 12
2 18 1 1 0 0 470 1 12 12 9
2 19 1 1 0 0 479 1 9 9 12
2 20 1 0 0 0 760 3 7 7 9
2 21 1 0 0 0 760 2 2 2 7
2 22 1 0 0 0 760 3 4 4 2
2 23 1 1 0 0 559 1 2 2 4
2 24 1 0 0 0 760 3 13 13 2
2 25 0 0 1 0 760 1 2 2 13
3 1 1 0 0 0 760 3 11 11 2
3 2 1 0 0 0 760 2 1 1 11
3 3 0 0 0 1 619 3 10 10 1
3 4 1 0 0 0 760 3 9 9 10
3 5 1 0 0 0 760 2 12 12 9
3 6 1 1 0 0 644 1 9 9 12
3 7 0 0 0 1 538 2 10 10 9
3 8 0 0 0 1 711 2 2 2 10
3 9 1 1 0 0 685 1 10 10 2
3 10 0 0 0 1 574 2 8 8 10
3 11 1 1 0 0 566 1 10 10 8
3 12 1 0 0 0 760 3 7 7 10
3 13 1 1 0 0 556 1 10 10 7
3 14 1 0 0 0 760 2 13 13 10
3 15 1 0 0 0 760 3 2 2 13
3 16 1 0 0 0 760 2 11 11 2
3 17 0 0 1 0 760 1 2 2 11
3 18 1 0 0 0 760 3 14 14 2
3 19 0 0 1 0 760 1 2 2 14
3 20 1 0 0 0 760 2 10 10 2
3 21 0 0 1 0 760 1 2 2 10
3 22 1 0 0 0 760 2 4 4 2
3 23 0 0 1 0 760 1 2 2 4
3 24 0 0 0 1 713 3 15 15 2
3 25 1 0 0 0 760 3 3 3 15
