1 1 1 0 0 0 760 3 11 11 0
1 2 1 0 0 0 760 2 6 6 11
1 3 1 0 0 0 760 2 14 14 6
1 4 1 0 0 0 760 3 7 7 14
1 5 1 0 0 0 760 2 3 3 7
1 6 1 0 0 0 760 2 13 13 3
1 7 1 0 0 0 760 3 14 14 13
1 8 1 0 0 0 760 3 3 3 14
1 9 1 0 0 0 760 3 10 10 3
1 10 0 0 1 0 760 1 3 3 10
1 11 0 0 1 0 760 1 10 10 3
1 12 0 0 1 0 690 1 3 3 10
1 13 0 0 1 0 700 1 10 10 3
1 14 0 0 0 1 480 2 14 14 10
1 15 0 0 1 0 760 1 10 10 14
1 16 1 0 0 0 760 2 7 7 10
1 17 1 0 0 0 760 2 14 14 7
1 18 1 0 0 0 760 2 15 15 14
1 19 1 0 0 0 760 3 1 1 15
1 20 1 0 0 0 760 2 12 12 1
1 21 0 0 1 0 760 1 1 1 12
1 22 1 0 0 0 760 2 15 15 1
1 23 1 0 0 0 760 3 15 15 15
1 24 0 0 0 1 594 2 12 12 15
1 25 0 0 1 0 760 1 15 15 12
2 1 1 0 0 0 760 2 3 3 15
2 2 1 0 0 0 760 1 4 4 3
2 3 1 0 0 0 760 2 5 5 4
2 4 1 0 0 0 760 2 6 6 5
2 5 1 0 0 0 760 2 15 15 6
2 6 1 0 0 0 760 2 8 8 15
2 7 1 0 0 0 760 3 11 11 8
2 8 1 0 0 0 760 3 12 12 11
2 9 0 0 1 0 760 1 11 11 12
2 10 0 0 0 1 635 2 11 11 11
2 11 1 0 0 0 760 3 12 12 11
2 12 1 0 0 0 760 3 10 10 12
2 13 0 0 1 0 760 1 12 12 10
2 14 1 0 0 0 760 2 8 8 12
2 15 0 0 1 0 760 1 12 12 8
2 16 1 0 0 0 760 2 13 13 12
2 17 1 0 0 0 760 3 1 1 13
2 18 1 1 0 0 542 1 13 13 1
2 19 1 0 0 0 760 3 10 10 13
2 20 1 0 0 0 760 2 5 5 10
2 21 1 0 0 0 760 2 2 2 5
2 22 0 0 1 0 760 1 5 5 2
2 23 0 0 1 0 760 1 2 2 5
2 24 1 0 0 0 760 3 3 3 2
2 25 1 0 0 0 760 3 5 5 3
3 1 1 0 0 0 760 2 7 7 5
3 2 1 0 0 0 760 3 3 3 7
3 3 1 0 0 0 760 3 15 15 3
3 4 0 0 0 1 463 2 11 11 15
3 5 1 0 0 0 760 3 12 12 11
3 6 1 1 0 0 626 1 11 11 12
3 7 1 0 0 0 760 2 13 13 11
3 8 0 0 1 0 760 1 11 11 13
3 9 1 0 0 0 760 2 8 8 11
3 10 1 0 0 0 760 2 6 6 8
3 11 0 0 1 0 760 1 8 8 6
3 12 1 0 0 0 760 3 2 2 8
3 13 1 0 0 0 760 3 4 4 2
3 14 0 0 1 0 760 1 2 2 4
3 15 1 0 0 0 760 3 5 5 2
3 16 0 0 1 0 760 1 2 2 5
3 17 1 0 0 0 760 2 3 3 2
3 18 0 0 1 0 760 1 2 2 3
3 19 0 0 1 0 760 1 3 3 2
3 20 1 0 0 0 760 2 14 14 3
3 21 1 0 0 0 760 2 1 1 14
3 22 0 0 1 0 760 1 14 14 1
3 23 0 0 0 1 665 3 6 6 14
3 24 1 0 0 0 760 2 4 4 6
3 25 1 0 0 0 760 3 12 12 4
