1 1 1 0 0 0 376 1 13 13 0
1 2 1 0 0 0 760 1 8 8 13
1 3 1 1 0 0 477 1 13 13 8
1 4 1 1 0 0 732 1 8 8 13
1 5 1 0 0 0 760 3 2 2 8
1 6 1 0 0 0 760 2 2 2 2
1 7 0 0 0 1 714 3 12 12 2
1 8 0 0 1 0 760 1 2 2 12
1 9 1 1 0 0 623 1 12 12 2
1 10 1 0 0 0 760 2 11 11 12
1 11 1 0 0 0 760 2 2 2 11
1 12 1 0 0 0 760 2 9 9 2
1 13 1 1 0 0 679 1 2 2 9
1 14 1 0 0 0 760 3 5 5 2
1 15 1 0 0 0 760 3 14 14 5
1 16 1 0 0 0 760 2 7 7 14
1 17 1 0 0 0 760 3 5 5 7
1 18 1 0 0 0 760 2 15 15 5
1 19 1 0 0 0 760 3 9 9 15
1 20 0 0 1 0 760 1 15 15 9
1 21 0 0 1 0 760 1 9 9 15
1 22 1 0 0 0 760 2 13 13 9
1 23 0 0 1 0 760 1 9 9 13
1 24 1 0 0 0 760 2 3 3 9
1 25 1 0 0 0 760 2 11 11 3
2 1 1 0 0 0 760 2 9 9 11
2 2 1 0 0 0 760 1 13 13 9
2 3 1 1 0 0 595 1 9 9 13
2 4 1 0 0 0 760 3 5 5 9
2 5 1 1 0 0 669 1 9 9 5
2 6 1 0 0 0 760 3 7 7 9
2 7 1 0 0 0 760 2 2 2 7
2 8 1 0 0 0 760 3 14 14 2
2 9 1 0 0 0 760 2 8 8 14
2 10 1 1 0 0 601 1 14 14 8
2 11 1 0 0 0 760 3 10 10 14
2 12 1 0 0 0 760 3 6 6 10
2 13 0 0 0 1 516 2 14 14 6
2 14 1 1 0 0 609 1 6 6 14
2 15 1 0 0 0 760 2 7 7 6
2 16 1 1 0 0 516 1 6 6 7
2 17 1 1 0 0 615 1 7 7 6
2 18 1 1 0 0 542 1 6 6 7
2 19 1 0 0 0 760 2 6 6 6
2 20 1 1 0 0 522 1 6 6 6
2 21 1 0 0 0 760 2 14 14 6
2 22 1 0 0 0 760 2 12 12 14
2 23 1 0 0 0 760 2 7 7 12
2 24 1 0 0 0 760 3 4 4 7
2 25 1 0 0 0 760 3 1 1 4
3 1 1 0 0 0 760 2 7 7 1
3 2 1 0 0 0 760 2 11 11 7
3 3 1 1 0 0 750 1 7 7 11
3 4 1 0 0 0 760 2 6 6 7
3 5 1 1 0 0 566 1 7 7 6
3 6 1 0 0 0 760 2 5 5 7
3 7 1 1 0 0 575 1 7 7 5
3 8 1 1 0 0 629 1 5 5 7
3 9 1 0 0 0 760 2 8 8 5
3 10 1 0 0 0 760 2 10 10 8
3 11 1 0 0 0 760 3 11 11 10
3 12 1 1 0 0 679 1 10 10 11
3 13 1 1 0 0 546 1 11 11 10
3 14 1 1 0 0 545 1 10 10 11
3 15 1 0 0 0 760 3 2 2 10
3 16 1 0 0 0 760 2 8 8 2
3 17 1 1 0 0 527 1 2 2 8
3 18 1 1 0 0 562 1 8 8 2
3 19 1 0 0 0 760 2 13 13 8
3 20 1 0 0 0 760 3 6 6 13
3 21 1 0 0 0 760 2 1 1 6
3 22 1 0 0 0 760 2 12 12 1
3 23 1 0 0 0 760 2 13 13 12
3 24 1 0 0 0 760 2 1 1 13
3 25 1 0 0 0 760 2 4 4 1
