1 1 1 0 0 0 760 1 5 5 0
1 2 1 0 0 0 760 3 12 12 5
1 3 0 0 1 0 665 1 5 5 12
1 4 1 0 0 0 760 3 6 6 5
1 5 1 0 0 0 760 2 1 1 6
1 6 1 1 0 0 742 1 6 6 1
1 7 0 0 1 0 760 1 1 1 6
1 8 1 0 0 0 760 2 11 11 1
1 9 1 1 0 0 469 1 1 1 11
1 10 1 0 0 0 760 3 12 12 1
1 11 1 0 0 0 760 3 4 4 12
1 12 1 1 0 0 459 1 12 12 4
1 13 1 1 0 0 511 1 4 4 12
1 14 1 1 0 0 640 1 12 12 4
1 15 1 0 0 0 760 3 7 7 12
1 16 1 0 0 0 760 2 13 13 7
1 17 1 0 0 0 760 3 6 6 13
1 18 1 0 0 0 760 2 15 15 6
1 19 1 1 0 0 500 1 6 6 15
1 20 1 1 0 0 599 1 15 15 6
1 21 1 1 0 0 706 1 6 6 15
1 22 1 0 0 0 760 3 7 7 6
1 23 1 0 0 0 760 2 4 4 7
1 24 1 0 0 0 760 2 9 9 4
1 25 1 0 0 0 760 3 1 1 9
2 1 1 0 0 0 760 2 4 4 1
2 2 1 0 0 0 760 2 10 10 4
2 3 1 0 0 0 760 2 2 2 10
2 4 1 0 0 0 760 3 6 6 2
2 5 1 1 0 0 460 1 2 2 6
2 6 1 0 0 0 760 3 5 5 2
2 7 1 1 0 0 510 1 2 2 5
2 8 0 0 0 1 537 2 9 9 2
2 9 0 0 0 1 527 3 5 5 9
2 10 1 0 0 0 760 2 1 1 5
2 11 1 0 0 0 760 2 11 11 1
2 12 1 0 0 0 760 2 14 14 11
2 13 1 1 0 0 576 1 11 11 14
2 14 1 0 0 0 760 3 7 7 11
2 15 1 0 0 0 760 2 7 7 7
2 16 0 0 1 0 760 1 7 7 7
2 17 0 0 0 1 496 2 10 10 7
2 18 1 0 0 0 760 2 4 4 10
2 19 1 0 0 0 760 2 6 6 4
2 20 1 1 0 0 524 1 4 4 6
2 21 1 0 0 0 760 2 9 9 4
2 22 1 0 0 0 760 2 14 14 9
2 23 1 0 0 0 760 3 3 3 14
2 24 1 0 0 0 760 3 10 10 3
2 25 0 0 0 1 621 3 14 14 10
3 1 1 0 0 0 760 3 3 3 14
3 2 1 0 0 0 760 1 6 6 3
3 3 1 0 0 0 760 2 6 6 6
3 4 1 0 0 0 760 2 10 10 6
3 5 1 0 0 0 760 2 1 1 10
3 6 0 0 0 1 631 3 1 1 1
3 7 1 0 0 0 760 2 7 7 1
3 8 1 0 0 0 760 3 15 15 7
3 9 1 0 0 0 760 3 1 1 15
3 10 1 0 0 0 760 3 10 10 1
3 11 1 0 0 0 760 3 8 8 10
3 12 1 0 0 0 760 2 4 4 8
3 13 1 0 0 0 760 3 15 15 4
3 14 1 0 0 0 760 2 1 1 15
3 15 1 0 0 0 760 2 2 2 1
3 16 1 0 0 0 760 2 9 9 2
3 17 1 1 0 0 436 1 2 2 9
3 18 1 1 0 0 522 1 9 9 2
3 19 1 1 0 0 545 1 2 2 9
3 20 1 0 0 0 760 2 11 11 2
3 21 1 1 0 0 626 1 2 2 11
3 22 1 0 0 0 760 2 13 13 2
3 23 1 1 0 0 478 1 2 2 13
3 24 0 0 1 0 760 1 13 13 2
3 25 1 1 0 0 624 1 2 2 13
