1 1 1 0 0 0 760 3 3 3 0
1 2 1 0 0 0 760 3 7 7 3
1 3 1 0 0 0 760 2 4 4 7
1 4 1 1 0 0 689 1 7 7 4
1 5 1 0 0 0 760 2 5 5 7
1 6 1 0 0 0 760 3 14 14 5
1 7 1 0 0 0 760 3 10 10 14
1 8 1 1 0 0 462 1 14 14 10
1 9 1 0 0 0 760 2 3 3 14
1 10 1 1 0 0 454 1 14 14 3
1 11 1 0 0 0 760 3 15 15 14
1 12 1 1 0 0 569 1 14 14 15
1 13 0 0 0 1 537 3 14 14 14
1 14 1 1 0 0 576 1 14 14 14
1 15 1 0 0 0 760 3 12 12 14
1 16 1 0 0 0 760 2 11 11 12
1 17 1 1 0 0 494 1 12 12 11
1 18 1 0 0 0 760 3 6 6 12
1 19 1 0 0 0 760 2 1 1 6
1 20 1 0 0 0 760 3 2 2 1
1 21 1 1 0 0 500 1 1 1 2
1 22 1 0 0 0 760 2 11 11 1
1 23 1 0 0 0 760 2 13 13 11
1 24 1 0 0 0 760 3 15 15 13
1 25 1 0 0 0 760 3 9 9 15
2 1 1 0 0 0 760 3 7 7 9
2 2 1 0 0 0 760 1 12 12 7
2 3 1 0 0 0 760 3 13 13 12
2 4 1 0 0 0 760 2 1 1 13
2 5 1 1 0 0 542 1 13 13 1
2 6 1 0 0 0 760 2 13 13 13
2 7 1 1 0 0 559 1 13 13 13
2 8 0 0 1 0 760 1 13 13 13
2 9 1 0 0 0 760 2 8 8 13
2 10 1 0 0 0 760 2 7 7 8
2 11 1 0 0 0 760 3 4 4 7
2 12 0 0 0 1 483 2 4 4 4
2 13 1 0 0 0 760 2 13 13 4
2 14 1 1 0 0 674 1 4 4 13
2 15 1 0 0 0 760 3 8 8 4
2 16 1 0 0 0 760 3 14 14 8
2 17 1 0 0 0 760 2 14 14 14
2 18 1 0 0 0 760 3 15 15 14
2 19 1 0 0 0 760 3 10 10 15
2 20 1 0 0 0 760 2 7 7 10
2 21 0 0 0 1 602 2 7 7 7
2 22 1 1 0 0 547 1 7 7 7
2 23 0 0 0 1 528 3 4 4 7
2 24 1 0 0 0 760 3 11 11 4
2 25 1 0 0 0 760 3 12 12 11
3 1 1 0 0 0 760 1 6 6 12
3 2 1 0 0 0 760 3 10 10 6
3 3 1 1 0 0 686 1 6 6 10
3 4 1 1 0 0 627 1 10 10 6
3 5 1 0 0 0 760 2 5 5 10
3 6 1 1 0 0 623 1 10 10 5
3 7 1 0 0 0 760 2 15 15 10
3 8 1 0 0 0 760 2 4 4 15
3 9 1 0 0 0 760 2 5 5 4
3 10 1 0 0 0 760 2 8 8 5
3 11 1 1 0 0 507 1 5 5 8
3 12 0 0 0 1 546 3 5 5 5
3 13 1 0 0 0 760 3 3 3 5
3 14 1 1 0 0 457 1 5 5 3
3 15 1 0 0 0 760 3 10 10 5
3 16 1 0 0 0 760 2 6 6 10
3 17 1 0 0 0 760 2 3 3 6
3 18 0 0 1 0 760 1 6 6 3
3 19 1 0 0 0 760 3 14 14 6
3 20 1 0 0 0 760 3 11 11 14
3 21 1 1 0 0 471 1 14 14 11
3 22 1 0 0 0 760 3 15 15 14
3 23 1 1 0 0 494 1 14 14 15
3 24 1 1 0 0 501 1 15 15 14
3 25 1 0 0 0 760 3 7 7 15
