1 1 1 0 0 0 760 1 6 6 0
1 2 1 0 0 0 760 2 12 12 6
1 3 1 0 0 0 760 3 2 2 12
1 4 0 0 1 0 760 1 12 12 2
1 5 1 0 0 0 760 3 8 8 12
1 6 1 1 0 0 616 1 12 12 8
1 7 0 0 1 0 760 1 8 8 12
1 8 1 0 0 0 760 2 2 2 8
1 9 1 0 0 0 760 2 12 12 2
1 10 1 1 0 0 508 1 2 2 12
1 11 1 0 0 0 760 2 8 8 2
1 12 1 1 0 0 441 1 2 2 8
1 13 1 1 0 0 698 1 8 8 2
1 14 1 0 0 0 760 3 15 15 8
1 15 1 1 0 0 498 1 8 8 15
1 16 1 1 0 0 588 1 15 15 8
1 17 1 0 0 0 760 3 1 1 15
1 18 0 0 0 1 491 3 4 4 1
1 19 1 0 0 0 760 3 14 14 4
1 20 1 0 0 0 760 2 2 2 14
1 21 1 0 0 0 760 2 6 6 2
1 22 1 0 0 0 760 3 8 8 6
1 23 0 0 1 0 760 1 6 6 8
1 24 1 0 0 0 760 2 13 13 6
1 25 1 1 0 0 661 1 6 6 13
2 1 0 0 0 1 563 3 6 6 6
2 2 1 0 0 0 760 3 9 9 6
2 3 1 0 0 0 760 2 4 4 9
2 4 1 0 0 0 760 3 4 4 4
2 5 1 1 0 0 491 1 4 4 4
2 6 1 1 0 0 516 1 4 4 4
2 7 1 0 0 0 760 3 13 13 4
2 8 1 0 0 0 760 2 7 7 13
2 9 1 1 0 0 479 1 13 13 7
2 10 1 1 0 0 604 1 7 7 13
2 11 1 1 0 0 479 1 13 13 7
2 12 1 1 0 0 488 1 7 7 13
2 13 1 1 0 0 504 1 13 13 7
2 14 1 0 0 0 760 2 6 6 13
2 15 1 0 0 0 760 3 1 1 6
2 16 1 1 0 0 475 1 6 6 1
2 17 1 0 0 0 760 2 7 7 6
2 18 1 1 0 0 417 1 6 6 7
2 19 1 0 0 0 760 3 10 10 6
2 20 1 0 0 0 760 3 9 9 10
2 21 1 0 0 0 760 2 12 12 9
2 22 1 1 0 0 465 1 9 9 12
2 23 1 1 0 0 466 1 12 12 9
2 24 1 0 0 0 760 3 10 10 12
2 25 1 0 0 0 760 3 9 9 10
3 1 1 0 0 0 760 1 8 8 9
3 2 1 0 0 0 760 2 13 13 8
3 3 1 0 0 0 760 3 14 14 13
3 4 1 0 0 0 760 3 10 10 14
3 5 1 1 0 0 492 1 14 14 10
3 6 1 0 0 0 760 2 15 15 14
3 7 1 0 0 0 760 2 9 9 15
3 8 1 0 0 0 760 2 8 8 9
3 9 1 0 0 0 760 2 12 12 8
3 10 1 1 0 0 457 1 8 8 12
3 11 1 0 0 0 760 3 15 15 8
3 12 1 0 0 0 760 2 2 2 15
3 13 1 0 0 0 760 2 8 8 2
3 14 1 1 0 0 466 1 2 2 8
3 15 1 0 0 0 760 3 1 1 2
3 16 1 1 0 0 445 1 2 2 1
3 17 0 0 0 1 613 2 2 2 2
3 18 1 0 0 0 760 2 15 15 2
3 19 1 1 0 0 604 1 2 2 15
3 20 1 0 0 0 760 3 14 14 2
3 21 1 0 0 0 760 3 12 12 14
3 22 1 0 0 0 760 2 1 1 12
3 23 1 1 0 0 478 1 12 12 1
3 24 1 0 0 0 760 3 13 13 12
3 25 1 0 0 0 760 3 3 3 13
