1 1 1 0 0 0 760 2 10 10 0
1 2 1 0 0 0 760 3 1 1 10
1 3 1 1 0 0 738 1 10 10 1
1 4 1 0 0 0 760 2 6 6 10
1 5 1 0 0 0 760 2 11 11 6
1 6 1 1 0 0 687 1 6 6 11
1 7 1 0 0 0 760 3 8 8 6
1 8 1 0 0 0 760 2 12 12 8
1 9 1 0 0 0 760 2 15 15 12
1 10 1 0 0 0 760 2 6 6 15
1 11 0 0 1 0 760 1 15 15 6
1 12 1 0 0 0 760 3 11 11 15
1 13 1 0 0 0 760 2 9 9 11
1 14 1 0 0 0 760 2 10 10 9
1 15 0 0 1 0 760 1 9 9 10
1 16 1 0 0 0 760 3 6 6 9
1 17 1 0 0 0 760 3 8 8 6
1 18 1 0 0 0 760 2 15 15 8
1 19 1 0 0 0 760 2 15 15 15
1 20 1 0 0 0 760 3 8 8 15
1 21 1 0 0 0 760 2 1 1 8
1 22 1 0 0 0 760 3 11 11 1
1 23 1 0 0 0 760 3 5 5 11
1 24 1 0 0 0 760 2 10 10 5
1 25 1 0 0 0 760 3 12 12 10
2 1 0 0 0 1 235 1 2 2 12
2 2 1 0 0 0 760 3 10 10 2
2 3 1 0 0 0 760 2 7 7 10
2 4 0 0 1 0 760 1 10 10 7
2 5 0 0 1 0 760 1 7 7 10
2 6 1 0 0 0 760 3 8 8 7
2 7 1 0 0 0 760 2 5 5 8
2 8 1 1 0 0 566 1 8 8 5
2 9 1 0 0 0 760 2 10 10 8
2 10 1 0 0 0 760 2 12 12 10
2 11 1 0 0 0 760 2 15 15 12
2 12 1 0 0 0 760 2 6 6 15
2 13 1 0 0 0 760 2 8 8 6
2 14 0 0 1 0 760 1 6 6 8
2 15 1 0 0 0 760 3 3 3 6
2 16 1 0 0 0 760 3 13 13 3
2 17 1 0 0 0 760 3 15 15 13
2 18 0 0 1 0 760 1 13 13 15
2 19 0 0 1 0 760 1 15 15 13
2 20 1 0 0 0 760 3 10 10 15
2 21 0 0 1 0 760 1 15 15 10
2 22 0 0 1 0 760 1 10 10 15
2 23 1 0 0 0 760 2 9 9 10
2 24 1 1 0 0 686 1 10 10 9
2 25 1 1 0 0 582 1 9 9 10
3 1 1 0 0 0 760 1 12 12 9
3 2 1 0 0 0 760 3 2 2 12
3 3 1 0 0 0 760 2 13 13 2
3 4 1 0 0 0 760 3 8 8 13
3 5 1 0 0 0 760 2 4 4 8
3 6 1 0 0 0 760 2 5 5 4
3 7 1 1 0 0 644 1 4 4 5
3 8 1 1 0 0 628 1 5 5 4
3 9 1 0 0 0 760 2 9 9 5
3 10 1 0 0 0 760 3 6 6 9
3 11 1 0 0 0 760 3 7 7 6
3 12 1 0 0 0 760 3 15 15 7
3 13 1 0 0 0 760 2 12 12 15
3 14 1 1 0 0 740 1 15 15 12
3 15 1 0 0 0 760 2 10 10 15
3 16 1 0 0 0 760 3 6 6 10
3 17 1 0 0 0 760 2 7 7 6
3 18 1 0 0 0 760 2 11 11 7
3 19 1 0 0 0 760 2 2 2 11
3 20 1 0 0 0 760 2 7 7 2
3 21 0 0 0 1 606 3 6 6 7
3 22 1 0 0 0 760 3 9 9 6
3 23 1 1 0 0 629 1 6 6 9
3 24 1 0 0 0 760 2 5 5 6
3 25 1 0 0 0 760 3 9 9 5
