1 1 1 0 0 0 760 3 1 1 0
1 2 1 0 0 0 760 2 2 2 1
1 3 1 0 0 0 760 3 2 2 2
1 4 1 0 0 0 760 3 5 5 2
1 5 1 0 0 0 760 2 4 4 5
1 6 1 0 0 0 760 2 9 9 4
1 7 1 0 0 0 760 2 6 6 9
1 8 1 0 0 0 760 2 11 11 6
1 9 1 0 0 0 760 2 13 13 11
1 10 1 0 0 0 760 2 1 1 13
1 11 1 0 0 0 760 2 14 14 1
1 12 1 0 0 0 760 3 14 14 14
1 13 1 0 0 0 760 3 11 11 14
1 14 1 0 0 0 760 3 8 8 11
1 15 0 0 1 0 760 1 11 11 8
1 16 1 0 0 0 760 2 2 2 11
1 17 1 0 0 0 760 3 8 8 2
1 18 1 0 0 0 760 2 11 11 8
1 19 1 0 0 0 760 2 7 7 11
1 20 1 0 0 0 760 3 13 13 7
1 21 1 0 0 0 760 3 8 8 13
1 22 0 0 1 0 760 1 13 13 8
1 23 0 0 1 0 760 1 8 8 13
1 24 1 0 0 0 760 3 10 10 8
1 25 1 0 0 0 760 2 10 10 10
2 1 1 0 0 0 760 3 14 14 10
2 2 1 0 0 0 760 3 5 5 14
2 3 1 0 0 0 760 3 8 8 5
2 4 1 0 0 0 760 2 3 3 8
2 5 0 0 1 0 760 1 8 8 3
2 6 1 0 0 0 760 2 8 8 8
2 7 1 0 0 0 760 2 7 7 8
2 8 1 1 0 0 525 1 8 8 7
2 9 1 0 0 0 760 3 2 2 8
2 10 1 0 0 0 760 2 3 3 2
2 11 1 0 0 0 760 3 12 12 3
2 12 1 0 0 0 760 3 10 10 12
2 13 1 1 0 0 573 1 12 12 10
2 14 1 0 0 0 760 2 8 8 12
2 15 1 0 0 0 760 3 3 3 8
2 16 0 0 1 0 760 1 8 8 3
2 17 1 0 0 0 760 3 14 14 8
2 18 1 0 0 0 760 2 6 6 14
2 19 1 0 0 0 760 2 10 10 6
2 20 1 0 0 0 760 2 15 15 10
2 21 1 0 0 0 760 2 3 3 15
2 22 0 0 1 0 760 1 15 15 3
2 23 1 0 0 0 760 3 14 14 15
2 24 1 1 0 0 679 1 15 15 14
2 25 1 0 0 0 760 2 5 5 15
3 1 1 0 0 0 760 2 9 9 5
3 2 1 0 0 0 760 2 2 2 9
3 3 1 0 0 0 760 3 8 8 2
3 4 0 0 1 0 760 1 2 2 8
3 5 1 1 0 0 663 1 8 8 2
3 6 1 0 0 0 760 3 1 1 8
3 7 0 0 1 0 760 1 8 8 1
3 8 1 1 0 0 667 1 1 1 8
3 9 1 0 0 0 760 3 2 2 1
3 10 0 0 1 0 760 1 1 1 2
3 11 1 1 0 0 752 1 2 2 1
3 12 1 0 0 0 760 3 8 8 2
3 13 1 0 0 0 760 2 5 5 8
3 14 1 0 0 0 760 2 7 7 5
3 15 0 0 1 0 760 1 5 5 7
3 16 1 0 0 0 760 3 2 2 5
3 17 1 0 0 0 760 2 13 13 2
3 18 0 0 1 0 760 1 2 2 13
3 19 1 0 0 0 760 3 10 10 2
3 20 1 0 0 0 760 3 4 4 10
3 21 0 0 1 0 760 1 10 10 4
3 22 1 0 0 0 760 3 3 3 10
3 23 1 0 0 0 760 2 1 1 3
3 24 1 0 0 0 760 3 8 8 1
3 25 1 0 0 0 760 3 6 6 8
