1 1 1 0 0 0 760 2 7 7 0
1 2 1 0 0 0 760 1 15 15 7
1 3 1 0 0 0 760 2 8 8 15
1 4 1 0 0 0 760 3 3 3 8
1 5 1 0 0 0 760 3 2 2 3
1 6 1 0 0 0 760 2 15 15 2
1 7 0 0 1 0 760 1 2 2 15
1 8 1 0 0 0 760 2 9 9 2
1 9 1 1 0 0 751 1 2 2 9
1 10 1 1 0 0 763 1 9 9 2
1 11 1 0 0 0 760 3 4 4 9
1 12 1 0 0 0 760 3 10 10 4
1 13 1 0 0 0 760 2 2 2 10
1 14 1 0 0 0 760 3 9 9 2
1 15 1 0 0 0 760 2 9 9 9
1 16 1 0 0 0 760 3 5 5 9
1 17 1 0 0 0 760 2 13 13 5
1 18 1 0 0 0 760 3 2 2 13
1 19 1 0 0 0 760 3 4 4 2
1 20 1 0 0 0 760 3 14 14 4
1 21 1 0 0 0 760 2 14 14 14
1 22 1 0 0 0 760 3 8 8 14
1 23 1 0 0 0 760 2 12 12 8
1 24 0 0 1 0 760 1 8 8 12
1 25 1 0 0 0 760 2 14 14 8
2 1 1 0 0 0 760 3 5 5 14
2 2 1 0 0 0 760 1 13 13 5
2 3 1 0 0 0 760 3 3 3 13
2 4 0 0 1 0 760 1 13 13 3
2 5 1 0 0 0 760 2 6 6 13
2 6 0 0 0 1 541 2 2 2 6
2 7 1 0 0 0 760 2 1 1 2
2 8 1 1 0 0 665 1 2 2 1
2 9 1 0 0 0 760 3 2 2 2
2 10 1 0 0 0 760 2 3 3 2
2 11 1 0 0 0 760 3 10 10 3
2 12 1 0 0 0 760 3 6 6 10
2 13 1 1 0 0 613 1 10 10 6
2 14 1 0 0 0 760 3 1 1 10
2 15 1 1 0 0 622 1 10 10 1
2 16 1 0 0 0 760 3 8 8 10
2 17 0 0 1 0 760 1 10 10 8
2 18 1 0 0 0 760 3 11 11 10
2 19 1 0 0 0 760 3 13 13 11
2 20 1 0 0 0 760 3 4 4 13
2 21 1 0 0 0 760 3 3 3 4
2 22 1 0 0 0 760 3 11 11 3
2 23 0 0 1 0 760 1 3 3 11
2 24 1 1 0 0 661 1 11 11 3
2 25 0 0 1 0 760 1 3 3 11
3 1 1 0 0 0 760 1 12 12 3
3 2 1 0 0 0 760 2 4 4 12
3 3 1 0 0 0 760 3 4 4 4
3 4 1 1 0 0 585 1 4 4 4
3 5 1 0 0 0 760 2 7 7 4
3 6 1 0 0 0 760 2 7 7 7
3 7 1 0 0 0 760 3 9 9 7
3 8 1 0 0 0 760 3 8 8 9
3 9 1 0 0 0 760 3 4 4 8
3 10 1 0 0 0 760 2 5 5 4
3 11 1 0 0 0 760 3 3 3 5
3 12 0 0 1 0 760 1 5 5 3
3 13 1 1 0 0 520 1 3 3 5
3 14 1 0 0 0 760 3 15 15 3
3 15 1 1 0 0 719 1 3 3 15
3 16 0 0 1 0 760 1 15 15 3
3 17 1 1 0 0 503 1 3 3 15
3 18 0 0 0 1 745 2 9 9 3
3 19 1 0 0 0 760 2 13 13 9
3 20 1 1 0 0 610 1 9 9 13
3 21 1 0 0 0 760 2 1 1 9
3 22 1 0 0 0 760 2 10 10 1
3 23 1 0 0 0 760 3 3 3 10
3 24 1 0 0 0 760 2 11 11 3
3 25 1 1 0 0 565 1 3 3 11
