1 1 1 0 0 0 623 3 10 10 0
1 2 1 0 0 0 760 1 3 3 10
1 3 1 0 0 0 760 3 3 3 3
1 4 1 0 0 0 760 3 9 9 3
1 5 0 0 1 0 760 1 3 3 9
1 6 1 0 0 0 760 2 14 14 3
1 7 0 0 1 0 760 1 3 3 14
1 8 0 0 1 0 760 1 14 14 3
1 9 0 0 1 0 760 1 3 3 14
1 10 1 0 0 0 760 2 12 12 3
1 11 0 0 1 0 760 1 3 3 12
1 12 0 0 1 0 760 1 12 12 3
1 13 1 1 0 0 744 1 3 3 12
1 14 1 1 0 0 743 1 12 12 3
1 15 0 0 0 1 518 3 6 6 12
1 16 1 0 0 0 760 2 14 14 6
1 17 1 0 0 0 467 3 14 14 14
1 18 0 0 1 0 760 1 14 14 14
1 19 0 0 1 0 760 1 14 14 14
1 20 1 0 0 0 760 2 9 9 14
1 21 1 0 0 0 760 2 7 7 9
1 22 1 0 0 0 760 3 11 11 7
1 23 1 0 0 0 760 3 13 13 11
1 24 1 1 0 0 674 1 11 11 13
1 25 0 0 0 1 645 2 11 11 11
2 1 1 0 0 0 760 3 10 10 11
2 2 1 0 0 0 760 1 5 5 10
2 3 0 0 1 0 760 1 10 10 5
2 4 1 1 0 0 735 1 5 5 10
2 5 1 0 0 0 760 3 6 6 5
2 6 0 0 1 0 760 1 5 5 6
2 7 0 0 1 0 760 1 6 6 5
2 8 1 0 0 0 760 2 3 3 6
2 9 1 0 0 0 760 2 14 14 3
2 10 1 1 0 0 524 1 3 3 14
2 11 1 0 0 0 760 3 11 11 3
2 12 1 0 0 0 760 3 8 8 11
2 13 1 0 0 0 760 2 7 7 8
2 14 1 0 0 0 760 2 10 10 7
2 15 1 0 0 0 760 2 6 6 10
2 16 1 0 0 0 760 2 11 11 6
2 17 1 0 0 0 760 3 8 8 11
2 18 1 0 0 0 760 3 2 2 8
2 19 1 0 0 0 760 3 1 1 2
2 20 0 0 1 0 760 1 2 2 1
2 21 1 1 0 0 479 1 1 1 2
2 22 1 1 0 0 671 1 2 2 1
2 23 1 1 0 0 488 1 1 1 2
2 24 1 0 0 0 760 2 13 13 1
2 25 1 1 0 0 563 1 1 1 13
3 1 1 0 0 0 760 2 9 9 1
3 2 1 0 0 0 760 3 8 8 9
3 3 1 0 0 0 760 2 10 10 8
3 4 1 0 0 0 760 2 12 12 10
3 5 1 0 0 0 760 3 2 2 12
3 6 0 0 1 0 760 1 12 12 2
3 7 0 0 1 0 760 1 2 2 12
3 8 0 0 1 0 760 1 12 12 2
3 9 1 0 0 0 760 3 7 7 12
3 10 1 0 0 0 760 3 2 2 7
3 11 1 0 0 0 760 2 1 1 2
3 12 0 0 0 1 658 2 7 7 1
3 13 1 0 0 0 760 3 15 15 7
3 14 0 0 1 0 760 1 7 7 15
3 15 1 1 0 0 608 1 15 15 7
3 16 1 0 0 0 760 2 13 13 15
3 17 1 0 0 0 760 3 11 11 13
3 18 1 0 0 0 760 2 9 9 11
3 19 1 0 0 0 760 2 15 15 9
3 20 0 0 1 0 760 1 9 9 15
3 21 1 0 0 0 760 2 6 6 9
3 22 1 1 0 0 731 1 9 9 6
3 23 0 0 1 0 760 1 6 6 9
3 24 1 0 0 0 760 2 7 7 6
3 25 0 0 1 0 760 1 6 6 7
