1 1 1 0 0 0 760 1 3 3 0
1 2 1 0 0 0 760 2 3 3 3
1 3 0 0 1 0 513 1 3 3 3
1 4 1 0 0 0 760 2 11 11 3
1 5 1 1 0 0 613 1 3 3 11
1 6 1 1 0 0 466 1 11 11 3
1 7 1 0 0 0 760 2 6 6 11
1 8 1 1 0 0 496 1 11 11 6
1 9 1 1 0 0 545 1 6 6 11
1 10 0 0 1 0 760 1 11 11 6
1 11 0 0 1 0 760 1 6 6 11
1 12 1 0 0 0 760 3 13 13 6
1 13 1 0 0 0 760 3 4 4 13
1 14 1 0 0 0 760 2 7 7 4
1 15 1 1 0 0 510 1 4 4 7
1 16 1 0 0 0 760 3 13 13 4
1 17 1 1 0 0 486 1 4 4 13
1 18 1 0 0 0 760 3 4 4 4
1 19 1 0 0 0 760 2 6 6 4
1 20 1 1 0 0 509 1 4 4 6
1 21 0 0 1 0 760 1 6 6 4
1 22 1 0 0 0 760 2 10 10 6
1 23 1 0 0 0 760 3 5 5 10
1 24 1 0 0 0 760 2 12 12 5
1 25 1 0 0 0 760 2 4 4 12
2 1 1 0 0 0 760 1 4 4 4
2 2 1 0 0 0 760 3 15 15 4
2 3 1 0 0 0 760 2 7 7 15
2 4 1 0 0 0 760 2 9 9 7
2 5 1 1 0 0 464 1 7 7 9
2 6 1 0 0 0 760 3 3 3 7
2 7 1 1 0 0 540 1 7 7 3
2 8 1 0 0 0 760 3 6 6 7
2 9 1 0 0 0 760 3 12 12 6
2 10 1 0 0 0 760 2 3 3 12
2 11 1 0 0 0 760 2 2 2 3
2 12 1 0 0 0 760 2 9 9 2
2 13 1 0 0 0 760 3 1 1 9
2 14 1 1 0 0 686 1 9 9 1
2 15 1 1 0 0 521 1 1 1 9
2 16 1 0 0 0 760 3 5 5 1
2 17 1 1 0 0 502 1 1 1 5
2 18 1 0 0 0 760 3 6 6 1
2 19 1 0 0 0 760 3 14 14 6
2 20 1 0 0 0 760 2 5 5 14
2 21 1 0 0 0 760 2 15 15 5
2 22 1 1 0 0 525 1 5 5 15
2 23 1 0 0 0 760 3 13 13 5
2 24 1 1 0 0 566 1 5 5 13
2 25 1 0 0 0 760 2 10 10 5
3 1 1 0 0 0 760 3 13 13 10
3 2 1 0 0 0 760 2 5 5 13
3 3 1 0 0 0 760 3 1 1 5
3 4 1 0 0 0 760 3 11 11 1
3 5 0 0 0 1 651 2 13 13 11
3 6 1 1 0 0 459 1 11 11 13
3 7 1 0 0 0 760 3 8 8 11
3 8 0 0 1 0 760 1 11 11 8
3 9 0 0 1 0 760 1 8 8 11
3 10 1 0 0 0 760 2 15 15 8
3 11 1 1 0 0 426 1 8 8 15
3 12 1 1 0 0 542 1 15 15 8
3 13 1 1 0 0 527 1 8 8 15
3 14 1 0 0 0 760 2 5 5 8
3 15 1 0 0 0 760 2 2 2 5
3 16 1 1 0 0 436 1 5 5 2
3 17 1 0 0 0 760 3 1 1 5
3 18 1 0 0 0 760 3 15 15 1
3 19 1 1 0 0 438 1 1 1 15
3 20 1 0 0 0 760 2 10 10 1
3 21 1 1 0 0 447 1 1 1 10
3 22 1 0 0 0 760 3 9 9 1
3 23 1 0 0 0 760 3 4 4 9
3 24 1 1 0 0 562 1 9 9 4
3 25 1 1 0 0 520 1 4 4 9
