1 1 1 0 0 0 760 1 13 13 0
1 2 1 0 0 0 760 3 12 12 13
1 3 1 0 0 0 760 2 10 10 12
1 4 1 0 0 0 760 3 15 15 10
1 5 1 0 0 0 760 2 9 9 15
1 6 1 0 0 0 760 2 10 10 9
1 7 1 0 0 0 760 2 1 1 10
1 8 1 0 0 0 760 3 9 9 1
1 9 0 0 1 0 760 1 1 1 9
1 10 1 0 0 0 760 3 8 8 1
1 11 1 0 0 0 760 3 10 10 8
1 12 0 0 0 1 604 2 5 5 10
1 13 1 1 0 0 647 1 10 10 5
1 14 1 1 0 0 462 1 5 5 10
1 15 1 0 0 0 760 2 12 12 5
1 16 1 0 0 0 760 3 15 15 12
1 17 0 0 1 0 760 1 12 12 15
1 18 0 0 1 0 760 1 15 15 12
1 19 0 0 0 1 486 3 3 3 15
1 20 1 0 0 0 760 3 6 6 3
1 21 1 0 0 0 736 3 9 9 6
1 22 1 0 0 0 760 2 15 15 9
1 23 1 0 0 0 760 2 12 12 15
1 24 1 0 0 0 760 2 2 2 12
1 25 0 0 1 0 760 1 12 12 2
2 1 1 0 0 0 760 2 10 10 12
2 2 1 0 0 0 760 3 6 6 10
2 3 1 0 0 0 760 3 1 1 6
2 4 1 0 0 0 760 3 11 11 1
2 5 1 0 0 0 760 3 8 8 11
2 6 1 0 0 0 760 3 14 14 8
2 7 0 0 1 0 760 1 8 8 14
2 8 0 0 1 0 760 1 14 14 8
2 9 1 0 0 0 760 3 11 11 14
2 10 1 0 0 0 760 3 10 10 11
2 11 1 0 0 0 760 2 1 1 10
2 12 1 0 0 0 760 2 13 13 1
2 13 0 0 1 0 760 1 1 1 13
2 14 1 0 0 0 760 3 6 6 1
2 15 1 1 0 0 559 1 1 1 6
2 16 0 0 0 1 500 3 9 9 1
2 17 0 0 0 1 408 3 11 11 9
2 18 0 0 0 1 317 2 14 14 11
2 19 0 0 0 1 45 3 13 13 14
2 20 0 0 0 1 419 2 11 11 13
2 21 1 1 0 0 557 1 13 13 11
2 22 0 0 0 1 488 2 12 12 13
2 23 0 0 0 1 482 2 15 15 12
2 24 0 0 0 1 462 2 2 2 15
2 25 1 1 0 0 347 1 15 15 2
3 1 1 0 0 0 760 3 7 7 15
3 2 1 0 0 0 760 2 14 14 7
3 3 1 1 0 0 682 1 7 7 14
3 4 1 0 0 0 760 2 5 5 7
3 5 1 0 0 0 760 2 3 3 5
3 6 0 0 1 0 760 1 5 5 3
3 7 1 1 0 0 680 1 3 3 5
3 8 1 0 0 0 760 3 13 13 3
3 9 1 1 0 0 660 1 3 3 13
3 10 1 1 0 0 631 1 13 13 3
3 11 1 0 0 0 760 2 6 6 13
3 12 0 0 1 0 760 1 13 13 6
3 13 0 0 0 1 85 3 8 8 13
3 14 1 0 0 0 760 2 1 1 8
3 15 1 0 0 0 760 3 9 9 1
3 16 0 0 1 0 760 1 1 1 9
3 17 0 0 0 1 566 3 5 5 1
3 18 1 0 0 0 760 3 14 14 5
3 19 1 0 0 0 760 3 8 8 14
3 20 0 0 1 0 760 1 14 14 8
3 21 1 0 0 0 760 3 6 6 14
3 22 1 1 0 0 630 1 14 14 6
3 23 1 0 0 0 760 2 5 5 14
3 24 1 0 0 0 760 3 10 10 5
3 25 1 0 0 0 760 2 9 9 10
