1 1 1 0 0 0 760 2 12 12 0
1 2 1 0 0 0 760 3 6 6 12
1 3 1 0 0 0 760 2 3 3 6
1 4 1 1 0 0 654 1 6 6 3
1 5 1 0 0 0 760 3 12 12 6
1 6 1 1 0 0 446 1 6 6 12
1 7 1 0 0 0 760 3 6 6 6
1 8 1 0 0 0 760 3 3 3 6
1 9 1 1 0 0 477 1 6 6 3
1 10 1 0 0 0 760 3 6 6 6
1 11 1 0 0 0 760 2 5 5 6
1 12 1 0 0 0 760 2 3 3 5
1 13 1 1 0 0 470 1 5 5 3
1 14 1 1 0 0 544 1 3 3 5
1 15 0 0 0 1 449 3 13 13 3
1 16 1 0 0 0 760 2 13 13 13
1 17 0 0 0 1 532 3 3 3 13
1 18 0 0 1 0 760 1 13 13 3
1 19 0 0 0 1 723 3 4 4 13
1 20 1 0 0 0 760 2 11 11 4
1 21 1 1 0 0 697 1 4 4 11
1 22 0 0 1 0 760 1 11 11 4
1 23 1 0 0 0 760 2 2 2 11
1 24 1 0 0 0 760 2 9 9 2
1 25 1 0 0 0 760 2 8 8 9
2 1 1 0 0 0 760 3 8 8 8
2 2 1 0 0 0 760 2 6 6 8
2 3 1 1 0 0 581 1 8 8 6
2 4 1 0 0 0 760 2 12 12 8
2 5 1 0 0 0 760 2 14 14 12
2 6 0 0 1 0 760 1 12 12 14
2 7 1 0 0 0 760 3 6 6 12
2 8 1 0 0 0 760 3 7 7 6
2 9 1 0 0 0 760 3 9 9 7
2 10 1 0 0 0 760 2 2 2 9
2 11 1 0 0 0 760 2 11 11 2
2 12 1 0 0 0 760 2 6 6 11
2 13 1 1 0 0 453 1 11 11 6
2 14 1 1 0 0 564 1 6 6 11
2 15 0 0 0 1 456 2 1 1 6
2 16 1 0 0 0 760 3 10 10 1
2 17 1 1 0 0 621 1 1 1 10
2 18 1 1 0 0 521 1 10 10 1
2 19 1 1 0 0 505 1 1 1 10
2 20 1 0 0 0 760 2 13 13 1
2 21 1 0 0 0 760 2 5 5 13
2 22 0 0 0 1 402 3 1 1 5
2 23 0 0 1 0 760 1 5 5 1
2 24 1 1 0 0 484 1 1 1 5
2 25 1 0 0 0 760 3 3 3 1
3 1 1 0 0 0 760 3 2 2 3
3 2 1 0 0 0 760 2 1 1 2
3 3 1 1 0 0 502 1 2 2 1
3 4 1 1 0 0 454 1 1 1 2
3 5 1 1 0 0 463 1 2 2 1
3 6 1 1 0 0 461 1 1 1 2
3 7 1 0 0 0 760 2 13 13 1
3 8 1 0 0 0 760 3 3 3 13
3 9 1 1 0 0 483 1 13 13 3
3 10 1 0 0 0 760 2 9 9 13
3 11 1 0 0 0 760 3 15 15 9
3 12 1 1 0 0 500 1 9 9 15
3 13 1 0 0 0 760 3 10 10 9
3 14 0 0 1 0 760 1 9 9 10
3 15 1 0 0 0 760 2 4 4 9
3 16 1 1 0 0 433 1 9 9 4
3 17 1 0 0 0 760 3 11 11 9
3 18 1 1 0 0 481 1 9 9 11
3 19 1 1 0 0 607 1 11 11 9
3 20 1 0 0 0 760 2 6 6 11
3 21 1 0 0 0 760 3 1 1 6
3 22 1 1 0 0 490 1 6 6 1
3 23 1 1 0 0 474 1 1 1 6
3 24 1 1 0 0 515 1 6 6 1
3 25 0 0 0 1 645 3 6 6 6
