1 1 1 0 0 0 760 2 7 7 0
1 2 1 0 0 0 760 1 13 13 7
1 3 1 0 0 0 760 3 2 2 13
1 4 0 0 1 0 760 1 13 13 2
1 5 1 0 0 0 760 2 8 8 13
1 6 0 0 0 1 499 2 2 2 8
1 7 0 0 0 1 556 3 2 2 2
1 8 0 0 1 0 760 1 2 2 2
1 9 1 0 0 0 760 3 3 3 2
1 10 1 0 0 0 760 2 11 11 3
1 11 1 0 0 0 760 3 4 4 11
1 12 0 0 1 0 760 1 11 11 4
1 13 1 0 0 0 760 2 2 2 11
1 14 1 1 0 0 438 1 11 11 2
1 15 1 1 0 0 470 1 2 2 11
1 16 1 0 0 0 760 3 7 7 2
1 17 1 0 0 0 760 2 15 15 7
1 18 1 0 0 0 760 3 6 6 15
1 19 1 1 0 0 478 1 15 15 6
1 20 0 0 0 1 435 3 3 3 15
1 21 1 0 0 0 760 2 2 2 3
1 22 1 0 0 0 760 3 8 8 2
1 23 1 0 0 0 760 2 11 11 8
1 24 1 1 0 0 450 1 8 8 11
1 25 1 1 0 0 641 1 11 11 8
2 1 1 0 0 0 760 1 7 7 11
2 2 1 0 0 0 760 2 4 4 7
2 3 1 0 0 0 760 3 2 2 4
2 4 1 0 0 0 760 3 11 11 2
2 5 1 1 0 0 498 1 2 2 11
2 6 0 0 0 1 574 2 2 2 2
2 7 1 0 0 0 760 3 7 7 2
2 8 1 0 0 0 760 2 5 5 7
2 9 1 0 0 0 760 3 1 1 5
2 10 1 1 0 0 519 1 5 5 1
2 11 1 1 0 0 511 1 1 1 5
2 12 1 0 0 0 760 2 8 8 1
2 13 1 0 0 0 760 2 15 15 8
2 14 1 0 0 0 760 2 10 10 15
2 15 1 0 0 0 760 2 5 5 10
2 16 1 0 0 0 760 2 13 13 5
2 17 1 1 0 0 451 1 5 5 13
2 18 1 0 0 0 760 3 8 8 5
2 19 1 0 0 0 760 3 7 7 8
2 20 1 0 0 0 760 3 9 9 7
2 21 1 0 0 0 760 3 13 13 9
2 22 1 0 0 0 760 3 13 13 13
2 23 1 0 0 0 760 2 9 9 13
2 24 1 1 0 0 525 1 13 13 9
2 25 1 1 0 0 549 1 9 9 13
3 1 1 0 0 0 760 2 12 12 9
3 2 1 0 0 0 760 2 2 2 12
3 3 1 0 0 0 760 3 10 10 2
3 4 1 0 0 0 760 2 8 8 10
3 5 1 1 0 0 438 1 10 10 8
3 6 1 1 0 0 438 1 8 8 10
3 7 1 0 0 0 760 3 15 15 8
3 8 1 0 0 0 760 2 15 15 15
3 9 1 0 0 0 760 2 3 3 15
3 10 1 1 0 0 527 1 15 15 3
3 11 1 0 0 0 760 2 4 4 15
3 12 1 1 0 0 635 1 15 15 4
3 13 1 1 0 0 517 1 4 4 15
3 14 0 0 0 1 542 3 11 11 4
3 15 1 0 0 0 760 2 10 10 11
3 16 1 1 0 0 414 1 11 11 10
3 17 1 0 0 0 760 2 11 11 11
3 18 0 0 1 0 760 1 11 11 11
3 19 1 1 0 0 482 1 11 11 11
3 20 1 0 0 0 760 3 8 8 11
3 21 1 0 0 0 760 2 12 12 8
3 22 1 1 0 0 630 1 8 8 12
3 23 1 0 0 0 760 3 3 3 8
3 24 1 1 0 0 662 1 8 8 3
3 25 1 0 0 0 760 3 11 11 8
