1 1 1 0 0 0 760 1 9 9 0
1 2 1 0 0 0 760 3 1 1 9
1 3 1 0 0 0 760 2 13 13 1
1 4 1 0 0 0 760 3 14 14 13
1 5 0 0 0 1 460 2 14 14 14
1 6 1 1 0 0 545 1 14 14 14
1 7 0 0 1 0 760 1 14 14 14
1 8 1 1 0 0 498 1 14 14 14
1 9 1 0 0 0 760 2 1 1 14
1 10 1 0 0 0 760 2 11 11 1
1 11 1 1 0 0 490 1 1 1 11
1 12 1 0 0 0 760 3 1 1 1
1 13 1 0 0 0 760 2 9 9 1
1 14 1 0 0 0 760 2 3 3 9
1 15 1 1 0 0 507 1 9 9 3
1 16 1 0 0 0 760 2 15 15 9
1 17 0 0 1 0 531 1 9 9 15
1 18 1 0 0 0 760 3 14 14 9
1 19 1 1 0 0 575 1 9 9 14
1 20 1 1 0 0 482 1 14 14 9
1 21 1 0 0 0 760 2 3 3 14
1 22 1 1 0 0 498 1 14 14 3
1 23 1 0 0 0 760 2 13 13 14
1 24 1 0 0 0 760 3 13 13 13
1 25 1 0 0 0 760 2 9 9 13
2 1 1 0 0 0 760 2 3 3 9
2 2 1 0 0 0 760 3 7 7 3
2 3 1 0 0 0 760 2 5 5 7
2 4 1 1 0 0 623 1 7 7 5
2 5 1 0 0 0 760 3 11 11 7
2 6 1 0 0 0 760 2 3 3 11
2 7 1 0 0 0 760 3 1 1 3
2 8 1 1 0 0 655 1 3 3 1
2 9 1 0 0 0 760 3 9 9 3
2 10 1 1 0 0 531 1 3 3 9
2 11 1 0 0 0 760 2 11 11 3
2 12 0 0 1 0 760 1 3 3 11
2 13 1 0 0 0 760 2 14 14 3
2 14 1 0 0 0 760 3 7 7 14
2 15 1 1 0 0 472 1 14 14 7
2 16 1 0 0 0 760 3 6 6 14
2 17 1 0 0 0 760 2 9 9 6
2 18 1 0 0 0 760 2 10 10 9
2 19 1 0 0 0 760 3 2 2 10
2 20 1 0 0 0 760 2 14 14 2
2 21 1 1 0 0 502 1 2 2 14
2 22 1 0 0 0 760 2 9 9 2
2 23 0 0 0 1 545 3 15 15 9
2 24 1 0 0 0 760 2 11 11 15
2 25 1 1 0 0 433 1 15 15 11
3 1 1 0 0 0 760 1 6 6 15
3 2 1 0 0 0 760 2 9 9 6
3 3 0 0 0 1 596 3 9 9 9
3 4 1 1 0 0 496 1 9 9 9
3 5 1 0 0 0 760 2 8 8 9
3 6 0 0 0 1 676 2 8 8 8
3 7 1 0 0 0 760 2 12 12 8
3 8 1 0 0 0 760 2 12 12 12
3 9 1 0 0 0 760 3 11 11 12
3 10 1 1 0 0 533 1 12 12 11
3 11 1 1 0 0 509 1 11 11 12
3 12 1 1 0 0 567 1 12 12 11
3 13 1 0 0 0 760 2 7 7 12
3 14 1 0 0 0 760 3 13 13 7
3 15 1 1 0 0 683 1 7 7 13
3 16 1 1 0 0 550 1 13 13 7
3 17 1 0 0 0 760 3 8 8 13
3 18 1 0 0 0 760 2 6 6 8
3 19 1 1 0 0 423 1 8 8 6
3 20 1 1 0 0 531 1 6 6 8
3 21 1 0 0 0 760 2 2 2 6
3 22 1 0 0 0 760 2 14 14 2
3 23 1 0 0 0 760 2 1 1 14
3 24 1 1 0 0 513 1 14 14 1
3 25 1 0 0 0 760 2 5 5 14
