1 1 1 0 0 0 760 1 1 1 0
1 2 1 0 0 0 760 1 4 4 1
1 3 1 0 0 0 760 3 13 13 4
1 4 1 0 0 0 760 3 5 5 13
1 5 0 0 1 0 760 1 13 13 5
1 6 0 0 0 1 733 3 11 11 13
1 7 0 0 0 1 246 3 3 3 11
1 8 1 0 0 0 760 3 6 6 3
1 9 1 1 0 0 633 1 3 3 6
1 10 1 0 0 0 760 2 10 10 3
1 11 1 0 0 0 760 3 14 14 10
1 12 1 1 0 0 758 1 10 10 14
1 13 0 0 1 0 760 1 14 14 10
1 14 0 0 1 0 760 1 10 10 14
1 15 1 0 0 0 760 2 12 12 10
1 16 1 0 0 0 760 2 1 1 12
1 17 1 0 0 0 760 3 8 8 1
1 18 0 0 1 0 760 1 1 1 8
1 19 1 0 0 0 760 2 12 12 1
1 20 1 0 0 0 760 2 5 5 12
1 21 1 1 0 0 680 1 12 12 5
1 22 1 0 0 0 760 2 14 14 12
1 23 1 0 0 0 760 3 9 9 14
1 24 1 0 0 0 760 2 13 13 9
1 25 0 0 1 0 760 1 9 9 13
2 1 1 0 0 0 760 1 9 9 9
2 2 1 0 0 0 760 2 15 15 9
2 3 0 0 1 0 760 1 9 9 15
2 4 1 0 0 0 760 3 6 6 9
2 5 1 0 0 0 760 3 5 5 6
2 6 1 0 0 0 760 3 15 15 5
2 7 1 0 0 0 760 3 12 12 15
2 8 1 0 0 0 760 2 11 11 12
2 9 1 1 0 0 720 1 12 12 11
2 10 1 0 0 0 760 2 2 2 12
2 11 0 0 1 0 760 1 12 12 2
2 12 1 0 0 0 760 3 6 6 12
2 13 1 0 0 0 760 3 14 14 6
2 14 0 0 1 0 760 1 6 6 14
2 15 0 0 1 0 760 1 14 14 6
2 16 1 1 0 0 677 1 6 6 14
2 17 1 0 0 0 760 3 5 5 6
2 18 1 0 0 0 760 2 3 3 5
2 19 1 0 0 0 760 2 9 9 3
2 20 0 0 1 0 760 1 3 3 9
2 21 1 1 0 0 520 1 9 9 3
2 22 1 1 0 0 552 1 3 3 9
2 23 1 0 0 0 760 3 10 10 3
2 24 0 0 1 0 760 1 3 3 10
2 25 1 0 0 0 760 2 2 2 3
3 1 1 0 0 0 760 1 12 12 2
3 2 1 0 0 0 760 2 13 13 12
3 3 1 1 0 0 679 1 12 12 13
3 4 1 0 0 0 760 3 11 11 12
3 5 1 0 0 0 760 3 14 14 11
3 6 1 0 0 0 760 3 13 13 14
3 7 1 0 0 0 760 3 9 9 13
3 8 0 0 1 0 760 1 13 13 9
3 9 1 0 0 0 760 3 8 8 13
3 10 1 0 0 0 760 2 3 3 8
3 11 1 0 0 0 760 2 7 7 3
3 12 1 0 0 0 760 3 14 14 7
3 13 0 0 1 0 760 1 7 7 14
3 14 0 0 0 1 550 2 2 2 7
3 15 1 0 0 0 760 3 14 14 2
3 16 1 0 0 0 760 3 13 13 14
3 17 1 0 0 0 760 2 3 3 13
3 18 1 1 0 0 707 1 13 13 3
3 19 1 0 0 0 760 3 6 6 13
3 20 1 0 0 0 760 2 15 15 6
3 21 1 0 0 0 760 2 5 5 15
3 22 1 0 0 0 760 3 13 13 5
3 23 1 0 0 0 760 3 4 4 13
3 24 1 0 0 0 760 2 11 11 4
3 25 0 0 1 0 760 1 4 4 11
