1 1 1 0 0 0 760 1 9 9 0
1 2 1 0 0 0 760 3 12 12 9
1 3 1 0 0 0 760 2 7 7 12
1 4 1 0 0 0 760 2 15 15 7
1 5 1 0 0 0 760 2 9 9 15
1 6 1 1 0 0 741 1 15 15 9
1 7 1 0 0 0 760 2 6 6 15
1 8 1 0 0 0 760 2 9 9 6
1 9 1 1 0 0 447 1 6 6 9
1 10 1 0 0 0 760 3 7 7 6
1 11 1 0 0 0 760 2 5 5 7
1 12 1 1 0 0 431 1 7 7 5
1 13 1 0 0 0 760 3 10 10 7
1 14 1 0 0 0 760 2 5 5 10
1 15 1 1 0 0 462 1 10 10 5
1 16 1 1 0 0 704 1 5 5 10
1 17 1 0 0 0 760 3 7 7 5
1 18 1 0 0 0 760 3 1 1 7
1 19 1 0 0 0 760 2 6 6 1
1 20 1 1 0 0 470 1 1 1 6
1 21 1 0 0 0 760 3 8 8 1
1 22 1 1 0 0 486 1 1 1 8
1 23 1 0 0 0 760 2 14 14 1
1 24 1 0 0 0 760 2 4 4 14
1 25 1 0 0 0 760 3 2 2 4
2 1 1 0 0 0 760 3 8 8 2
2 2 0 0 0 1 464 2 6 6 8
2 3 1 0 0 0 760 3 11 11 6
2 4 0 0 0 1 602 2 11 11 11
2 5 1 1 0 0 470 1 11 11 11
2 6 1 0 0 0 760 3 2 2 11
2 7 1 0 0 0 760 2 4 4 2
2 8 1 0 0 0 760 3 4 4 4
2 9 0 0 1 0 760 1 4 4 4
2 10 1 0 0 0 760 3 3 3 4
2 11 1 1 0 0 664 1 4 4 3
2 12 1 0 0 0 760 2 12 12 4
2 13 1 0 0 0 760 3 3 3 12
2 14 1 0 0 0 760 3 3 3 3
2 15 1 0 0 0 760 3 5 5 3
2 16 1 0 0 0 760 2 10 10 5
2 17 1 0 0 0 760 2 15 15 10
2 18 1 0 0 0 760 2 7 7 15
2 19 1 1 0 0 621 1 15 15 7
2 20 1 0 0 0 760 3 14 14 15
2 21 1 1 0 0 537 1 15 15 14
2 22 1 1 0 0 489 1 14 14 15
2 23 1 1 0 0 487 1 15 15 14
2 24 1 0 0 0 760 2 12 12 15
2 25 1 0 0 0 760 3 9 9 12
3 1 1 0 0 0 760 1 4 4 9
3 2 1 0 0 0 760 3 12 12 4
3 3 1 1 0 0 510 1 4 4 12
3 4 1 1 0 0 544 1 12 12 4
3 5 1 1 0 0 476 1 4 4 12
3 6 1 0 0 0 760 3 1 1 4
3 7 1 0 0 0 760 2 10 10 1
3 8 1 0 0 0 760 2 8 8 10
3 9 1 1 0 0 467 1 10 10 8
3 10 1 0 0 0 760 2 2 2 10
3 11 1 1 0 0 732 1 10 10 2
3 12 1 0 0 0 760 2 9 9 10
3 13 1 0 0 0 760 2 3 3 9
3 14 0 0 0 1 646 3 3 3 3
3 15 1 0 0 0 760 2 5 5 3
3 16 1 0 0 0 760 3 13 13 5
3 17 1 0 0 0 760 3 12 12 13
3 18 1 0 0 0 760 2 1 1 12
3 19 1 0 0 0 760 3 1 1 1
3 20 1 0 0 0 760 2 14 14 1
3 21 1 1 0 0 459 1 1 1 14
3 22 1 0 0 0 760 2 3 3 1
3 23 1 0 0 0 760 3 11 11 3
3 24 1 1 0 0 577 1 3 3 11
3 25 1 1 0 0 504 1 11 11 3
