1 1 1 0 0 0 760 1 15 15 0
1 2 1 0 0 0 760 3 4 4 15
1 3 0 0 1 0 760 1 15 15 4
1 4 0 0 0 1 180 2 2 2 15
1 5 0 0 1 0 760 1 15 15 2
1 6 1 1 0 0 76 1 2 2 15
1 7 1 0 0 0 760 2 11 11 2
1 8 1 0 0 0 760 2 9 9 11
1 9 1 0 0 0 760 2 13 13 9
1 10 1 0 0 0 760 3 15 15 13
1 11 0 0 1 0 760 1 13 13 15
1 12 1 0 0 0 760 3 1 1 13
1 13 0 0 1 0 760 1 13 13 1
1 14 1 0 0 0 760 3 14 14 13
1 15 0 0 1 0 760 1 13 13 14
1 16 1 1 0 0 696 1 14 14 13
1 17 1 0 0 0 760 2 10 10 14
1 18 1 0 0 0 760 3 7 7 10
1 19 1 1 0 0 746 1 10 10 7
1 20 1 1 0 0 554 1 7 7 10
1 21 1 1 0 0 612 1 10 10 7
1 22 1 0 0 0 760 3 13 13 10
1 23 0 0 1 0 760 1 10 10 13
1 24 1 0 0 0 760 3 8 8 10
1 25 1 0 0 0 760 2 14 14 8
2 1 0 0 0 1 598 3 6 6 14
2 2 1 0 0 0 760 2 8 8 6
2 3 1 0 0 0 760 3 15 15 8
2 4 1 0 0 0 760 2 6 6 15
2 5 0 0 1 0 760 1 15 15 6
2 6 1 0 0 0 760 2 13 13 15
2 7 1 0 0 0 760 2 6 6 13
2 8 1 0 0 0 760 2 9 9 6
2 9 1 0 0 0 760 2 13 13 9
2 10 1 1 0 0 553 1 9 9 13
2 11 1 1 0 0 660 1 13 13 9
2 12 1 1 0 0 760 1 9 9 13
2 13 1 0 0 0 760 3 8 8 9
2 14 1 0 0 0 760 3 1 1 8
2 15 1 0 0 0 760 2 7 7 1
2 16 1 0 0 0 760 2 8 8 7
2 17 1 0 0 0 760 3 13 13 8
2 18 0 0 1 0 760 1 8 8 13
2 19 1 0 0 0 760 2 4 4 8
2 20 1 0 0 0 760 3 1 1 4
2 21 0 0 1 0 760 1 4 4 1
2 22 1 0 0 0 760 2 15 15 4
2 23 0 0 1 0 760 1 4 4 15
2 24 1 0 0 0 760 3 3 3 4
2 25 1 0 0 0 760 3 2 2 3
3 1 1 0 0 0 760 2 2 2 2
3 2 1 0 0 0 760 2 15 15 2
3 3 1 1 0 0 619 1 2 2 15
3 4 1 0 0 0 760 2 2 2 2
3 5 1 1 0 0 715 1 2 2 2
3 6 1 1 0 0 660 1 2 2 2
3 7 1 0 0 0 760 2 15 15 2
3 8 1 1 0 0 576 1 2 2 15
3 9 1 0 0 0 760 3 10 10 2
3 10 1 0 0 0 760 2 10 10 10
3 11 1 1 0 0 757 1 10 10 10
3 12 1 0 0 0 760 2 1 1 10
3 13 1 0 0 0 760 2 13 13 1
3 14 1 0 0 0 760 3 12 12 13
3 15 1 0 0 0 760 2 2 2 12
3 16 1 0 0 0 760 2 2 2 2
3 17 1 1 0 0 515 1 2 2 2
3 18 1 0 0 0 760 2 1 1 2
3 19 1 0 0 0 760 3 11 11 1
3 20 1 1 0 0 598 1 1 1 11
3 21 1 0 0 0 760 2 3 3 1
3 22 1 1 0 0 611 1 1 1 3
3 23 1 0 0 0 760 3 11 11 1
3 24 1 1 0 0 601 1 1 1 11
3 25 1 0 0 0 760 2 8 8 1
