1 1 1 0 0 0 760 1 13 13 0
1 2 1 0 0 0 760 2 7 7 13
1 3 1 0 0 0 760 3 8 8 7
1 4 1 0 0 0 760 2 11 11 8
1 5 1 0 0 0 760 3 10 10 11
1 6 1 0 0 0 760 3 12 12 10
1 7 0 0 1 0 760 1 10 10 12
1 8 1 0 0 0 760 2 14 14 10
1 9 1 0 0 0 760 3 11 11 14
1 10 1 0 0 0 760 3 7 7 11
1 11 1 1 0 0 625 1 11 11 7
1 12 1 1 0 0 600 1 7 7 11
1 13 1 1 0 0 714 1 11 11 7
1 14 1 0 0 0 760 3 13 13 11
1 15 1 0 0 0 760 3 7 7 13
1 16 1 0 0 0 760 3 10 10 7
1 17 0 0 0 1 595 2 10 10 10
1 18 0 0 0 1 571 2 4 4 10
1 19 1 0 0 0 760 2 2 2 4
1 20 1 0 0 0 760 3 10 10 2
1 21 1 0 0 0 760 3 6 6 10
1 22 1 0 0 0 760 2 8 8 6
1 23 1 1 0 0 700 1 6 6 8
1 24 1 1 0 0 495 1 8 8 6
1 25 1 0 0 0 760 2 2 2 8
2 1 1 0 0 0 760 2 7 7 2
2 2 1 0 0 0 760 2 1 1 7
2 3 1 0 0 0 760 2 5 5 1
2 4 1 1 0 0 474 1 1 1 5
2 5 1 0 0 0 760 2 9 9 1
2 6 1 0 0 0 760 3 3 3 9
2 7 1 0 0 0 760 3 6 6 3
2 8 1 0 0 0 760 3 12 12 6
2 9 1 0 0 0 760 3 11 11 12
2 10 1 0 0 0 760 3 4 4 11
2 11 1 0 0 0 760 3 6 6 4
2 12 1 0 0 0 760 2 8 8 6
2 13 1 0 0 0 760 2 14 14 8
2 14 1 0 0 0 760 2 14 14 14
2 15 1 0 0 0 760 3 3 3 14
2 16 1 0 0 0 760 3 3 3 3
2 17 1 0 0 0 760 3 10 10 3
2 18 1 0 0 0 760 2 6 6 10
2 19 1 1 0 0 476 1 10 10 6
2 20 1 1 0 0 511 1 6 6 10
2 21 1 1 0 0 624 1 10 10 6
2 22 1 1 0 0 476 1 6 6 10
2 23 1 1 0 0 475 1 10 10 6
2 24 1 0 0 0 760 2 2 2 10
2 25 1 0 0 0 760 3 4 4 2
3 1 1 0 0 0 760 1 8 8 4
3 2 1 0 0 0 760 1 2 2 8
3 3 1 0 0 0 760 2 11 11 2
3 4 1 1 0 0 614 1 2 2 11
3 5 1 0 0 0 760 2 7 7 2
3 6 1 0 0 0 760 3 9 9 7
3 7 1 0 0 0 760 3 5 5 9
3 8 1 1 0 0 472 1 9 9 5
3 9 1 0 0 0 760 3 1 1 9
3 10 0 0 0 1 470 2 15 15 1
3 11 1 1 0 0 461 1 1 1 15
3 12 1 0 0 0 760 3 3 3 1
3 13 1 0 0 0 760 2 13 13 3
3 14 1 0 0 0 760 3 7 7 13
3 15 1 1 0 0 486 1 13 13 7
3 16 1 0 0 0 760 2 2 2 13
3 17 1 0 0 0 760 3 10 10 2
3 18 1 1 0 0 501 1 2 2 10
3 19 1 0 0 0 760 3 9 9 2
3 20 1 1 0 0 491 1 2 2 9
3 21 1 0 0 0 760 2 6 6 2
3 22 0 0 0 1 739 3 6 6 6
3 23 1 0 0 0 760 2 9 9 6
3 24 1 1 0 0 447 1 6 6 9
3 25 1 0 0 0 760 2 11 11 6
