1 1 1 0 0 0 760 2 3 3 0
1 2 1 0 0 0 760 3 8 8 3
1 3 1 0 0 0 760 3 7 7 8
1 4 1 0 0 0 760 3 15 15 7
1 5 1 0 0 0 760 3 9 9 15
1 6 1 0 0 0 760 3 11 11 9
1 7 1 0 0 0 760 3 10 10 11
1 8 1 0 0 0 760 3 14 14 10
1 9 0 0 1 0 760 1 10 10 14
1 10 1 0 0 0 760 3 15 15 10
1 11 0 0 1 0 760 1 10 10 15
1 12 1 0 0 0 760 2 12 12 10
1 13 1 0 0 0 760 3 6 6 12
1 14 1 1 0 0 710 1 12 12 6
1 15 1 0 0 0 760 3 10 10 12
1 16 1 0 0 0 760 2 10 10 10
1 17 1 0 0 0 760 3 8 8 10
1 18 0 0 1 0 760 1 10 10 8
1 19 1 0 0 0 760 2 12 12 10
1 20 1 1 0 0 617 1 10 10 12
1 21 1 1 0 0 736 1 12 12 10
1 22 1 0 0 0 760 2 6 6 12
1 23 1 1 0 0 668 1 12 12 6
1 24 1 0 0 0 760 2 5 5 12
1 25 1 1 0 0 724 1 12 12 5
2 1 1 0 0 0 760 2 7 7 12
2 2 1 0 0 0 760 1 6 6 7
2 3 1 0 0 0 760 2 2 2 6
2 4 1 0 0 0 760 3 7 7 2
2 5 0 0 1 0 760 1 2 2 7
2 6 0 0 1 0 760 1 7 7 2
2 7 1 1 0 0 632 1 2 2 7
2 8 1 0 0 0 760 3 8 8 2
2 9 1 1 0 0 573 1 2 2 8
2 10 1 1 0 0 582 1 8 8 2
2 11 1 0 0 0 760 2 13 13 8
2 12 1 0 0 0 760 2 9 9 13
2 13 0 0 1 0 760 1 13 13 9
2 14 1 0 0 0 760 2 1 1 13
2 15 1 0 0 0 760 2 6 6 1
2 16 1 0 0 0 760 3 10 10 6
2 17 1 0 0 0 760 2 7 7 10
2 18 1 0 0 0 760 2 13 13 7
2 19 1 0 0 0 760 3 2 2 13
2 20 1 1 0 0 554 1 13 13 2
2 21 1 1 0 0 638 1 2 2 13
2 22 1 1 0 0 759 1 13 13 2
2 23 1 0 0 0 760 3 4 4 13
2 24 1 1 0 0 559 1 13 13 4
2 25 1 0 0 0 760 2 7 7 13
3 1 1 0 0 0 760 3 15 15 7
3 2 1 0 0 0 760 3 11 11 15
3 3 1 0 0 0 760 3 9 9 11
3 4 1 0 0 0 760 3 6 6 9
3 5 1 0 0 0 760 2 13 13 6
3 6 1 0 0 0 760 3 1 1 13
3 7 1 0 0 0 760 3 10 10 1
3 8 1 0 0 0 760 3 12 12 10
3 9 1 0 0 0 760 2 8 8 12
3 10 1 1 0 0 709 1 12 12 8
3 11 1 0 0 0 760 3 13 13 12
3 12 1 0 0 0 760 3 14 14 13
3 13 1 0 0 0 760 3 10 10 14
3 14 1 0 0 0 760 3 11 11 10
3 15 0 0 1 0 760 1 10 10 11
3 16 1 1 0 0 682 1 11 11 10
3 17 0 0 0 1 613 2 14 14 11
3 18 1 0 0 0 760 2 1 1 14
3 19 1 0 0 0 760 3 8 8 1
3 20 1 0 0 0 760 2 10 10 8
3 21 1 0 0 0 760 3 7 7 10
3 22 1 0 0 0 760 3 12 12 7
3 23 1 0 0 0 760 3 9 9 12
3 24 0 0 1 0 760 1 12 12 9
3 25 1 0 0 0 760 3 15 15 12
