1 1 1 0 0 0 760 1 8 8 0
1 2 1 0 0 0 760 3 11 11 8
1 3 1 0 0 0 760 3 15 15 11
1 4 1 0 0 0 760 3 3 3 15
1 5 1 1 0 0 589 1 15 15 3
1 6 1 1 0 0 598 1 3 3 15
1 7 1 0 0 0 760 3 12 12 3
1 8 1 1 0 0 678 1 3 3 12
1 9 1 1 0 0 696 1 12 12 3
1 10 0 0 0 1 553 3 6 6 12
1 11 1 1 0 0 664 1 12 12 6
1 12 1 0 0 0 760 2 8 8 12
1 13 1 0 0 0 760 2 7 7 8
1 14 1 0 0 0 760 2 14 14 7
1 15 1 0 0 0 760 3 6 6 14
1 16 1 1 0 0 675 1 14 14 6
1 17 1 1 0 0 717 1 6 6 14
1 18 1 0 0 0 760 3 8 8 6
1 19 1 1 0 0 684 1 6 6 8
1 20 0 0 1 0 760 1 8 8 6
1 21 1 0 0 0 760 3 3 3 8
1 22 1 0 0 0 760 3 4 4 3
1 23 0 0 0 1 629 2 4 4 4
1 24 0 0 1 0 760 1 4 4 4
1 25 1 0 0 0 760 3 14 14 4
2 1 1 0 0 0 760 1 2 2 14
2 2 1 0 0 0 760 3 7 7 2
2 3 1 0 0 0 760 3 10 10 7
2 4 1 0 0 0 760 2 14 14 10
2 5 0 0 1 0 760 1 10 10 14
2 6 1 0 0 0 760 3 3 3 10
2 7 1 0 0 0 760 2 7 7 3
2 8 1 1 0 0 525 1 3 3 7
2 9 0 0 0 1 678 3 3 3 3
2 10 1 0 0 0 760 3 15 15 3
2 11 1 1 0 0 561 1 3 3 15
2 12 1 0 0 0 760 2 12 12 3
2 13 0 0 1 0 760 1 3 3 12
2 14 0 0 1 0 760 1 12 12 3
2 15 1 0 0 0 760 2 8 8 12
2 16 1 0 0 0 760 3 10 10 8
2 17 1 0 0 0 760 3 14 14 10
2 18 1 0 0 0 760 3 2 2 14
2 19 1 0 0 0 760 3 5 5 2
2 20 1 0 0 0 760 2 4 4 5
2 21 1 1 0 0 506 1 5 5 4
2 22 1 0 0 0 760 3 9 9 5
2 23 1 0 0 0 760 2 13 13 9
2 24 1 1 0 0 547 1 9 9 13
2 25 1 0 0 0 760 3 1 1 9
3 1 1 0 0 0 760 3 4 4 1
3 2 1 0 0 0 760 2 14 14 4
3 3 1 0 0 0 760 3 15 15 14
3 4 1 0 0 0 760 2 4 4 15
3 5 1 0 0 0 760 2 12 12 4
3 6 0 0 0 1 667 2 12 12 12
3 7 1 0 0 0 760 3 13 13 12
3 8 1 0 0 0 760 3 10 10 13
3 9 1 1 0 0 573 1 13 13 10
3 10 1 0 0 0 760 2 14 14 13
3 11 1 0 0 0 760 2 12 12 14
3 12 0 0 1 0 760 1 14 14 12
3 13 1 0 0 0 760 2 7 7 14
3 14 0 0 1 0 760 1 14 14 7
3 15 0 0 1 0 760 1 7 7 14
3 16 1 0 0 0 760 3 4 4 7
3 17 1 0 0 0 760 2 12 12 4
3 18 1 0 0 0 760 2 9 9 12
3 19 1 0 0 0 760 2 1 1 9
3 20 0 0 1 0 760 1 9 9 1
3 21 1 0 0 0 760 3 5 5 9
3 22 0 0 1 0 760 1 9 9 5
3 23 1 0 0 0 760 3 7 7 9
3 24 1 0 0 0 760 2 8 8 7
3 25 0 0 1 0 760 1 7 7 8
