1 1 1 0 0 0 760 2 15 15 0
1 2 1 0 0 0 760 1 13 13 15
1 3 1 0 0 0 760 3 3 3 13
1 4 1 0 0 0 760 3 4 4 3
1 5 1 1 0 0 677 1 3 3 4
1 6 0 0 1 0 760 1 4 4 3
1 7 1 0 0 0 760 2 1 1 4
1 8 1 0 0 0 760 3 7 7 1
1 9 1 0 0 0 760 2 5 5 7
1 10 1 0 0 0 760 3 10 10 5
1 11 1 1 0 0 644 1 5 5 10
1 12 1 1 0 0 568 1 10 10 5
1 13 0 0 0 1 484 3 1 1 10
1 14 1 1 0 0 543 1 10 10 1
1 15 1 0 0 0 760 3 6 6 10
1 16 1 0 0 0 760 2 1 1 6
1 17 1 1 0 0 606 1 6 6 1
1 18 1 0 0 0 760 3 11 11 6
1 19 1 1 0 0 564 1 6 6 11
1 20 1 0 0 0 760 3 10 10 6
1 21 1 0 0 0 760 2 4 4 10
1 22 1 1 0 0 580 1 10 10 4
1 23 1 0 0 0 760 3 8 8 10
1 24 1 0 0 0 760 3 2 2 8
1 25 1 0 0 0 760 2 4 4 2
2 1 0 0 0 1 340 1 12 12 4
2 2 1 0 0 0 760 3 14 14 12
2 3 1 0 0 0 760 3 6 6 14
2 4 1 1 0 0 704 1 14 14 6
2 5 1 0 0 0 760 2 1 1 14
2 6 1 1 0 0 651 1 14 14 1
2 7 1 0 0 0 760 3 9 9 14
2 8 1 0 0 0 760 3 7 7 9
2 9 1 0 0 0 760 2 15 15 7
2 10 1 0 0 0 760 2 5 5 15
2 11 1 0 0 0 760 3 14 14 5
2 12 1 0 0 0 760 2 4 4 14
2 13 1 0 0 0 760 3 11 11 4
2 14 1 0 0 0 760 2 2 2 11
2 15 1 0 0 0 760 3 5 5 2
2 16 1 1 0 0 566 1 2 2 5
2 17 1 0 0 0 760 3 14 14 2
2 18 1 0 0 0 760 2 12 12 14
2 19 1 0 0 0 760 3 11 11 12
2 20 0 0 0 1 432 2 2 2 11
2 21 0 0 0 1 531 2 12 12 2
2 22 1 0 0 0 760 2 3 3 12
2 23 1 0 0 0 760 3 4 4 3
2 24 1 1 0 0 564 1 3 3 4
2 25 1 0 0 0 760 2 6 6 3
3 1 1 0 0 0 760 1 2 2 6
3 2 1 0 0 0 760 1 2 2 2
3 3 1 1 0 0 589 1 2 2 2
3 4 1 1 0 0 467 1 2 2 2
3 5 1 1 0 0 466 1 2 2 2
3 6 1 0 0 0 760 2 15 15 2
3 7 1 0 0 0 760 3 5 5 15
3 8 1 0 0 0 760 2 3 3 5
3 9 1 0 0 0 760 3 13 13 3
3 10 1 1 0 0 512 1 3 3 13
3 11 1 0 0 0 760 2 2 2 3
3 12 1 1 0 0 462 1 3 3 2
3 13 1 1 0 0 577 1 2 2 3
3 14 1 1 0 0 494 1 3 3 2
3 15 1 0 0 0 760 3 5 5 3
3 16 1 0 0 0 760 2 8 8 5
3 17 1 0 0 0 760 2 1 1 8
3 18 1 0 0 0 760 3 13 13 1
3 19 1 0 0 0 760 2 11 11 13
3 20 1 1 0 0 576 1 13 13 11
3 21 1 1 0 0 560 1 11 11 13
3 22 1 0 0 0 760 3 1 1 11
3 23 1 1 0 0 497 1 11 11 1
3 24 1 0 0 0 760 3 6 6 11
3 25 1 1 0 0 405 1 11 11 6
