1 1 1 0 0 0 760 2 1 1 0
1 2 1 0 0 0 760 1 12 12 1
1 3 1 0 0 0 760 2 8 8 12
1 4 1 0 0 0 760 3 4 4 8
1 5 1 0 0 0 760 3 10 10 4
1 6 1 0 0 0 760 2 10 10 10
1 7 1 1 0 0 532 1 10 10 10
1 8 1 0 0 0 760 2 14 14 10
1 9 1 0 0 0 760 3 14 14 14
1 10 1 0 0 0 760 3 5 5 14
1 11 0 0 1 0 760 1 14 14 5
1 12 1 0 0 0 760 3 7 7 14
1 13 1 0 0 0 760 2 15 15 7
1 14 0 0 1 0 760 1 7 7 15
1 15 0 0 0 1 572 3 7 7 7
1 16 1 0 0 0 760 2 15 15 7
1 17 1 0 0 0 760 3 12 12 15
1 18 1 0 0 0 760 2 10 10 12
1 19 1 0 0 0 760 3 11 11 10
1 20 1 0 0 0 760 3 5 5 11
1 21 0 0 1 0 760 1 11 11 5
1 22 1 0 0 0 760 3 11 11 11
1 23 1 0 0 0 760 3 1 1 11
1 24 1 0 0 0 760 3 10 10 1
1 25 1 0 0 0 760 3 12 12 10
2 1 1 0 0 0 760 3 4 4 12
2 2 1 0 0 0 760 1 5 5 4
2 3 1 1 0 0 581 1 4 4 5
2 4 1 0 0 0 760 2 3 3 4
2 5 0 0 1 0 760 1 4 4 3
2 6 1 0 0 0 760 2 10 10 4
2 7 0 0 1 0 760 1 4 4 10
2 8 1 0 0 0 760 2 8 8 4
2 9 0 0 1 0 760 1 4 4 8
2 10 1 0 0 0 760 2 2 2 4
2 11 1 0 0 0 760 2 13 13 2
2 12 1 0 0 0 760 3 15 15 13
2 13 1 0 0 0 760 3 15 15 15
2 14 0 0 0 1 304 2 9 9 15
2 15 1 0 0 0 760 3 5 5 9
2 16 0 0 1 0 760 1 9 9 5
2 17 1 1 0 0 566 1 5 5 9
2 18 1 0 0 0 760 2 14 14 5
2 19 1 0 0 0 760 2 8 8 14
2 20 1 1 0 0 604 1 14 14 8
2 21 1 1 0 0 561 1 8 8 14
2 22 1 1 0 0 521 1 14 14 8
2 23 1 1 0 0 521 1 8 8 14
2 24 1 0 0 0 760 2 15 15 8
2 25 1 0 0 0 760 3 1 1 15
3 1 1 0 0 0 760 2 4 4 1
3 2 1 0 0 0 760 2 9 9 4
3 3 1 1 0 0 647 1 4 4 9
3 4 1 0 0 0 760 2 15 15 4
3 5 1 0 0 0 760 2 10 10 15
3 6 1 0 0 0 760 3 12 12 10
3 7 1 0 0 0 760 2 11 11 12
3 8 1 0 0 0 760 2 4 4 11
3 9 1 0 0 0 760 2 13 13 4
3 10 1 0 0 0 760 3 14 14 13
3 11 1 0 0 0 760 2 14 14 14
3 12 1 0 0 0 760 2 12 12 14
3 13 1 0 0 0 760 3 2 2 12
3 14 0 0 1 0 760 1 12 12 2
3 15 1 0 0 0 760 3 7 7 12
3 16 1 0 0 0 760 3 8 8 7
3 17 1 0 0 0 760 2 6 6 8
3 18 1 0 0 0 760 3 12 12 6
3 19 0 0 1 0 760 1 6 6 12
3 20 1 1 0 0 501 1 12 12 6
3 21 1 0 0 0 760 3 9 9 12
3 22 1 1 0 0 568 1 12 12 9
3 23 1 0 0 0 760 2 3 3 12
3 24 1 0 0 0 760 3 5 5 3
3 25 1 0 0 0 760 2 2 2 5
