1 1 1 0 0 0 760 3 6 6 0
1 2 1 0 0 0 760 3 14 14 6
1 3 1 0 0 0 760 2 1 1 14
1 4 1 1 0 0 651 1 14 14 1
1 5 1 0 0 0 760 3 14 14 14
1 6 0 0 0 1 606 3 4 4 14
1 7 1 0 0 0 760 2 11 11 4
1 8 1 0 0 0 760 3 7 7 11
1 9 1 0 0 0 760 2 9 9 7
1 10 0 0 1 0 760 1 7 7 9
1 11 1 0 0 0 760 3 14 14 7
1 12 1 0 0 0 760 3 12 12 14
1 13 1 0 0 0 274 3 11 11 12
1 14 1 1 0 0 674 1 12 12 11
1 15 1 0 0 0 760 3 1 1 12
1 16 0 0 1 0 760 1 12 12 1
1 17 1 0 0 0 760 2 4 4 12
1 18 1 1 0 0 725 1 12 12 4
1 19 1 1 0 0 702 1 4 4 12
1 20 1 1 0 0 602 1 12 12 4
1 21 1 1 0 0 548 1 4 4 12
1 22 0 0 0 1 482 3 15 15 4
1 23 1 1 0 0 739 1 4 4 15
1 24 1 0 0 0 760 3 14 14 4
1 25 0 0 0 1 569 2 8 8 14
2 1 1 0 0 0 760 1 5 5 8
2 2 1 0 0 0 760 2 6 6 5
2 3 0 0 1 0 760 1 5 5 6
2 4 0 0 1 0 760 1 6 6 5
2 5 1 0 0 0 760 3 8 8 6
2 6 1 0 0 0 760 2 5 5 8
2 7 0 0 1 0 760 1 8 8 5
2 8 0 0 0 1 265 2 7 7 8
2 9 1 0 0 0 760 3 14 14 7
2 10 0 0 0 1 140 3 11 11 14
2 11 1 0 0 0 760 2 4 4 11
2 12 0 0 0 1 572 2 12 12 4
2 13 1 0 0 0 760 2 1 1 12
2 14 1 0 0 0 760 2 8 8 1
2 15 1 1 0 0 648 1 1 1 8
2 16 0 0 1 0 760 1 8 8 1
2 17 1 0 0 0 760 2 2 2 8
2 18 0 0 0 1 81 2 14 14 2
2 19 1 1 0 0 523 1 2 2 14
2 20 0 0 1 0 760 1 14 14 2
2 21 0 0 0 1 554 2 5 5 14
2 22 1 0 0 0 760 2 15 15 5
2 23 0 0 1 0 760 1 5 5 15
2 24 1 0 0 0 760 2 9 9 5
2 25 1 0 0 0 760 3 7 7 9
3 1 1 0 0 0 760 1 10 10 7
3 2 1 0 0 0 760 3 9 9 10
3 3 0 0 1 0 760 1 10 10 9
3 4 0 0 1 0 760 1 9 9 10
3 5 1 1 0 0 639 1 10 10 9
3 6 1 0 0 0 760 2 5 5 10
3 7 1 1 0 0 580 1 10 10 5
3 8 1 0 0 0 760 3 7 7 10
3 9 0 0 0 1 404 2 1 1 7
3 10 0 0 1 0 760 1 7 7 1
3 11 1 0 0 0 760 2 14 14 7
3 12 1 1 0 0 695 1 7 7 14
3 13 0 0 1 0 760 1 14 14 7
3 14 1 0 0 0 760 2 15 15 14
3 15 0 0 1 0 760 1 14 14 15
3 16 1 0 0 0 760 3 9 9 14
3 17 1 1 0 0 544 1 14 14 9
3 18 1 0 0 0 760 2 5 5 14
3 19 1 0 0 0 760 2 4 4 5
3 20 0 0 0 1 534 3 9 9 4
3 21 1 0 0 0 760 2 14 14 9
3 22 1 0 0 0 760 3 3 3 14
3 23 1 0 0 0 760 3 13 13 3
3 24 0 0 0 1 517 2 4 4 13
3 25 0 0 1 0 760 1 13 13 4
