1 1 1 0 0 0 760 1 13 13 0
1 2 1 0 0 0 760 1 13 13 13
1 3 0 0 1 0 760 1 13 13 13
1 4 1 0 0 0 760 2 3 3 13
1 5 1 0 0 0 760 2 5 5 3
1 6 1 0 0 0 760 2 15 15 5
1 7 1 0 0 0 760 3 14 14 15
1 8 1 0 0 0 760 2 12 12 14
1 9 1 1 0 0 642 1 14 14 12
1 10 1 0 0 0 760 2 15 15 14
1 11 1 0 0 0 760 2 1 1 15
1 12 1 1 0 0 675 1 15 15 1
1 13 1 0 0 0 760 3 2 2 15
1 14 1 0 0 0 760 3 5 5 2
1 15 1 1 0 0 707 1 2 2 5
1 16 1 1 0 0 615 1 5 5 2
1 17 1 0 0 0 760 3 9 9 5
1 18 1 0 0 0 760 2 2 2 9
1 19 1 1 0 0 563 1 9 9 2
1 20 1 1 0 0 713 1 2 2 9
1 21 1 0 0 0 760 2 13 13 2
1 22 1 1 0 0 531 1 2 2 13
1 23 0 0 1 0 760 1 13 13 2
1 24 1 0 0 0 760 3 11 11 13
1 25 1 0 0 0 760 3 14 14 11
2 1 1 0 0 0 760 1 2 2 14
2 2 1 0 0 0 760 1 3 3 2
2 3 0 0 1 0 760 1 2 2 3
2 4 1 0 0 0 760 3 4 4 2
2 5 1 0 0 0 760 2 11 11 4
2 6 1 0 0 0 760 3 6 6 11
2 7 1 0 0 0 760 2 12 12 6
2 8 1 0 0 0 760 2 13 13 12
2 9 1 0 0 0 760 3 4 4 13
2 10 1 0 0 0 760 2 4 4 4
2 11 1 0 0 0 760 3 14 14 4
2 12 1 1 0 0 452 1 4 4 14
2 13 0 0 0 1 519 2 4 4 4
2 14 0 0 1 0 760 1 4 4 4
2 15 1 1 0 0 732 1 4 4 4
2 16 1 0 0 0 760 3 15 15 4
2 17 1 1 0 0 475 1 4 4 15
2 18 1 1 0 0 516 1 15 15 4
2 19 1 0 0 0 760 2 3 3 15
2 20 1 0 0 0 760 3 12 12 3
2 21 1 0 0 0 760 2 15 15 12
2 22 1 1 0 0 630 1 12 12 15
2 23 1 0 0 0 760 2 3 3 12
2 24 0 0 1 0 760 1 12 12 3
2 25 1 0 0 0 760 2 11 11 12
3 1 1 0 0 0 760 1 3 3 11
3 2 1 0 0 0 760 1 14 14 3
3 3 1 0 0 0 760 3 11 11 14
3 4 1 0 0 0 760 3 13 13 11
3 5 1 1 0 0 500 1 11 11 13
3 6 1 0 0 0 760 2 3 3 11
3 7 1 0 0 0 760 2 4 4 3
3 8 1 0 0 0 760 3 5 5 4
3 9 1 0 0 0 760 3 13 13 5
3 10 1 0 0 0 760 2 9 9 13
3 11 1 1 0 0 534 1 13 13 9
3 12 1 0 0 0 760 2 8 8 13
3 13 1 0 0 0 760 2 12 12 8
3 14 1 1 0 0 475 1 8 8 12
3 15 1 0 0 0 760 2 11 11 8
3 16 1 0 0 0 760 2 14 14 11
3 17 1 0 0 0 760 3 1 1 14
3 18 1 0 0 0 760 3 11 11 1
3 19 1 1 0 0 447 1 1 1 11
3 20 1 0 0 0 760 3 14 14 1
3 21 1 1 0 0 513 1 1 1 14
3 22 1 1 0 0 719 1 14 14 1
3 23 1 1 0 0 561 1 1 1 14
3 24 1 1 0 0 481 1 14 14 1
3 25 1 1 0 0 628 1 1 1 14
