1 1 1 0 0 0 760 2 12 12 0
1 2 1 0 0 0 760 3 1 1 12
1 3 1 1 0 0 680 1 12 12 1
1 4 1 0 0 0 760 2 7 7 12
1 5 1 0 0 0 760 3 5 5 7
1 6 1 0 0 0 760 2 3 3 5
1 7 1 0 0 0 760 3 11 11 3
1 8 0 0 1 0 760 1 3 3 11
1 9 1 0 0 0 760 2 7 7 3
1 10 1 0 0 0 760 3 12 12 7
1 11 1 0 0 0 760 3 15 15 12
1 12 1 1 0 0 597 1 12 12 15
1 13 1 0 0 0 760 3 12 12 12
1 14 1 1 0 0 634 1 12 12 12
1 15 1 0 0 0 760 2 9 9 12
1 16 1 0 0 0 760 3 15 15 9
1 17 0 0 1 0 760 1 9 9 15
1 18 1 0 0 0 760 2 13 13 9
1 19 1 1 0 0 580 1 9 9 13
1 20 1 0 0 0 760 2 12 12 9
1 21 0 0 0 1 497 2 2 2 12
1 22 1 1 0 0 590 1 12 12 2
1 23 1 1 0 0 702 1 2 2 12
1 24 1 0 0 0 760 3 5 5 2
1 25 0 0 1 0 760 1 2 2 5
2 1 1 0 0 0 760 1 10 10 2
2 2 1 0 0 0 760 1 9 9 10
2 3 1 0 0 0 760 3 14 14 9
2 4 0 0 1 0 760 1 9 9 14
2 5 1 0 0 0 760 2 12 12 9
2 6 1 0 0 0 760 2 11 11 12
2 7 1 0 0 0 760 2 8 8 11
2 8 1 0 0 0 760 2 6 6 8
2 9 1 0 0 0 760 2 3 3 6
2 10 0 0 1 0 760 1 6 6 3
2 11 0 0 1 0 760 1 3 3 6
2 12 0 0 1 0 760 1 6 6 3
2 13 0 0 1 0 760 1 3 3 6
2 14 1 0 0 0 760 2 12 12 3
2 15 1 0 0 0 760 2 6 6 12
2 16 1 1 0 0 751 1 12 12 6
2 17 1 1 0 0 717 1 6 6 12
2 18 1 0 0 0 760 3 9 9 6
2 19 0 0 1 0 760 1 6 6 9
2 20 1 0 0 0 760 2 8 8 6
2 21 1 0 0 0 760 2 9 9 8
2 22 0 0 0 1 357 2 2 2 9
2 23 0 0 1 0 760 1 9 9 2
2 24 0 0 1 0 760 1 2 2 9
2 25 1 0 0 0 760 3 8 8 2
3 1 1 0 0 0 760 2 15 15 8
3 2 1 0 0 0 760 3 3 3 15
3 3 1 0 0 0 760 2 5 5 3
3 4 1 0 0 0 760 3 9 9 5
3 5 1 0 0 0 760 3 8 8 9
3 6 1 0 0 0 760 3 8 8 8
3 7 0 0 1 0 760 1 8 8 8
3 8 1 0 0 0 760 3 3 3 8
3 9 1 0 0 0 760 2 13 13 3
3 10 1 0 0 0 760 3 15 15 13
3 11 0 0 0 1 747 3 2 2 15
3 12 1 0 0 0 760 3 1 1 2
3 13 0 0 1 0 760 1 2 2 1
3 14 0 0 1 0 760 1 1 1 2
3 15 1 0 0 0 760 3 11 11 1
3 16 0 0 1 0 760 1 1 1 11
3 17 1 0 0 0 760 3 13 13 1
3 18 1 0 0 0 760 3 4 4 13
3 19 1 0 0 0 760 3 6 6 4
3 20 1 0 0 0 760 2 15 15 6
3 21 1 0 0 0 760 3 11 11 15
3 22 1 0 0 0 760 2 12 12 11
3 23 0 0 1 0 760 1 11 11 12
3 24 0 0 1 0 760 1 12 12 11
3 25 0 0 1 0 760 1 11 11 12
