1 1 1 0 0 0 760 1 8 8 0
1 2 1 0 0 0 760 1 6 6 8
1 3 1 0 0 0 760 2 10 10 6
1 4 1 0 0 0 760 2 1 1 10
1 5 1 1 0 0 700 1 10 10 1
1 6 0 0 1 0 760 1 1 1 10
1 7 1 0 0 0 760 2 14 14 1
1 8 1 1 0 0 539 1 1 1 14
1 9 1 0 0 0 760 3 10 10 1
1 10 1 1 0 0 555 1 1 1 10
1 11 1 1 0 0 570 1 10 10 1
1 12 1 0 0 0 760 2 3 3 10
1 13 1 0 0 0 760 2 8 8 3
1 14 1 1 0 0 552 1 3 3 8
1 15 1 1 0 0 736 1 8 8 3
1 16 1 0 0 0 760 3 13 13 8
1 17 1 0 0 0 760 3 15 15 13
1 18 1 0 0 0 760 2 4 4 15
1 19 1 0 0 0 760 3 6 6 4
1 20 1 0 0 0 760 3 3 3 6
1 21 1 0 0 0 760 3 2 2 3
1 22 1 0 0 0 760 2 6 6 2
1 23 1 0 0 0 760 2 15 15 6
1 24 1 0 0 0 760 2 9 9 15
1 25 0 0 1 0 760 1 15 15 9
2 1 1 0 0 0 760 3 4 4 15
2 2 1 0 0 0 760 1 11 11 4
2 3 1 0 0 0 760 2 8 8 11
2 4 1 1 0 0 540 1 11 11 8
2 5 1 0 0 0 760 2 4 4 11
2 6 1 0 0 0 760 2 3 3 4
2 7 1 0 0 0 760 2 8 8 3
2 8 0 0 1 0 760 1 3 3 8
2 9 1 0 0 0 760 3 4 4 3
2 10 1 0 0 0 760 3 2 2 4
2 11 1 0 0 0 760 2 6 6 2
2 12 1 0 0 0 760 3 6 6 6
2 13 1 0 0 0 760 3 8 8 6
2 14 0 0 1 0 760 1 6 6 8
2 15 1 1 0 0 571 1 8 8 6
2 16 1 0 0 0 760 3 4 4 8
2 17 1 1 0 0 579 1 8 8 4
2 18 1 0 0 0 760 2 10 10 8
2 19 1 1 0 0 585 1 8 8 10
2 20 1 1 0 0 686 1 10 10 8
2 21 1 1 0 0 604 1 8 8 10
2 22 1 0 0 0 760 3 7 7 8
2 23 1 0 0 0 760 3 15 15 7
2 24 1 0 0 0 760 2 1 1 15
2 25 1 0 0 0 760 3 4 4 1
3 1 1 0 0 0 760 2 10 10 4
3 2 1 0 0 0 760 1 8 8 10
3 3 1 1 0 0 549 1 10 10 8
3 4 1 0 0 0 760 2 6 6 10
3 5 1 0 0 0 760 2 6 6 6
3 6 1 0 0 0 760 2 9 9 6
3 7 1 0 0 0 760 3 5 5 9
3 8 1 1 0 0 679 1 9 9 5
3 9 1 1 0 0 731 1 5 5 9
3 10 1 0 0 0 760 3 15 15 5
3 11 1 0 0 0 760 2 4 4 15
3 12 1 0 0 0 760 3 2 2 4
3 13 1 0 0 0 760 2 7 7 2
3 14 1 0 0 0 760 2 4 4 7
3 15 1 1 0 0 586 1 7 7 4
3 16 1 0 0 0 760 3 6 6 7
3 17 1 1 0 0 587 1 7 7 6
3 18 1 0 0 0 760 3 7 7 7
3 19 1 0 0 0 760 3 14 14 7
3 20 1 1 0 0 551 1 7 7 14
3 21 0 0 0 1 752 3 7 7 7
3 22 0 0 0 1 743 3 4 4 7
3 23 1 0 0 0 760 2 8 8 4
3 24 1 0 0 0 760 2 1 1 8
3 25 0 0 0 1 631 2 3 3 1
