1 1 1 0 0 0 760 3 5 5 0
1 2 1 0 0 0 760 2 15 15 5
1 3 1 1 0 0 485 1 5 5 15
1 4 1 1 0 0 527 1 15 15 5
1 5 1 0 0 0 760 3 13 13 15
1 6 1 0 0 0 760 2 8 8 13
1 7 1 0 0 0 760 2 15 15 8
1 8 1 0 0 0 760 3 6 6 15
1 9 1 1 0 0 574 1 15 15 6
1 10 1 0 0 0 760 2 13 13 15
1 11 1 1 0 0 507 1 15 15 13
1 12 1 0 0 0 760 2 8 8 15
1 13 0 0 0 1 523 3 8 8 8
1 14 1 0 0 0 760 2 6 6 8
1 15 0 0 1 0 760 1 8 8 6
1 16 1 0 0 0 760 3 5 5 8
1 17 1 0 0 0 760 3 15 15 5
1 18 1 1 0 0 656 1 5 5 15
1 19 1 0 0 0 760 3 11 11 5
1 20 1 0 0 0 760 3 2 2 11
1 21 1 1 0 0 611 1 11 11 2
1 22 1 1 0 0 571 1 2 2 11
1 23 1 0 0 0 760 3 7 7 2
1 24 1 0 0 0 760 2 1 1 7
1 25 1 0 0 0 760 3 15 15 1
2 1 1 0 0 0 760 2 5 5 15
2 2 1 0 0 0 760 2 14 14 5
2 3 1 0 0 0 760 2 4 4 14
2 4 1 0 0 0 760 3 12 12 4
2 5 1 0 0 0 760 3 7 7 12
2 6 1 0 0 0 760 2 9 9 7
2 7 0 0 1 0 760 1 7 7 9
2 8 1 0 0 0 760 2 14 14 7
2 9 1 1 0 0 559 1 7 7 14
2 10 1 0 0 0 760 3 1 1 7
2 11 1 1 0 0 551 1 7 7 1
2 12 1 0 0 0 760 2 3 3 7
2 13 1 0 0 0 760 3 5 5 3
2 14 1 0 0 0 760 3 7 7 5
2 15 1 0 0 0 760 3 4 4 7
2 16 1 1 0 0 754 1 7 7 4
2 17 0 0 1 0 760 1 4 4 7
2 18 0 0 0 1 612 2 4 4 4
2 19 1 1 0 0 696 1 4 4 4
2 20 1 0 0 0 760 3 10 10 4
2 21 1 1 0 0 512 1 4 4 10
2 22 1 0 0 0 760 3 6 6 4
2 23 0 0 1 0 760 1 4 4 6
2 24 0 0 1 0 760 1 6 6 4
2 25 1 0 0 0 760 2 8 8 6
3 1 1 0 0 0 760 3 4 4 8
3 2 1 0 0 0 760 2 11 11 4
3 3 1 0 0 0 760 2 11 11 11
3 4 1 0 0 0 760 2 2 2 11
3 5 1 0 0 0 760 3 7 7 2
3 6 1 1 0 0 549 1 2 2 7
3 7 1 1 0 0 550 1 7 7 2
3 8 1 0 0 0 760 3 15 15 7
3 9 1 0 0 0 760 3 3 3 15
3 10 1 1 0 0 499 1 15 15 3
3 11 1 1 0 0 555 1 3 3 15
3 12 1 0 0 0 760 3 12 12 3
3 13 1 0 0 0 760 2 4 4 12
3 14 1 0 0 0 760 3 14 14 4
3 15 1 0 0 0 760 3 11 11 14
3 16 1 0 0 0 760 3 3 3 11
3 17 1 0 0 0 760 3 4 4 3
3 18 1 1 0 0 536 1 3 3 4
3 19 1 0 0 0 760 2 11 11 3
3 20 1 0 0 0 760 2 10 10 11
3 21 1 0 0 0 760 2 1 1 10
3 22 1 0 0 0 760 3 3 3 1
3 23 1 0 0 0 760 3 13 13 3
3 24 1 0 0 0 760 3 6 6 13
3 25 1 0 0 0 760 3 2 2 6
