1 1 1 0 0 0 760 1 2 2 0
1 2 1 0 0 0 760 1 10 10 2
1 3 1 0 0 0 760 2 6 6 10
1 4 0 0 1 0 760 1 10 10 6
1 5 1 0 0 0 473 3 13 13 10
1 6 1 0 0 0 760 2 5 5 13
1 7 0 0 1 0 639 1 13 13 5
1 8 1 0 0 0 760 2 2 2 13
1 9 1 0 0 0 760 2 12 12 2
1 10 1 0 0 0 760 2 6 6 12
1 11 0 0 1 0 760 1 12 12 6
1 12 0 0 1 0 718 1 6 6 12
1 13 1 0 0 0 760 2 13 13 6
1 14 0 0 1 0 491 1 6 6 13
1 15 0 0 0 1 693 3 5 5 6
1 16 1 0 0 0 760 3 15 15 5
1 17 1 0 0 0 760 2 12 12 15
1 18 0 0 1 0 717 1 15 15 12
1 19 1 0 0 0 760 3 11 11 15
1 20 1 0 0 0 760 2 12 12 11
1 21 1 0 0 0 760 2 5 5 12
1 22 1 1 0 0 726 1 12 12 5
1 23 1 1 0 0 616 1 5 5 12
1 24 1 0 0 0 760 3 15 15 5
1 25 1 1 0 0 674 1 5 5 15
2 1 1 0 0 0 760 2 11 11 5
2 2 1 0 0 0 760 1 8 8 11
2 3 1 0 0 0 760 3 14 14 8
2 4 1 0 0 0 760 3 7 7 14
2 5 1 0 0 0 760 3 15 15 7
2 6 1 0 0 0 760 2 13 13 15
2 7 1 0 0 0 760 2 12 12 13
2 8 0 0 0 1 572 2 9 9 12
2 9 1 0 0 0 760 3 7 7 9
2 10 1 1 0 0 695 1 9 9 7
2 11 1 0 0 0 760 2 4 4 9
2 12 0 0 1 0 760 1 9 9 4
2 13 1 0 0 0 760 3 7 7 9
2 14 1 0 0 0 760 3 2 2 7
2 15 1 0 0 0 760 3 2 2 2
2 16 0 0 1 0 760 1 2 2 2
2 17 1 0 0 0 760 2 9 9 2
2 18 0 0 1 0 760 1 2 2 9
2 19 1 0 0 0 760 2 10 10 2
2 20 1 0 0 0 760 2 14 14 10
2 21 0 0 1 0 760 1 10 10 14
2 22 1 0 0 0 760 3 15 15 10
2 23 0 0 1 0 760 1 10 10 15
2 24 1 0 0 0 760 3 6 6 10
2 25 1 0 0 0 760 3 6 6 6
3 1 0 0 0 1 695 3 2 2 6
3 2 1 0 0 0 760 1 5 5 2
3 3 1 0 0 0 760 3 12 12 5
3 4 0 0 1 0 760 1 5 5 12
3 5 1 0 0 0 760 2 1 1 5
3 6 1 0 0 0 760 3 3 3 1
3 7 0 0 1 0 760 1 1 1 3
3 8 1 0 0 0 760 3 1 1 1
3 9 1 1 0 0 511 1 1 1 1
3 10 1 0 0 0 760 3 4 4 1
3 11 1 0 0 0 760 2 2 2 4
3 12 1 0 0 0 760 3 12 12 2
3 13 0 0 1 0 760 1 2 2 12
3 14 1 0 0 0 760 3 6 6 2
3 15 1 0 0 0 760 3 1 1 6
3 16 1 0 0 0 760 2 8 8 1
3 17 1 0 0 0 760 3 10 10 8
3 18 1 0 0 0 760 3 13 13 10
3 19 1 0 0 0 760 2 5 5 13
3 20 1 0 0 0 760 2 12 12 5
3 21 0 0 1 0 760 1 5 5 12
3 22 1 0 0 0 760 3 4 4 5
3 23 1 0 0 0 760 2 3 3 4
3 24 1 0 0 0 760 2 12 12 3
3 25 1 0 0 0 760 2 4 4 12
