1 1 1 0 0 0 760 1 8 8 0
1 2 1 0 0 0 760 2 4 4 8
1 3 1 0 0 0 760 2 7 7 4
1 4 0 0 1 0 760 1 4 4 7
1 5 1 0 0 0 760 3 4 4 4
1 6 1 0 0 0 760 3 11 11 4
1 7 1 1 0 0 499 1 4 4 11
1 8 1 0 0 0 760 2 1 1 4
1 9 1 1 0 0 567 1 4 4 1
1 10 1 0 0 0 760 3 9 9 4
1 11 1 1 0 0 535 1 4 4 9
1 12 1 1 0 0 492 1 9 9 4
1 13 1 0 0 0 760 3 3 3 9
1 14 1 0 0 0 760 2 12 12 3
1 15 1 0 0 0 760 2 2 2 12
1 16 1 1 0 0 599 1 12 12 2
1 17 0 0 1 0 760 1 2 2 12
1 18 1 1 0 0 699 1 12 12 2
1 19 1 0 0 0 760 3 12 12 12
1 20 1 0 0 0 760 2 1 1 12
1 21 1 1 0 0 586 1 12 12 1
1 22 0 0 1 0 760 1 1 1 12
1 23 1 1 0 0 638 1 12 12 1
1 24 1 0 0 0 760 2 14 14 12
1 25 0 0 1 0 760 1 12 12 14
2 1 1 0 0 0 760 3 11 11 12
2 2 1 0 0 0 760 3 14 14 11
2 3 1 0 0 0 760 2 12 12 14
2 4 1 1 0 0 538 1 14 14 12
2 5 1 0 0 0 760 2 13 13 14
2 6 1 1 0 0 610 1 14 14 13
2 7 1 0 0 0 760 2 2 2 14
2 8 1 0 0 0 760 3 4 4 2
2 9 1 1 0 0 543 1 2 2 4
2 10 1 0 0 0 760 2 5 5 2
2 11 1 0 0 0 760 2 7 7 5
2 12 1 1 0 0 585 1 5 5 7
2 13 1 0 0 0 760 2 12 12 5
2 14 1 1 0 0 535 1 5 5 12
2 15 1 0 0 0 760 3 8 8 5
2 16 1 1 0 0 557 1 5 5 8
2 17 0 0 1 0 760 1 8 8 5
2 18 1 0 0 0 760 3 1 1 8
2 19 1 1 0 0 525 1 8 8 1
2 20 0 0 1 0 760 1 1 1 8
2 21 1 0 0 0 760 2 4 4 1
2 22 1 1 0 0 539 1 1 1 4
2 23 1 0 0 0 760 3 1 1 1
2 24 1 0 0 0 760 2 14 14 1
2 25 1 0 0 0 760 2 4 4 14
3 1 1 0 0 0 760 1 5 5 4
3 2 1 0 0 0 760 1 9 9 5
3 3 1 1 0 0 557 1 5 5 9
3 4 1 0 0 0 760 3 10 10 5
3 5 1 1 0 0 532 1 5 5 10
3 6 1 0 0 0 760 3 3 3 5
3 7 1 0 0 0 760 3 12 12 3
3 8 1 1 0 0 573 1 3 3 12
3 9 1 0 0 0 760 3 14 14 3
3 10 1 1 0 0 605 1 3 3 14
3 11 0 0 1 0 760 1 14 14 3
3 12 1 0 0 0 760 2 5 5 14
3 13 0 0 1 0 760 1 14 14 5
3 14 1 0 0 0 760 2 12 12 14
3 15 1 1 0 0 739 1 14 14 12
3 16 1 1 0 0 593 1 12 12 14
3 17 1 1 0 0 544 1 14 14 12
3 18 1 1 0 0 734 1 12 12 14
3 19 0 0 1 0 760 1 14 14 12
3 20 1 1 0 0 617 1 12 12 14
3 21 1 0 0 0 760 2 13 13 12
3 22 0 0 0 1 682 3 2 2 13
3 23 1 1 0 0 725 1 13 13 2
3 24 1 0 0 0 760 2 10 10 13
3 25 0 0 1 0 760 1 13 13 10
