1 1 1 0 0 0 760 3 1 1 0
1 2 1 0 0 0 760 3 11 11 1
1 3 1 1 0 0 697 1 1 1 11
1 4 1 0 0 0 760 3 2 2 1
1 5 1 1 0 0 747 1 1 1 2
1 6 1 0 0 0 760 2 12 12 1
1 7 1 1 0 0 614 1 1 1 12
1 8 1 0 0 0 760 3 13 13 1
1 9 1 0 0 0 760 2 6 6 13
1 10 1 0 0 0 760 3 5 5 6
1 11 1 0 0 0 760 3 14 14 5
1 12 1 0 0 0 760 2 14 14 14
1 13 1 1 0 0 645 1 14 14 14
1 14 1 0 0 0 760 2 6 6 14
1 15 1 0 0 0 760 2 10 10 6
1 16 1 0 0 0 760 3 8 8 10
1 17 0 0 1 0 760 1 10 10 8
1 18 1 0 0 0 760 2 4 4 10
1 19 0 0 0 1 611 3 8 8 4
1 20 1 0 0 0 760 2 7 7 8
1 21 1 0 0 0 760 3 2 2 7
1 22 1 0 0 0 760 3 9 9 2
1 23 1 0 0 0 760 3 4 4 9
1 24 1 0 0 0 760 2 14 14 4
1 25 1 0 0 0 760 3 15 15 14
2 1 1 0 0 0 760 1 3 3 15
2 2 1 0 0 0 760 1 13 13 3
2 3 1 0 0 0 760 2 15 15 13
2 4 1 0 0 0 760 3 1 1 15
2 5 1 0 0 0 760 3 9 9 1
2 6 1 0 0 0 760 2 6 6 9
2 7 0 0 1 0 760 1 9 9 6
2 8 1 0 0 0 760 3 1 1 9
2 9 0 0 1 0 760 1 9 9 1
2 10 0 0 1 0 760 1 1 1 9
2 11 1 0 0 0 760 2 10 10 1
2 12 1 0 0 0 760 3 14 14 10
2 13 0 0 1 0 760 1 10 10 14
2 14 0 0 1 0 760 1 14 14 10
2 15 1 0 0 0 760 3 13 13 14
2 16 1 1 0 0 454 1 14 14 13
2 17 1 1 0 0 743 1 13 13 14
2 18 1 1 0 0 467 1 14 14 13
2 19 1 0 0 0 760 2 8 8 14
2 20 1 0 0 0 760 2 6 6 8
2 21 1 0 0 0 760 2 2 2 6
2 22 1 1 0 0 581 1 6 6 2
2 23 1 0 0 0 760 2 13 13 6
2 24 1 0 0 0 760 2 3 3 13
2 25 1 1 0 0 731 1 13 13 3
3 1 1 0 0 0 760 2 9 9 13
3 2 1 0 0 0 760 1 12 12 9
3 3 1 0 0 0 760 2 12 12 12
3 4 1 1 0 0 524 1 12 12 12
3 5 1 0 0 0 760 2 9 9 12
3 6 1 0 0 0 760 2 7 7 9
3 7 1 1 0 0 483 1 9 9 7
3 8 1 1 0 0 473 1 7 7 9
3 9 1 1 0 0 628 1 9 9 7
3 10 1 0 0 0 760 2 1 1 9
3 11 1 0 0 0 760 3 3 3 1
3 12 1 0 0 0 760 2 9 9 3
3 13 1 0 0 0 760 3 11 11 9
3 14 1 0 0 0 760 3 14 14 11
3 15 1 0 0 0 760 2 10 10 14
3 16 1 0 0 0 760 3 9 9 10
3 17 1 0 0 0 760 2 1 1 9
3 18 1 1 0 0 519 1 9 9 1
3 19 1 1 0 0 470 1 1 1 9
3 20 1 1 0 0 585 1 9 9 1
3 21 1 0 0 0 760 2 5 5 9
3 22 1 1 0 0 519 1 9 9 5
3 23 1 0 0 0 760 2 14 14 9
3 24 1 0 0 0 760 2 7 7 14
3 25 1 0 0 0 760 3 11 11 7
