1 1 1 0 0 0 760 3 11 11 0
1 2 1 0 0 0 760 3 13 13 11
1 3 1 0 0 0 760 3 7 7 13
1 4 1 1 0 0 665 1 13 13 7
1 5 1 0 0 0 760 3 3 3 13
1 6 1 1 0 0 581 1 13 13 3
1 7 1 1 0 0 548 1 3 3 13
1 8 1 0 0 0 760 3 12 12 3
1 9 1 0 0 0 760 3 12 12 12
1 10 1 0 0 0 760 2 9 9 12
1 11 1 1 0 0 512 1 12 12 9
1 12 1 1 0 0 621 1 9 9 12
1 13 1 0 0 0 760 3 2 2 9
1 14 1 1 0 0 594 1 9 9 2
1 15 1 0 0 0 760 3 13 13 9
1 16 1 1 0 0 692 1 9 9 13
1 17 1 0 0 0 760 2 12 12 9
1 18 1 1 0 0 551 1 9 9 12
1 19 1 0 0 0 760 3 1 1 9
1 20 1 0 0 0 760 2 2 2 1
1 21 1 1 0 0 542 1 1 1 2
1 22 1 0 0 0 760 3 4 4 1
1 23 1 0 0 0 760 3 6 6 4
1 24 1 0 0 0 760 2 8 8 6
1 25 1 0 0 0 760 3 7 7 8
2 1 1 0 0 0 760 1 3 3 7
2 2 1 0 0 0 760 2 12 12 3
2 3 1 1 0 0 734 1 3 3 12
2 4 1 1 0 0 676 1 12 12 3
2 5 1 0 0 0 760 3 5 5 12
2 6 1 0 0 0 760 2 6 6 5
2 7 1 0 0 0 760 2 8 8 6
2 8 0 0 1 0 760 1 6 6 8
2 9 1 0 0 0 760 3 6 6 6
2 10 1 0 0 0 760 2 13 13 6
2 11 1 0 0 0 760 3 14 14 13
2 12 1 1 0 0 723 1 13 13 14
2 13 1 1 0 0 673 1 14 14 13
2 14 1 0 0 0 760 3 1 1 14
2 15 1 0 0 0 760 2 10 10 1
2 16 1 0 0 0 760 2 13 13 10
2 17 0 0 0 1 747 2 13 13 13
2 18 1 0 0 0 760 3 14 14 13
2 19 1 1 0 0 604 1 13 13 14
2 20 1 0 0 0 760 2 1 1 13
2 21 1 0 0 0 760 2 1 1 1
2 22 1 0 0 0 760 2 5 5 1
2 23 1 1 0 0 678 1 1 1 5
2 24 1 1 0 0 636 1 5 5 1
2 25 1 0 0 0 760 2 13 13 5
3 1 1 0 0 0 760 1 12 12 13
3 2 1 0 0 0 760 1 15 15 12
3 3 1 0 0 0 760 3 8 8 15
3 4 1 0 0 0 760 2 14 14 8
3 5 1 0 0 0 760 3 1 1 14
3 6 1 0 0 0 760 2 15 15 1
3 7 1 0 0 0 760 2 7 7 15
3 8 1 1 0 0 622 1 15 15 7
3 9 1 0 0 0 760 2 9 9 15
3 10 1 0 0 0 760 2 7 7 9
3 11 0 0 1 0 760 1 9 9 7
3 12 1 0 0 0 760 2 13 13 9
3 13 1 1 0 0 612 1 9 9 13
3 14 1 0 0 0 760 2 6 6 9
3 15 1 0 0 0 760 3 6 6 6
3 16 1 0 0 0 760 2 12 12 6
3 17 1 1 0 0 503 1 6 6 12
3 18 0 0 1 0 760 1 12 12 6
3 19 0 0 1 0 760 1 6 6 12
3 20 1 0 0 0 760 3 10 10 6
3 21 1 1 0 0 685 1 6 6 10
3 22 0 0 0 1 650 3 6 6 6
3 23 1 0 0 0 760 3 15 15 6
3 24 1 1 0 0 585 1 6 6 15
3 25 1 0 0 0 760 3 10 10 6
