1 1 1 0 0 0 760 3 9 9 0
1 2 1 0 0 0 760 2 5 5 9
1 3 1 0 0 0 760 3 10 10 5
1 4 1 0 0 0 760 3 3 3 10
1 5 1 0 0 0 760 3 14 14 3
1 6 1 0 0 0 760 2 7 7 14
1 7 1 1 0 0 593 1 14 14 7
1 8 1 1 0 0 712 1 7 7 14
1 9 1 1 0 0 513 1 14 14 7
1 10 1 1 0 0 586 1 7 7 14
1 11 1 0 0 0 760 3 9 9 7
1 12 1 0 0 0 760 2 12 12 9
1 13 1 0 0 0 760 3 10 10 12
1 14 1 0 0 0 760 2 7 7 10
1 15 1 1 0 0 590 1 10 10 7
1 16 1 0 0 0 760 2 12 12 10
1 17 1 1 0 0 746 1 10 10 12
1 18 1 1 0 0 738 1 12 12 10
1 19 1 0 0 0 760 2 9 9 12
1 20 0 0 0 1 704 3 10 10 9
1 21 0 0 1 0 760 1 9 9 10
1 22 1 0 0 0 760 2 15 15 9
1 23 0 0 1 0 760 1 9 9 15
1 24 1 0 0 0 760 3 14 14 9
1 25 1 0 0 0 760 2 2 2 14
2 1 1 0 0 0 760 3 12 12 2
2 2 1 0 0 0 760 1 14 14 12
2 3 1 0 0 0 760 2 2 2 14
2 4 1 0 0 0 760 3 4 4 2
2 5 1 0 0 0 760 2 5 5 4
2 6 1 1 0 0 700 1 4 4 5
2 7 1 0 0 0 760 2 12 12 4
2 8 0 0 1 0 760 1 4 4 12
2 9 1 0 0 0 760 2 10 10 4
2 10 1 0 0 0 760 2 8 8 10
2 11 1 1 0 0 639 1 10 10 8
2 12 1 1 0 0 716 1 8 8 10
2 13 1 0 0 0 760 3 6 6 8
2 14 1 0 0 0 760 2 12 12 6
2 15 0 0 1 0 760 1 6 6 12
2 16 1 0 0 0 760 3 14 14 6
2 17 1 1 0 0 632 1 6 6 14
2 18 1 0 0 0 760 3 4 4 6
2 19 1 0 0 0 760 2 4 4 4
2 20 1 1 0 0 613 1 4 4 4
2 21 0 0 1 0 760 1 4 4 4
2 22 1 0 0 0 760 3 2 2 4
2 23 1 0 0 0 760 2 14 14 2
2 24 1 1 0 0 637 1 2 2 14
2 25 1 0 0 0 760 2 5 5 2
3 1 1 0 0 0 760 2 15 15 5
3 2 1 0 0 0 760 3 8 8 15
3 3 1 0 0 0 760 3 13 13 8
3 4 1 0 0 0 760 2 15 15 13
3 5 0 0 1 0 760 1 13 13 15
3 6 1 0 0 0 760 3 7 7 13
3 7 1 1 0 0 644 1 13 13 7
3 8 1 0 0 0 760 3 5 5 13
3 9 1 0 0 0 760 3 2 2 5
3 10 1 0 0 0 760 2 2 2 2
3 11 1 0 0 0 760 2 15 15 2
3 12 1 1 0 0 600 1 2 2 15
3 13 1 0 0 0 760 3 3 3 2
3 14 1 1 0 0 557 1 2 2 3
3 15 0 0 1 0 760 1 3 3 2
3 16 1 0 0 0 760 3 3 3 3
3 17 1 0 0 0 760 2 15 15 3
3 18 1 0 0 0 760 3 15 15 15
3 19 1 1 0 0 640 1 15 15 15
3 20 1 0 0 0 760 2 8 8 15
3 21 0 0 0 1 615 2 13 13 8
3 22 1 0 0 0 760 3 9 9 13
3 23 1 0 0 0 760 2 1 1 9
3 24 1 0 0 0 760 2 3 3 1
3 25 0 0 1 0 760 1 1 1 3
