1 1 1 0 0 0 760 2 5 5 0
1 2 1 0 0 0 760 1 2 2 5
1 3 1 0 0 0 760 2 8 8 2
1 4 1 0 0 0 760 2 8 8 8
1 5 1 0 0 0 760 3 11 11 8
1 6 1 0 0 0 760 2 11 11 11
1 7 1 0 0 0 760 2 12 12 11
1 8 1 1 0 0 761 1 11 11 12
1 9 1 0 0 0 760 2 5 5 11
1 10 1 0 0 0 760 3 8 8 5
1 11 0 0 1 0 760 1 5 5 8
1 12 1 1 0 0 653 1 8 8 5
1 13 0 0 0 1 504 2 4 4 8
1 14 1 0 0 0 760 2 14 14 4
1 15 1 1 0 0 564 1 4 4 14
1 16 1 0 0 0 760 2 9 9 4
1 17 1 0 0 0 760 3 15 15 9
1 18 1 1 0 0 452 1 9 9 15
1 19 1 0 0 0 760 2 13 13 9
1 20 1 0 0 0 760 2 13 13 13
1 21 1 0 0 0 760 3 9 9 13
1 22 1 0 0 0 760 3 7 7 9
1 23 0 0 0 1 542 2 15 15 7
1 24 1 1 0 0 706 1 7 7 15
1 25 1 0 0 0 760 2 2 2 7
2 1 1 0 0 0 760 3 6 6 2
2 2 1 0 0 0 760 2 9 9 6
2 3 1 1 0 0 609 1 6 6 9
2 4 1 1 0 0 454 1 9 9 6
2 5 1 1 0 0 600 1 6 6 9
2 6 1 0 0 0 760 2 14 14 6
2 7 1 1 0 0 568 1 6 6 14
2 8 0 0 1 0 760 1 14 14 6
2 9 1 0 0 0 760 2 8 8 14
2 10 1 0 0 0 760 2 8 8 8
2 11 0 0 1 0 760 1 8 8 8
2 12 0 0 0 1 723 2 14 14 8
2 13 1 1 0 0 526 1 8 8 14
2 14 1 0 0 0 760 3 5 5 8
2 15 1 0 0 0 760 3 11 11 5
2 16 1 0 0 0 760 3 15 15 11
2 17 0 0 1 0 760 1 11 11 15
2 18 1 0 0 0 760 2 13 13 11
2 19 1 0 0 0 760 3 1 1 13
2 20 1 0 0 0 760 2 6 6 1
2 21 1 0 0 0 760 2 14 14 6
2 22 1 0 0 0 760 3 14 14 14
2 23 1 0 0 0 760 2 12 12 14
2 24 1 0 0 0 760 3 2 2 12
2 25 1 0 0 0 760 3 4 4 2
3 1 1 0 0 0 760 2 9 9 4
3 2 1 0 0 0 760 2 1 1 9
3 3 1 0 0 0 760 2 14 14 1
3 4 1 0 0 0 760 3 7 7 14
3 5 0 0 1 0 760 1 14 14 7
3 6 0 0 1 0 760 1 7 7 14
3 7 1 0 0 0 760 2 4 4 7
3 8 1 0 0 0 760 3 11 11 4
3 9 1 0 0 0 760 2 15 15 11
3 10 1 0 0 0 760 3 13 13 15
3 11 1 1 0 0 537 1 15 15 13
3 12 1 1 0 0 611 1 13 13 15
3 13 1 1 0 0 519 1 15 15 13
3 14 1 1 0 0 673 1 13 13 15
3 15 1 0 0 0 760 2 14 14 13
3 16 0 0 1 0 760 1 13 13 14
3 17 0 0 0 1 523 3 15 15 13
3 18 0 0 1 0 760 1 13 13 15
3 19 1 1 0 0 433 1 15 15 13
3 20 1 0 0 0 760 2 9 9 15
3 21 1 0 0 0 760 2 14 14 9
3 22 1 0 0 0 760 2 4 4 14
3 23 0 0 0 1 506 2 5 5 4
3 24 1 0 0 0 760 3 6 6 5
3 25 1 0 0 0 760 2 4 4 6
