1 1 1 0 0 0 760 1 11 11 0
1 2 1 0 0 0 760 2 1 1 11
1 3 0 0 1 0 760 1 11 11 1
1 4 1 1 0 0 638 1 1 1 11
1 5 1 0 0 0 760 3 3 3 1
1 6 1 0 0 0 760 2 14 14 3
1 7 1 0 0 0 760 3 1 1 14
1 8 1 1 0 0 745 1 14 14 1
1 9 1 0 0 0 760 3 5 5 14
1 10 1 0 0 0 760 2 7 7 5
1 11 0 0 1 0 760 1 5 5 7
1 12 1 0 0 0 760 3 4 4 5
1 13 1 0 0 0 760 3 15 15 4
1 14 1 0 0 0 760 2 7 7 15
1 15 1 0 0 0 760 2 12 12 7
1 16 1 1 0 0 759 1 7 7 12
1 17 1 0 0 0 760 3 10 10 7
1 18 1 0 0 0 760 2 5 5 10
1 19 1 0 0 0 760 2 2 2 5
1 20 1 0 0 0 760 2 9 9 2
1 21 1 0 0 0 760 2 6 6 9
1 22 1 1 0 0 666 1 9 9 6
1 23 1 0 0 0 760 2 12 12 9
1 24 1 0 0 0 760 3 4 4 12
1 25 1 0 0 0 760 3 9 9 4
2 1 1 0 0 0 760 3 2 2 9
2 2 1 0 0 0 760 1 10 10 2
2 3 1 0 0 0 760 2 13 13 10
2 4 1 0 0 0 760 3 7 7 13
2 5 1 0 0 0 760 2 8 8 7
2 6 1 0 0 0 760 3 10 10 8
2 7 1 0 0 0 760 2 5 5 10
2 8 1 1 0 0 644 1 10 10 5
2 9 1 0 0 0 760 2 6 6 10
2 10 1 0 0 0 760 2 15 15 6
2 11 1 1 0 0 568 1 6 6 15
2 12 1 0 0 0 760 2 8 8 6
2 13 1 0 0 0 760 2 14 14 8
2 14 1 0 0 0 760 3 7 7 14
2 15 1 0 0 0 760 3 3 3 7
2 16 1 1 0 0 569 1 7 7 3
2 17 1 0 0 0 760 2 4 4 7
2 18 1 0 0 0 760 3 13 13 4
2 19 1 0 0 0 760 2 1 1 13
2 20 1 0 0 0 760 3 2 2 1
2 21 1 0 0 0 760 3 5 5 2
2 22 1 1 0 0 639 1 2 2 5
2 23 1 0 0 0 760 2 15 15 2
2 24 1 1 0 0 582 1 2 2 15
2 25 1 0 0 0 760 2 11 11 2
3 1 1 0 0 0 760 2 3 3 11
3 2 1 0 0 0 760 2 3 3 3
3 3 1 1 0 0 560 1 3 3 3
3 4 1 0 0 0 760 2 4 4 3
3 5 1 0 0 0 760 3 9 9 4
3 6 1 1 0 0 710 1 4 4 9
3 7 1 1 0 0 594 1 9 9 4
3 8 1 0 0 0 760 2 6 6 9
3 9 1 0 0 0 760 2 15 15 6
3 10 1 0 0 0 760 3 12 12 15
3 11 1 0 0 0 760 3 2 2 12
3 12 1 0 0 0 760 2 11 11 2
3 13 1 0 0 0 760 3 7 7 11
3 14 1 0 0 0 760 3 7 7 7
3 15 1 1 0 0 722 1 7 7 7
3 16 1 1 0 0 640 1 7 7 7
3 17 0 0 1 0 760 1 7 7 7
3 18 1 0 0 0 760 3 11 11 7
3 19 1 0 0 0 760 2 12 12 11
3 20 1 1 0 0 557 1 11 11 12
3 21 1 0 0 0 760 3 10 10 11
3 22 0 0 0 1 655 3 6 6 10
3 23 1 0 0 0 760 2 7 7 6
3 24 0 0 0 1 619 3 11 11 7
3 25 0 0 1 0 760 1 7 7 11
