1 1 1 0 0 0 760 2 14 14 0
1 2 1 0 0 0 760 3 14 14 14
1 3 1 1 0 0 548 1 14 14 14
1 4 1 0 0 0 760 3 15 15 14
1 5 0 0 1 0 760 1 14 14 15
1 6 1 0 0 0 760 2 6 6 14
1 7 1 0 0 0 760 2 1 1 6
1 8 1 0 0 0 760 3 14 14 1
1 9 1 0 0 0 757 2 5 5 14
1 10 1 0 0 0 425 3 9 9 5
1 11 1 1 0 0 570 1 5 5 9
1 12 1 1 0 0 479 1 9 9 5
1 13 1 0 0 0 760 3 10 10 9
1 14 1 0 0 0 760 2 2 2 10
1 15 1 1 0 0 554 1 10 10 2
1 16 1 0 0 0 760 3 6 6 10
1 17 1 0 0 0 760 3 4 4 6
1 18 0 0 0 1 710 2 1 1 4
1 19 1 0 0 0 760 2 3 3 1
1 20 1 0 0 0 760 2 5 5 3
1 21 1 1 0 0 625 1 3 3 5
1 22 0 0 1 0 760 1 5 5 3
1 23 1 0 0 0 760 3 7 7 5
1 24 1 0 0 0 760 2 7 7 7
1 25 1 0 0 0 760 3 11 11 7
2 1 1 0 0 0 760 3 10 10 11
2 2 1 0 0 0 760 3 8 8 10
2 3 1 0 0 0 760 2 15 15 8
2 4 0 0 1 0 760 1 8 8 15
2 5 1 0 0 0 760 3 3 3 8
2 6 1 0 0 0 760 3 2 2 3
2 7 1 0 0 0 760 3 10 10 2
2 8 0 0 0 1 621 3 4 4 10
2 9 1 0 0 0 760 2 11 11 4
2 10 1 1 0 0 669 1 4 4 11
2 11 1 0 0 0 760 3 10 10 4
2 12 0 0 1 0 760 1 4 4 10
2 13 0 0 1 0 760 1 10 10 4
2 14 0 0 1 0 760 1 4 4 10
2 15 1 1 0 0 628 1 10 10 4
2 16 1 1 0 0 468 1 4 4 10
2 17 1 0 0 0 760 2 5 5 4
2 18 1 0 0 0 760 3 13 13 5
2 19 1 0 0 0 760 3 15 15 13
2 20 0 0 0 1 517 3 15 15 15
2 21 1 1 0 0 551 1 15 15 15
2 22 1 0 0 0 760 2 14 14 15
2 23 1 0 0 0 760 3 13 13 14
2 24 1 0 0 0 760 3 10 10 13
2 25 1 1 0 0 541 1 13 13 10
3 1 1 0 0 0 760 2 4 4 13
3 2 1 0 0 0 760 3 11 11 4
3 3 1 0 0 0 760 2 1 1 11
3 4 1 0 0 0 760 2 6 6 1
3 5 0 0 1 0 760 1 1 1 6
3 6 1 0 0 0 760 2 4 4 1
3 7 1 0 0 0 760 3 11 11 4
3 8 1 1 0 0 725 1 4 4 11
3 9 1 0 0 0 760 3 10 10 4
3 10 1 0 0 0 760 2 6 6 10
3 11 1 0 0 0 760 2 11 11 6
3 12 1 0 0 0 760 3 11 11 11
3 13 0 0 1 0 760 1 11 11 11
3 14 0 0 1 0 760 1 11 11 11
3 15 1 0 0 0 760 3 7 7 11
3 16 1 0 0 0 760 2 10 10 7
3 17 1 0 0 0 760 3 13 13 10
3 18 1 0 0 0 760 2 9 9 13
3 19 1 0 0 0 760 3 9 9 9
3 20 0 0 1 0 760 1 9 9 9
3 21 1 0 0 0 760 3 15 15 9
3 22 1 0 0 0 760 2 10 10 15
3 23 1 0 0 0 760 3 6 6 10
3 24 0 0 1 0 760 1 10 10 6
3 25 1 0 0 0 760 3 7 7 10
