1 1 1 0 0 0 760 2 2 2 0
1 2 1 0 0 0 760 2 9 9 2
1 3 1 0 0 0 760 2 10 10 9
1 4 1 0 0 0 760 3 1 1 10
1 5 1 1 0 0 635 1 10 10 1
1 6 1 0 0 0 760 3 10 10 10
1 7 1 1 0 0 660 1 10 10 10
1 8 1 1 0 0 667 1 10 10 10
1 9 1 0 0 0 760 3 4 4 10
1 10 1 0 0 0 760 3 12 12 4
1 11 1 0 0 0 760 2 2 2 12
1 12 1 1 0 0 731 1 12 12 2
1 13 0 0 1 0 760 1 2 2 12
1 14 1 0 0 0 760 3 5 5 2
1 15 1 1 0 0 522 1 2 2 5
1 16 1 0 0 0 760 3 7 7 2
1 17 1 0 0 0 760 2 11 11 7
1 18 1 0 0 0 760 2 11 11 11
1 19 1 0 0 0 760 2 5 5 11
1 20 1 0 0 0 760 2 6 6 5
1 21 1 0 0 0 760 3 9 9 6
1 22 1 0 0 0 760 3 4 4 9
1 23 1 0 0 0 760 3 10 10 4
1 24 1 0 0 0 760 2 11 11 10
1 25 1 0 0 0 760 3 3 3 11
2 1 1 0 0 0 760 1 9 9 3
2 2 1 0 0 0 760 1 2 2 9
2 3 1 0 0 0 760 3 2 2 2
2 4 1 1 0 0 737 1 2 2 2
2 5 1 0 0 0 760 3 15 15 2
2 6 1 1 0 0 671 1 2 2 15
2 7 0 0 1 0 760 1 15 15 2
2 8 1 0 0 0 760 3 3 3 15
2 9 1 0 0 0 760 2 6 6 3
2 10 1 0 0 0 760 3 6 6 6
2 11 1 1 0 0 635 1 6 6 6
2 12 1 0 0 0 760 3 5 5 6
2 13 1 0 0 0 760 2 11 11 5
2 14 1 0 0 0 760 2 3 3 11
2 15 1 0 0 0 760 3 1 1 3
2 16 1 0 0 0 760 2 13 13 1
2 17 1 0 0 0 760 2 3 3 13
2 18 1 0 0 0 760 2 11 11 3
2 19 1 0 0 0 760 2 6 6 11
2 20 0 0 1 0 760 1 11 11 6
2 21 1 0 0 0 760 2 15 15 11
2 22 1 1 0 0 525 1 11 11 15
2 23 1 0 0 0 760 3 4 4 11
2 24 1 0 0 0 760 3 8 8 4
2 25 1 0 0 0 760 3 1 1 8
3 1 1 0 0 0 760 1 2 2 1
3 2 1 0 0 0 760 1 5 5 2
3 3 0 0 1 0 760 1 2 2 5
3 4 0 0 1 0 760 1 5 5 2
3 5 1 0 0 0 760 3 9 9 5
3 6 1 1 0 0 549 1 5 5 9
3 7 1 0 0 0 760 2 14 14 5
3 8 1 0 0 0 760 2 12 12 14
3 9 1 1 0 0 515 1 14 14 12
3 10 1 1 0 0 623 1 12 12 14
3 11 1 0 0 0 760 2 6 6 12
3 12 0 0 1 0 760 1 12 12 6
3 13 0 0 1 0 760 1 6 6 12
3 14 1 0 0 0 760 3 1 1 6
3 15 0 0 0 1 631 3 14 14 1
3 16 1 1 0 0 756 1 1 1 14
3 17 1 0 0 0 760 3 3 3 1
3 18 1 0 0 0 760 2 14 14 3
3 19 1 0 0 0 760 3 5 5 14
3 20 0 0 1 0 760 1 14 14 5
3 21 1 0 0 0 760 3 3 3 14
3 22 1 1 0 0 515 1 14 14 3
3 23 1 0 0 0 760 2 12 12 14
3 24 1 1 0 0 528 1 14 14 12
3 25 1 1 0 0 726 1 12 12 14
