1 1 1 0 0 0 760 1 3 3 0
1 2 1 0 0 0 760 2 13 13 3
1 3 1 1 0 0 630 1 3 3 13
1 4 1 0 0 0 760 3 11 11 3
1 5 1 1 0 0 506 1 3 3 11
1 6 1 0 0 0 760 3 8 8 3
1 7 0 0 0 1 439 3 11 11 8
1 8 1 1 0 0 588 1 8 8 11
1 9 1 0 0 0 760 3 4 4 8
1 10 1 0 0 0 760 2 13 13 4
1 11 1 0 0 0 760 3 12 12 13
1 12 0 0 0 1 586 2 12 12 12
1 13 1 1 0 0 577 1 12 12 12
1 14 1 0 0 0 760 2 14 14 12
1 15 1 1 0 0 577 1 12 12 14
1 16 1 0 0 0 760 2 9 9 12
1 17 1 1 0 0 516 1 12 12 9
1 18 1 1 0 0 608 1 9 9 12
1 19 1 1 0 0 559 1 12 12 9
1 20 1 1 0 0 534 1 9 9 12
1 21 1 0 0 0 760 3 6 6 9
1 22 0 0 1 0 760 1 9 9 6
1 23 0 0 0 1 506 3 4 4 9
1 24 1 0 0 0 760 3 3 3 4
1 25 1 0 0 0 760 3 6 6 3
2 1 1 0 0 0 760 3 11 11 6
2 2 1 0 0 0 760 2 12 12 11
2 3 1 0 0 0 760 2 6 6 12
2 4 1 1 0 0 458 1 12 12 6
2 5 1 0 0 0 760 3 10 10 12
2 6 1 0 0 0 760 2 3 3 10
2 7 1 0 0 0 760 2 8 8 3
2 8 1 0 0 0 760 3 14 14 8
2 9 1 1 0 0 429 1 8 8 14
2 10 1 0 0 0 760 3 5 5 8
2 11 1 1 0 0 486 1 8 8 5
2 12 1 0 0 0 760 2 4 4 8
2 13 1 0 0 0 760 2 13 13 4
2 14 1 0 0 0 760 3 12 12 13
2 15 1 0 0 0 760 3 3 3 12
2 16 1 0 0 0 760 2 1 1 3
2 17 1 1 0 0 462 1 3 3 1
2 18 1 0 0 0 760 3 7 7 3
2 19 1 0 0 0 760 3 11 11 7
2 20 1 0 0 0 760 2 2 2 11
2 21 1 0 0 0 760 2 9 9 2
2 22 1 1 0 0 475 1 2 2 9
2 23 1 0 0 0 760 3 4 4 2
2 24 1 0 0 0 760 2 9 9 4
2 25 1 1 0 0 524 1 4 4 9
3 1 1 0 0 0 760 2 8 8 4
3 2 1 0 0 0 760 1 12 12 8
3 3 0 0 1 0 760 1 8 8 12
3 4 1 0 0 0 760 3 11 11 8
3 5 1 0 0 0 760 3 5 5 11
3 6 1 0 0 0 760 3 13 13 5
3 7 1 0 0 0 760 2 8 8 13
3 8 1 0 0 0 760 3 1 1 8
3 9 1 1 0 0 471 1 8 8 1
3 10 1 0 0 0 760 2 9 9 8
3 11 1 0 0 0 760 2 1 1 9
3 12 1 1 0 0 498 1 9 9 1
3 13 1 0 0 0 760 2 14 14 9
3 14 1 0 0 0 760 2 7 7 14
3 15 1 1 0 0 535 1 14 14 7
3 16 1 1 0 0 520 1 7 7 14
3 17 1 0 0 0 760 3 12 12 7
3 18 1 0 0 0 760 2 9 9 12
3 19 1 1 0 0 558 1 12 12 9
3 20 1 1 0 0 508 1 9 9 12
3 21 1 1 0 0 493 1 12 12 9
3 22 1 1 0 0 480 1 9 9 12
3 23 1 0 0 0 760 3 14 14 9
3 24 1 0 0 0 760 2 11 11 14
3 25 0 0 1 0 760 1 14 14 11
