1 1 1 0 0 0 760 1 12 12 0
1 2 1 0 0 0 760 2 8 8 12
1 3 1 1 0 0 445 1 12 12 8
1 4 1 1 0 0 516 1 8 8 12
1 5 1 1 0 0 487 1 12 12 8
1 6 1 1 0 0 471 1 8 8 12
1 7 1 0 0 0 760 2 6 6 8
1 8 1 0 0 0 760 2 13 13 6
1 9 1 0 0 0 760 3 10 10 13
1 10 1 0 0 0 760 2 12 12 10
1 11 1 0 0 0 760 3 4 4 12
1 12 0 0 0 1 518 2 4 4 4
1 13 1 0 0 0 760 2 13 13 4
1 14 1 1 0 0 532 1 4 4 13
1 15 1 1 0 0 680 1 13 13 4
1 16 1 1 0 0 551 1 4 4 13
1 17 1 1 0 0 642 1 13 13 4
1 18 1 1 0 0 551 1 4 4 13
1 19 1 1 0 0 481 1 13 13 4
1 20 1 1 0 0 604 1 4 4 13
1 21 0 0 0 1 515 2 4 4 4
1 22 0 0 1 0 760 1 4 4 4
1 23 1 1 0 0 545 1 4 4 4
1 24 1 0 0 0 760 3 10 10 4
1 25 1 0 0 0 760 3 7 7 10
2 1 1 0 0 0 760 1 14 14 7
2 2 1 0 0 0 760 3 13 13 14
2 3 1 1 0 0 550 1 14 14 13
2 4 1 1 0 0 626 1 13 13 14
2 5 1 1 0 0 633 1 14 14 13
2 6 1 1 0 0 534 1 13 13 14
2 7 1 1 0 0 583 1 14 14 13
2 8 1 1 0 0 590 1 13 13 14
2 9 1 1 0 0 538 1 14 14 13
2 10 1 0 0 0 760 3 12 12 14
2 11 1 1 0 0 514 1 14 14 12
2 12 1 0 0 0 760 2 11 11 14
2 13 1 0 0 0 760 3 10 10 11
2 14 1 0 0 0 760 2 12 12 10
2 15 1 0 0 0 760 3 12 12 12
2 16 1 0 0 0 760 3 6 6 12
2 17 1 0 0 0 760 3 2 2 6
2 18 1 0 0 0 760 3 8 8 2
2 19 1 0 0 0 760 2 11 11 8
2 20 1 0 0 0 760 3 7 7 11
2 21 1 0 0 0 760 3 10 10 7
2 22 1 1 0 0 545 1 7 7 10
2 23 1 0 0 0 760 3 7 7 7
2 24 1 0 0 0 760 3 10 10 7
2 25 1 0 0 0 760 3 2 2 10
3 1 1 0 0 0 760 1 15 15 2
3 2 1 0 0 0 760 1 3 3 15
3 3 1 1 0 0 495 1 15 15 3
3 4 1 1 0 0 610 1 3 3 15
3 5 0 0 0 1 670 2 3 3 3
3 6 1 0 0 0 760 3 2 2 3
3 7 1 1 0 0 533 1 3 3 2
3 8 1 1 0 0 683 1 2 2 3
3 9 1 0 0 0 760 2 8 8 2
3 10 1 0 0 0 760 2 11 11 8
3 11 1 0 0 0 760 3 9 9 11
3 12 1 0 0 0 760 3 1 1 9
3 13 0 0 1 0 760 1 9 9 1
3 14 1 0 0 0 760 2 2 2 9
3 15 1 0 0 0 760 2 11 11 2
3 16 1 0 0 0 760 3 14 14 11
3 17 1 0 0 0 760 2 15 15 14
3 18 1 1 0 0 712 1 14 14 15
3 19 0 0 1 0 760 1 15 15 14
3 20 1 0 0 0 760 3 4 4 15
3 21 1 0 0 0 760 2 14 14 4
3 22 1 1 0 0 663 1 4 4 14
3 23 0 0 0 1 552 2 4 4 4
3 24 1 1 0 0 571 1 4 4 4
3 25 1 1 0 0 539 1 4 4 4
