1 1 1 0 0 0 760 1 1 1 0
1 2 1 0 0 0 760 2 1 1 1
1 3 1 1 0 0 642 1 1 1 1
1 4 1 0 0 0 760 2 11 11 1
1 5 1 0 0 0 760 2 4 4 11
1 6 1 0 0 0 760 2 1 1 4
1 7 1 0 0 0 760 2 15 15 1
1 8 1 0 0 0 760 3 2 2 15
1 9 1 0 0 0 760 3 8 8 2
1 10 1 0 0 0 760 3 5 5 8
1 11 1 0 0 0 760 2 7 7 5
1 12 1 0 0 0 760 2 3 3 7
1 13 1 0 0 0 760 3 11 11 3
1 14 0 0 1 0 760 1 3 3 11
1 15 1 0 0 0 760 3 14 14 3
1 16 1 0 0 0 760 2 6 6 14
1 17 1 1 0 0 642 1 14 14 6
1 18 0 0 0 1 650 3 9 9 14
1 19 1 0 0 0 760 3 7 7 9
1 20 1 0 0 0 760 2 7 7 7
1 21 1 0 0 0 760 3 4 4 7
1 22 1 0 0 0 760 3 8 8 4
1 23 0 0 1 0 760 1 4 4 8
1 24 1 0 0 0 760 2 15 15 4
1 25 1 0 0 0 760 2 8 8 15
2 1 0 0 0 1 304 2 4 4 8
2 2 1 0 0 0 760 1 5 5 4
2 3 1 0 0 0 760 2 10 10 5
2 4 1 0 0 0 760 3 14 14 10
2 5 1 0 0 0 760 2 2 2 14
2 6 1 1 0 0 568 1 14 14 2
2 7 1 0 0 0 760 3 4 4 14
2 8 1 0 0 0 760 2 13 13 4
2 9 1 1 0 0 525 1 4 4 13
2 10 0 0 1 0 760 1 13 13 4
2 11 1 0 0 0 760 3 15 15 13
2 12 1 0 0 0 760 2 8 8 15
2 13 1 1 0 0 584 1 15 15 8
2 14 1 0 0 0 760 3 1 1 15
2 15 1 0 0 0 760 2 9 9 1
2 16 1 0 0 0 760 2 11 11 9
2 17 1 1 0 0 518 1 9 9 11
2 18 0 0 1 0 760 1 11 11 9
2 19 1 0 0 0 760 3 10 10 11
2 20 1 0 0 0 760 2 4 4 10
2 21 1 0 0 0 760 3 4 4 4
2 22 1 1 0 0 625 1 4 4 4
2 23 0 0 1 0 760 1 4 4 4
2 24 1 0 0 0 760 3 10 10 4
2 25 1 0 0 0 760 2 13 13 10
3 1 1 0 0 0 760 2 13 13 13
3 2 1 0 0 0 760 1 14 14 13
3 3 0 0 0 1 673 2 12 12 14
3 4 1 0 0 0 760 2 1 1 12
3 5 1 0 0 0 760 3 10 10 1
3 6 1 0 0 0 760 3 10 10 10
3 7 1 1 0 0 513 1 10 10 10
3 8 1 0 0 0 760 3 5 5 10
3 9 1 1 0 0 514 1 10 10 5
3 10 1 0 0 0 760 3 2 2 10
3 11 1 0 0 0 760 2 4 4 2
3 12 1 1 0 0 677 1 2 2 4
3 13 0 0 1 0 760 1 4 4 2
3 14 1 0 0 0 760 2 10 10 4
3 15 0 0 0 1 517 2 3 3 10
3 16 1 1 0 0 489 1 10 10 3
3 17 1 1 0 0 513 1 3 3 10
3 18 1 1 0 0 470 1 10 10 3
3 19 1 0 0 0 760 3 9 9 10
3 20 1 1 0 0 428 1 10 10 9
3 21 1 1 0 0 460 1 9 9 10
3 22 1 1 0 0 469 1 10 10 9
3 23 0 0 0 1 442 2 7 7 10
3 24 1 1 0 0 483 1 10 10 7
3 25 1 1 0 0 458 1 7 7 10
