1 1 1 0 0 0 760 1 10 10 0
1 2 1 0 0 0 760 1 2 2 10
1 3 0 0 0 1 710 3 2 2 2
1 4 1 0 0 0 760 2 1 1 2
1 5 1 0 0 0 760 2 5 5 1
1 6 1 1 0 0 686 1 1 1 5
1 7 1 0 0 0 760 3 8 8 1
1 8 1 0 0 0 760 3 6 6 8
1 9 1 0 0 0 760 2 4 4 6
1 10 1 0 0 0 760 2 1 1 4
1 11 1 0 0 0 760 3 2 2 1
1 12 1 0 0 0 760 2 9 9 2
1 13 1 1 0 0 694 1 2 2 9
1 14 1 0 0 0 760 2 3 3 2
1 15 1 0 0 0 760 3 12 12 3
1 16 1 1 0 0 617 1 3 3 12
1 17 1 1 0 0 661 1 12 12 3
1 18 1 1 0 0 543 1 3 3 12
1 19 1 1 0 0 560 1 12 12 3
1 20 1 0 0 0 760 2 6 6 12
1 21 1 1 0 0 516 1 12 12 6
1 22 1 0 0 0 760 3 8 8 12
1 23 0 0 0 1 464 3 15 15 8
1 24 1 0 0 0 760 3 5 5 15
1 25 0 0 0 1 489 2 1 1 5
2 1 1 0 0 0 760 1 3 3 1
2 2 1 0 0 0 760 3 12 12 3
2 3 1 0 0 0 760 2 13 13 12
2 4 0 0 1 0 760 1 12 12 13
2 5 1 0 0 0 760 2 14 14 12
2 6 1 1 0 0 463 1 12 12 14
2 7 1 0 0 0 760 3 6 6 12
2 8 1 0 0 0 760 2 4 4 6
2 9 1 1 0 0 519 1 6 6 4
2 10 1 0 0 0 760 2 8 8 6
2 11 1 0 0 0 760 2 11 11 8
2 12 1 1 0 0 469 1 8 8 11
2 13 1 0 0 0 760 3 3 3 8
2 14 1 0 0 0 760 3 15 15 3
2 15 1 0 0 0 760 2 10 10 15
2 16 1 0 0 0 760 2 1 1 10
2 17 1 0 0 0 760 3 2 2 1
2 18 1 0 0 0 760 3 10 10 2
2 19 1 1 0 0 450 1 2 2 10
2 20 1 0 0 0 760 2 6 6 2
2 21 1 1 0 0 514 1 2 2 6
2 22 1 1 0 0 473 1 6 6 2
2 23 1 0 0 0 760 3 15 15 6
2 24 0 0 1 0 760 1 6 6 15
2 25 1 1 0 0 557 1 15 15 6
3 1 1 0 0 0 760 2 7 7 15
3 2 1 0 0 0 760 3 4 4 7
3 3 0 0 1 0 760 1 7 7 4
3 4 1 0 0 0 760 3 15 15 7
3 5 1 0 0 0 760 3 2 2 15
3 6 1 0 0 0 760 3 9 9 2
3 7 1 0 0 0 760 3 4 4 9
3 8 1 0 0 0 760 3 2 2 4
3 9 1 0 0 0 760 3 2 2 2
3 10 1 1 0 0 521 1 2 2 2
3 11 0 0 1 0 760 1 2 2 2
3 12 1 0 0 0 760 2 3 3 2
3 13 1 1 0 0 434 1 2 2 3
3 14 1 0 0 0 760 3 1 1 2
3 15 1 1 0 0 453 1 2 2 1
3 16 0 0 0 1 554 2 3 3 2
3 17 1 0 0 0 760 3 13 13 3
3 18 1 0 0 0 760 2 13 13 13
3 19 0 0 1 0 760 1 13 13 13
3 20 1 0 0 0 760 3 2 2 13
3 21 1 1 0 0 490 1 13 13 2
3 22 1 1 0 0 683 1 2 2 13
3 23 1 1 0 0 493 1 13 13 2
3 24 1 1 0 0 483 1 2 2 13
3 25 1 0 0 0 760 2 5 5 2
