1 1 1 0 0 0 760 2 9 9 0
1 2 1 0 0 0 542 1 13 13 9
1 3 1 0 0 0 760 2 3 3 13
1 4 1 0 0 0 760 2 9 9 3
1 5 1 0 0 0 760 3 1 1 9
1 6 1 1 0 0 612 1 9 9 1
1 7 1 1 0 0 663 1 1 1 9
1 8 1 0 0 0 760 3 8 8 1
1 9 1 0 0 0 760 2 12 12 8
1 10 1 1 0 0 578 1 8 8 12
1 11 1 0 0 0 760 3 4 4 8
1 12 1 0 0 0 760 2 14 14 4
1 13 1 1 0 0 626 1 4 4 14
1 14 1 0 0 0 760 3 6 6 4
1 15 1 0 0 0 760 3 2 2 6
1 16 1 0 0 0 760 2 12 12 2
1 17 1 0 0 0 760 2 1 1 12
1 18 1 1 0 0 741 1 12 12 1
1 19 1 1 0 0 735 1 1 1 12
1 20 1 0 0 0 760 2 6 6 1
1 21 1 0 0 0 760 3 7 7 6
1 22 1 1 0 0 755 1 6 6 7
1 23 1 1 0 0 582 1 7 7 6
1 24 1 0 0 0 760 2 10 10 7
1 25 0 0 1 0 760 1 7 7 10
2 1 1 0 0 0 760 1 7 7 7
2 2 1 0 0 0 760 3 9 9 7
2 3 1 0 0 0 760 2 15 15 9
2 4 1 0 0 0 760 3 10 10 15
2 5 1 1 0 0 738 1 15 15 10
2 6 1 0 0 0 760 3 14 14 15
2 7 1 0 0 0 760 2 12 12 14
2 8 0 0 0 1 611 3 15 15 12
2 9 1 1 0 0 673 1 12 12 15
2 10 1 0 0 0 760 2 3 3 12
2 11 1 0 0 0 760 2 6 6 3
2 12 1 0 0 0 760 3 9 9 6
2 13 0 0 0 1 751 3 3 3 9
2 14 1 0 0 0 760 2 15 15 3
2 15 1 0 0 0 760 2 13 13 15
2 16 1 0 0 0 760 2 14 14 13
2 17 1 0 0 0 760 2 2 2 14
2 18 1 1 0 0 709 1 14 14 2
2 19 1 0 0 0 760 2 15 15 14
2 20 1 0 0 0 760 3 5 5 15
2 21 1 0 0 0 760 2 2 2 5
2 22 1 0 0 0 760 3 13 13 2
2 23 1 0 0 0 760 3 7 7 13
2 24 0 0 1 0 760 1 13 13 7
2 25 1 0 0 0 760 2 8 8 13
3 1 1 0 0 0 760 2 9 9 8
3 2 1 0 0 0 760 1 13 13 9
3 3 1 0 0 0 760 3 14 14 13
3 4 1 0 0 0 760 3 11 11 14
3 5 1 0 0 0 760 3 2 2 11
3 6 1 0 0 0 760 3 15 15 2
3 7 1 0 0 0 760 3 1 1 15
3 8 1 1 0 0 545 1 15 15 1
3 9 1 0 0 0 760 2 14 14 15
3 10 1 1 0 0 694 1 15 15 14
3 11 1 0 0 0 760 2 11 11 15
3 12 1 1 0 0 670 1 15 15 11
3 13 1 1 0 0 678 1 11 11 15
3 14 1 0 0 0 760 3 8 8 11
3 15 1 1 0 0 568 1 11 11 8
3 16 1 0 0 0 760 2 10 10 11
3 17 1 1 0 0 716 1 11 11 10
3 18 1 0 0 0 760 2 9 9 11
3 19 0 0 0 1 733 2 9 9 9
3 20 0 0 1 0 760 1 9 9 9
3 21 1 0 0 0 760 3 8 8 9
3 22 0 0 1 0 760 1 9 9 8
3 23 1 0 0 0 760 2 9 9 9
3 24 0 0 0 1 574 3 11 11 9
3 25 0 0 1 0 760 1 9 9 11
