1 1 1 0 0 0 760 1 11 11 0
1 2 1 0 0 0 760 1 4 4 11
1 3 1 0 0 0 760 2 13 13 4
1 4 1 0 0 0 760 2 9 9 13
1 5 1 0 0 0 760 3 11 11 9
1 6 1 0 0 0 760 3 6 6 11
1 7 1 0 0 0 760 3 6 6 6
1 8 1 1 0 0 606 1 6 6 6
1 9 1 1 0 0 521 1 6 6 6
1 10 1 0 0 0 760 2 15 15 6
1 11 1 0 0 0 760 3 5 5 15
1 12 1 1 0 0 486 1 15 15 5
1 13 1 0 0 0 760 2 15 15 15
1 14 1 1 0 0 545 1 15 15 15
1 15 1 0 0 0 760 3 13 13 15
1 16 1 1 0 0 621 1 15 15 13
1 17 0 0 1 0 760 1 13 13 15
1 18 1 0 0 0 760 2 14 14 13
1 19 1 0 0 0 760 3 11 11 14
1 20 1 0 0 0 760 2 12 12 11
1 21 1 0 0 0 760 2 2 2 12
1 22 1 0 0 0 760 2 6 6 2
1 23 1 1 0 0 709 1 2 2 6
1 24 0 0 1 0 760 1 6 6 2
1 25 1 0 0 0 760 3 14 14 6
2 1 1 0 0 0 760 2 4 4 14
2 2 1 0 0 0 760 2 3 3 4
2 3 1 0 0 0 760 2 13 13 3
2 4 1 1 0 0 633 1 3 3 13
2 5 1 0 0 0 760 2 2 2 3
2 6 1 0 0 0 760 2 8 8 2
2 7 1 0 0 0 760 2 15 15 8
2 8 1 0 0 0 760 2 10 10 15
2 9 1 1 0 0 654 1 15 15 10
2 10 1 0 0 0 760 3 7 7 15
2 11 1 0 0 0 760 2 6 6 7
2 12 1 0 0 0 760 2 8 8 6
2 13 1 0 0 0 760 2 10 10 8
2 14 1 0 0 0 760 2 3 3 10
2 15 1 1 0 0 619 1 10 10 3
2 16 1 1 0 0 712 1 3 3 10
2 17 1 0 0 0 760 2 4 4 3
2 18 0 0 0 1 675 3 10 10 4
2 19 1 0 0 0 760 2 11 11 10
2 20 1 1 0 0 728 1 10 10 11
2 21 1 0 0 0 760 3 3 3 10
2 22 0 0 0 1 600 3 15 15 3
2 23 1 0 0 0 760 3 9 9 15
2 24 1 0 0 0 760 2 11 11 9
2 25 1 0 0 0 760 3 8 8 11
3 1 1 0 0 0 760 1 7 7 8
3 2 1 0 0 0 760 3 4 4 7
3 3 1 1 0 0 540 1 7 7 4
3 4 1 0 0 0 760 2 2 2 7
3 5 1 1 0 0 537 1 7 7 2
3 6 1 0 0 0 760 3 11 11 7
3 7 1 0 0 0 760 3 1 1 11
3 8 1 0 0 0 760 2 5 5 1
3 9 1 1 0 0 546 1 1 1 5
3 10 1 1 0 0 682 1 5 5 1
3 11 1 0 0 0 760 3 10 10 5
3 12 1 0 0 0 760 2 3 3 10
3 13 0 0 0 1 661 3 3 3 3
3 14 1 1 0 0 678 1 3 3 3
3 15 1 0 0 0 760 3 13 13 3
3 16 1 0 0 0 760 3 8 8 13
3 17 1 0 0 0 760 2 1 1 8
3 18 1 0 0 0 760 2 9 9 1
3 19 0 0 0 1 417 3 4 4 9
3 20 0 0 0 1 609 3 4 4 4
3 21 1 1 0 0 560 1 4 4 4
3 22 1 0 0 0 760 3 2 2 4
3 23 1 1 0 0 733 1 4 4 2
3 24 0 0 1 0 760 1 2 2 4
3 25 1 1 0 0 648 1 4 4 2
