1 1 1 0 0 0 760 2 5 5 0
1 2 1 0 0 0 760 1 15 15 5
1 3 1 0 0 0 760 3 3 3 15
1 4 0 0 1 0 760 1 15 15 3
1 5 1 1 0 0 697 1 3 3 15
1 6 1 0 0 0 760 2 8 8 3
1 7 1 1 0 0 470 1 3 3 8
1 8 0 0 0 1 497 2 3 3 3
1 9 1 0 0 0 760 3 5 5 3
1 10 1 0 0 0 760 3 4 4 5
1 11 1 1 0 0 597 1 5 5 4
1 12 1 0 0 0 760 2 11 11 5
1 13 1 1 0 0 708 1 5 5 11
1 14 1 0 0 0 760 2 12 12 5
1 15 1 0 0 0 760 2 2 2 12
1 16 1 0 0 0 760 2 15 15 2
1 17 1 0 0 0 760 2 3 3 15
1 18 1 1 0 0 623 1 15 15 3
1 19 1 0 0 0 760 3 12 12 15
1 20 1 0 0 0 760 3 2 2 12
1 21 1 1 0 0 717 1 12 12 2
1 22 1 0 0 0 760 2 12 12 12
1 23 0 0 1 0 760 1 12 12 12
1 24 1 0 0 0 760 2 7 7 12
1 25 1 0 0 0 760 2 14 14 7
2 1 1 0 0 0 760 1 9 9 14
2 2 1 0 0 0 760 3 15 15 9
2 3 1 0 0 0 760 2 1 1 15
2 4 1 1 0 0 474 1 15 15 1
2 5 1 1 0 0 474 1 1 1 15
2 6 1 0 0 0 760 2 10 10 1
2 7 1 0 0 0 760 2 7 7 10
2 8 1 0 0 0 760 2 12 12 7
2 9 1 0 0 0 760 2 8 8 12
2 10 1 1 0 0 687 1 12 12 8
2 11 1 0 0 0 760 3 1 1 12
2 12 1 0 0 0 760 2 14 14 1
2 13 1 0 0 0 760 3 9 9 14
2 14 1 0 0 0 760 3 7 7 9
2 15 1 0 0 0 760 3 7 7 7
2 16 1 0 0 0 760 3 6 6 7
2 17 1 0 0 0 760 3 5 5 6
2 18 1 0 0 0 760 3 15 15 5
2 19 1 0 0 0 760 3 14 14 15
2 20 1 0 0 0 760 2 8 8 14
2 21 1 1 0 0 569 1 14 14 8
2 22 1 1 0 0 609 1 8 8 14
2 23 0 0 0 1 475 2 8 8 8
2 24 1 1 0 0 467 1 8 8 8
2 25 1 0 0 0 760 3 7 7 8
3 1 1 0 0 0 760 2 5 5 7
3 2 1 0 0 0 760 2 2 2 5
3 3 1 1 0 0 448 1 5 5 2
3 4 1 0 0 0 760 3 13 13 5
3 5 1 0 0 0 760 2 10 10 13
3 6 1 1 0 0 617 1 13 13 10
3 7 1 1 0 0 477 1 10 10 13
3 8 1 1 0 0 504 1 13 13 10
3 9 1 1 0 0 543 1 10 10 13
3 10 1 1 0 0 491 1 13 13 10
3 11 1 1 0 0 648 1 10 10 13
3 12 1 1 0 0 576 1 13 13 10
3 13 1 1 0 0 527 1 10 10 13
3 14 1 0 0 0 760 3 11 11 10
3 15 1 0 0 0 760 2 11 11 11
3 16 1 1 0 0 503 1 11 11 11
3 17 1 0 0 0 760 2 10 10 11
3 18 1 0 0 0 760 3 13 13 10
3 19 0 0 0 1 735 3 5 5 13
3 20 0 0 1 0 760 1 13 13 5
3 21 1 1 0 0 469 1 5 5 13
3 22 0 0 1 0 760 1 13 13 5
3 23 1 0 0 0 760 2 10 10 13
3 24 1 0 0 0 760 3 14 14 10
3 25 1 0 0 0 760 2 1 1 14
