1 1 1 0 0 0 760 1 13 13 0
1 2 1 0 0 0 760 2 9 9 13
1 3 1 0 0 0 760 2 1 1 9
1 4 1 0 0 0 760 2 6 6 1
1 5 0 0 1 0 760 1 1 1 6
1 6 1 1 0 0 689 1 6 6 1
1 7 1 0 0 0 760 3 8 8 6
1 8 1 0 0 0 760 3 10 10 8
1 9 1 1 0 0 630 1 8 8 10
1 10 1 0 0 0 760 3 12 12 8
1 11 1 0 0 0 760 2 13 13 12
1 12 1 0 0 0 760 2 6 6 13
1 13 0 0 1 0 760 1 13 13 6
1 14 1 0 0 0 760 2 1 1 13
1 15 1 0 0 0 760 2 9 9 1
1 16 1 0 0 0 760 2 15 15 9
1 17 1 0 0 0 760 2 5 5 15
1 18 1 0 0 0 760 3 2 2 5
1 19 1 0 0 0 760 3 11 11 2
1 20 1 0 0 0 760 2 1 1 11
1 21 1 1 0 0 715 1 11 11 1
1 22 1 0 0 0 760 2 4 4 11
1 23 1 0 0 0 760 2 10 10 4
1 24 1 0 0 0 760 2 6 6 10
1 25 1 0 0 0 760 2 4 4 6
2 1 1 0 0 0 760 1 5 5 4
2 2 1 0 0 0 760 3 12 12 5
2 3 1 1 0 0 556 1 5 5 12
2 4 1 1 0 0 532 1 12 12 5
2 5 1 0 0 0 760 2 4 4 12
2 6 1 0 0 0 760 2 1 1 4
2 7 1 0 0 0 760 3 2 2 1
2 8 1 1 0 0 520 1 1 1 2
2 9 1 1 0 0 632 1 2 2 1
2 10 1 1 0 0 664 1 1 1 2
2 11 1 0 0 0 760 2 8 8 1
2 12 1 0 0 0 760 2 13 13 8
2 13 1 0 0 0 760 3 7 7 13
2 14 1 1 0 0 696 1 13 13 7
2 15 1 0 0 0 760 3 12 12 13
2 16 1 1 0 0 704 1 13 13 12
2 17 1 1 0 0 523 1 12 12 13
2 18 1 0 0 0 760 2 3 3 12
2 19 0 0 0 1 757 3 3 3 3
2 20 1 0 0 0 760 3 13 13 3
2 21 1 0 0 0 760 2 12 12 13
2 22 1 1 0 0 601 1 13 13 12
2 23 1 0 0 0 760 2 8 8 13
2 24 1 0 0 0 760 3 11 11 8
2 25 1 0 0 0 760 3 10 10 11
3 1 1 0 0 0 760 1 6 6 10
3 2 1 0 0 0 760 3 9 9 6
3 3 0 0 1 0 760 1 6 6 9
3 4 1 0 0 0 760 2 11 11 6
3 5 1 0 0 0 760 2 2 2 11
3 6 1 0 0 0 760 3 1 1 2
3 7 1 0 0 0 760 3 14 14 1
3 8 1 1 0 0 540 1 1 1 14
3 9 1 0 0 0 760 2 5 5 1
3 10 1 0 0 0 760 2 7 7 5
3 11 1 0 0 0 760 3 7 7 7
3 12 1 0 0 0 760 3 10 10 7
3 13 1 0 0 0 760 2 8 8 10
3 14 1 0 0 0 760 3 3 3 8
3 15 1 0 0 0 760 2 10 10 3
3 16 1 0 0 0 760 2 12 12 10
3 17 1 0 0 0 760 3 4 4 12
3 18 1 0 0 0 760 3 6 6 4
3 19 1 0 0 0 760 2 6 6 6
3 20 1 0 0 0 760 3 10 10 6
3 21 1 1 0 0 572 1 6 6 10
3 22 1 0 0 0 760 3 8 8 6
3 23 1 1 0 0 595 1 6 6 8
3 24 1 0 0 0 760 2 7 7 6
3 25 1 0 0 0 760 2 15 15 7
