1 1 1 0 0 0 760 1 5 5 0
1 2 1 0 0 0 760 1 6 6 5
1 3 1 1 0 0 550 1 5 5 6
1 4 1 0 0 0 760 3 12 12 5
1 5 1 0 0 0 760 2 7 7 12
1 6 1 0 0 0 760 3 15 15 7
1 7 1 1 0 0 434 1 7 7 15
1 8 1 1 0 0 635 1 15 15 7
1 9 1 0 0 0 760 3 13 13 15
1 10 1 1 0 0 501 1 15 15 13
1 11 1 0 0 0 760 2 5 5 15
1 12 1 0 0 0 760 3 14 14 5
1 13 1 1 0 0 659 1 5 5 14
1 14 1 1 0 0 684 1 14 14 5
1 15 0 0 0 1 516 3 14 14 14
1 16 1 1 0 0 734 1 14 14 14
1 17 1 0 0 0 760 3 12 12 14
1 18 1 0 0 0 760 3 11 11 12
1 19 1 0 0 0 760 3 9 9 11
1 20 1 0 0 0 760 3 4 4 9
1 21 1 0 0 0 760 3 3 3 4
1 22 1 0 0 0 760 3 1 1 3
1 23 1 0 0 0 760 2 2 2 1
1 24 1 0 0 0 760 2 15 15 2
1 25 1 0 0 0 760 3 13 13 15
2 1 1 0 0 0 760 2 4 4 13
2 2 1 0 0 0 760 3 10 10 4
2 3 1 0 0 0 760 3 12 12 10
2 4 1 0 0 0 760 2 7 7 12
2 5 1 0 0 0 760 3 3 3 7
2 6 1 0 0 0 760 2 14 14 3
2 7 1 1 0 0 746 1 3 3 14
2 8 1 0 0 0 760 2 1 1 3
2 9 1 0 0 0 760 3 8 8 1
2 10 1 0 0 0 760 3 15 15 8
2 11 1 0 0 0 760 2 3 3 15
2 12 0 0 1 0 760 1 15 15 3
2 13 1 0 0 0 760 2 9 9 15
2 14 1 0 0 0 760 3 7 7 9
2 15 1 1 0 0 646 1 9 9 7
2 16 1 1 0 0 572 1 7 7 9
2 17 1 0 0 0 760 2 12 12 7
2 18 1 0 0 0 760 2 14 14 12
2 19 1 1 0 0 729 1 12 12 14
2 20 1 0 0 0 760 3 5 5 12
2 21 0 0 1 0 760 1 12 12 5
2 22 1 0 0 0 760 2 1 1 12
2 23 1 0 0 0 760 3 7 7 1
2 24 1 0 0 0 760 3 5 5 7
2 25 1 1 0 0 476 1 7 7 5
3 1 1 0 0 0 760 2 13 13 7
3 2 1 0 0 0 760 3 14 14 13
3 3 0 0 1 0 760 1 13 13 14
3 4 1 0 0 0 760 3 11 11 13
3 5 1 0 0 0 760 2 12 12 11
3 6 0 0 0 1 606 3 12 12 12
3 7 1 1 0 0 554 1 12 12 12
3 8 1 1 0 0 555 1 12 12 12
3 9 1 1 0 0 579 1 12 12 12
3 10 1 1 0 0 596 1 12 12 12
3 11 1 1 0 0 605 1 12 12 12
3 12 1 0 0 0 760 2 6 6 12
3 13 1 0 0 0 760 2 8 8 6
3 14 1 0 0 0 760 2 7 7 8
3 15 1 0 0 0 760 2 3 3 7
3 16 1 0 0 0 760 3 1 1 3
3 17 1 0 0 0 760 3 5 5 1
3 18 1 1 0 0 736 1 1 1 5
3 19 1 0 0 0 760 2 9 9 1
3 20 1 0 0 0 760 2 3 3 9
3 21 1 0 0 0 760 2 15 15 3
3 22 1 0 0 0 760 3 11 11 15
3 23 1 0 0 0 760 3 8 8 11
3 24 1 1 0 0 686 1 11 11 8
3 25 0 0 1 0 760 1 8 8 11
