1 1 1 0 0 0 760 2 7 7 0
1 2 1 0 0 0 760 2 12 12 7
1 3 1 1 0 0 529 1 7 7 12
1 4 1 1 0 0 718 1 12 12 7
1 5 1 1 0 0 451 1 7 7 12
1 6 1 0 0 0 760 2 3 3 7
1 7 1 0 0 0 760 3 4 4 3
1 8 1 0 0 0 760 3 10 10 4
1 9 1 1 0 0 643 1 4 4 10
1 10 1 1 0 0 610 1 10 10 4
1 11 1 1 0 0 565 1 4 4 10
1 12 1 1 0 0 534 1 10 10 4
1 13 0 0 0 1 755 2 14 14 10
1 14 1 0 0 0 760 2 9 9 14
1 15 1 0 0 0 760 3 12 12 9
1 16 1 0 0 0 760 2 14 14 12
1 17 1 1 0 0 618 1 12 12 14
1 18 1 0 0 0 760 2 10 10 12
1 19 1 0 0 0 760 3 1 1 10
1 20 1 0 0 0 760 3 2 2 1
1 21 1 0 0 0 760 2 3 3 2
1 22 1 0 0 0 760 3 5 5 3
1 23 1 1 0 0 628 1 3 3 5
1 24 1 0 0 0 760 3 10 10 3
1 25 1 0 0 0 760 3 13 13 10
2 1 1 0 0 0 760 1 5 5 13
2 2 1 0 0 0 760 1 11 11 5
2 3 1 0 0 0 760 3 10 10 11
2 4 1 0 0 0 760 2 2 2 10
2 5 1 0 0 0 760 3 12 12 2
2 6 1 0 0 0 760 2 7 7 12
2 7 1 1 0 0 661 1 12 12 7
2 8 1 0 0 0 760 2 3 3 12
2 9 1 0 0 0 760 2 5 5 3
2 10 1 0 0 0 760 3 12 12 5
2 11 1 0 0 0 760 3 12 12 12
2 12 1 1 0 0 582 1 12 12 12
2 13 1 0 0 0 760 3 2 2 12
2 14 1 0 0 0 760 2 1 1 2
2 15 1 0 0 0 760 3 3 3 1
2 16 1 0 0 0 760 3 2 2 3
2 17 1 0 0 0 760 3 4 4 2
2 18 0 0 1 0 760 1 2 2 4
2 19 1 0 0 0 760 2 5 5 2
2 20 1 0 0 0 760 3 9 9 5
2 21 1 0 0 0 760 3 11 11 9
2 22 1 1 0 0 651 1 9 9 11
2 23 1 0 0 0 760 2 6 6 9
2 24 1 0 0 0 760 3 4 4 6
2 25 0 0 1 0 760 1 6 6 4
3 1 0 0 0 1 580 2 14 14 6
3 2 1 0 0 0 760 1 9 9 14
3 3 1 0 0 0 760 3 15 15 9
3 4 1 1 0 0 530 1 9 9 15
3 5 1 0 0 0 760 3 3 3 9
3 6 1 0 0 0 760 2 11 11 3
3 7 1 0 0 0 760 2 9 9 11
3 8 1 0 0 0 760 3 9 9 9
3 9 1 1 0 0 630 1 9 9 9
3 10 1 0 0 0 760 2 11 11 9
3 11 1 0 0 0 760 3 10 10 11
3 12 1 1 0 0 572 1 11 11 10
3 13 1 0 0 0 760 3 8 8 11
3 14 1 0 0 0 760 2 6 6 8
3 15 1 0 0 0 760 2 4 4 6
3 16 1 1 0 0 752 1 6 6 4
3 17 1 1 0 0 535 1 4 4 6
3 18 1 1 0 0 491 1 6 6 4
3 19 1 1 0 0 469 1 4 4 6
3 20 1 0 0 0 760 2 14 14 4
3 21 1 1 0 0 439 1 4 4 14
3 22 1 1 0 0 500 1 14 14 4
3 23 1 0 0 0 760 2 3 3 14
3 24 1 1 0 0 465 1 14 14 3
3 25 1 0 0 0 760 2 2 2 14
