1 1 1 0 0 0 760 3 12 12 0
1 2 1 0 0 0 760 3 12 12 12
1 3 1 1 0 0 621 1 12 12 12
1 4 1 0 0 0 760 2 11 11 12
1 5 0 0 1 0 760 1 12 12 11
1 6 0 0 1 0 760 1 11 11 12
1 7 1 0 0 0 760 2 4 4 11
1 8 1 0 0 0 760 3 15 15 4
1 9 1 0 0 0 760 3 11 11 15
1 10 1 0 0 0 760 2 9 9 11
1 11 1 1 0 0 703 1 11 11 9
1 12 1 1 0 0 538 1 9 9 11
1 13 1 0 0 0 760 3 10 10 9
1 14 1 0 0 0 760 3 12 12 10
1 15 1 1 0 0 672 1 10 10 12
1 16 1 1 0 0 655 1 12 12 10
1 17 1 1 0 0 653 1 10 10 12
1 18 1 0 0 0 760 2 11 11 10
1 19 1 0 0 0 760 2 8 8 11
1 20 1 1 0 0 678 1 11 11 8
1 21 1 0 0 0 760 2 15 15 11
1 22 1 0 0 0 760 2 14 14 15
1 23 1 1 0 0 724 1 15 15 14
1 24 1 1 0 0 712 1 14 14 15
1 25 1 0 0 0 760 2 14 14 14
2 1 1 0 0 0 760 2 13 13 14
2 2 1 0 0 0 760 1 7 7 13
2 3 0 0 1 0 760 1 13 13 7
2 4 1 1 0 0 497 1 7 7 13
2 5 1 0 0 0 760 2 12 12 7
2 6 1 0 0 0 760 2 3 3 12
2 7 1 0 0 0 760 2 13 13 3
2 8 1 0 0 0 760 2 1 1 13
2 9 1 1 0 0 665 1 13 13 1
2 10 1 0 0 0 760 2 11 11 13
2 11 1 0 0 0 760 3 3 3 11
2 12 1 0 0 0 760 2 4 4 3
2 13 1 0 0 0 760 3 1 1 4
2 14 1 0 0 0 760 2 12 12 1
2 15 1 0 0 0 760 3 8 8 12
2 16 1 1 0 0 756 1 12 12 8
2 17 1 1 0 0 490 1 8 8 12
2 18 1 0 0 0 760 2 7 7 8
2 19 1 0 0 0 760 3 6 6 7
2 20 0 0 0 1 705 3 6 6 6
2 21 0 0 1 0 760 1 6 6 6
2 22 1 0 0 0 760 3 14 14 6
2 23 1 0 0 0 760 2 1 1 14
2 24 1 0 0 0 760 3 3 3 1
2 25 1 0 0 0 760 2 15 15 3
3 1 1 0 0 0 760 1 12 12 15
3 2 1 0 0 0 760 3 1 1 12
3 3 1 0 0 0 760 3 14 14 1
3 4 1 0 0 0 760 3 5 5 14
3 5 1 0 0 0 760 3 2 2 5
3 6 1 0 0 0 760 2 4 4 2
3 7 1 0 0 0 760 3 15 15 4
3 8 1 0 0 0 760 3 13 13 15
3 9 1 0 0 0 760 3 13 13 13
3 10 1 1 0 0 602 1 13 13 13
3 11 0 0 1 0 760 1 13 13 13
3 12 1 1 0 0 597 1 13 13 13
3 13 1 0 0 0 760 2 6 6 13
3 14 1 0 0 0 760 3 4 4 6
3 15 1 0 0 0 760 3 9 9 4
3 16 0 0 1 0 760 1 4 4 9
3 17 1 1 0 0 713 1 9 9 4
3 18 1 0 0 0 760 2 8 8 9
3 19 0 0 1 0 760 1 9 9 8
3 20 1 1 0 0 704 1 8 8 9
3 21 1 0 0 0 760 2 11 11 8
3 22 1 0 0 0 760 3 9 9 11
3 23 1 0 0 0 760 3 13 13 9
3 24 1 0 0 0 760 3 7 7 13
3 25 1 1 0 0 668 1 13 13 7
