1 1 1 0 0 0 760 3 3 3 0
1 2 1 0 0 0 760 1 9 9 3
1 3 1 0 0 0 760 3 10 10 9
1 4 1 1 0 0 759 1 9 9 10
1 5 1 0 0 0 760 2 4 4 9
1 6 1 0 0 0 760 3 15 15 4
1 7 1 0 0 0 760 2 7 7 15
1 8 0 0 1 0 760 1 15 15 7
1 9 0 0 1 0 760 1 7 7 15
1 10 1 0 0 0 760 3 5 5 7
1 11 1 1 0 0 461 1 7 7 5
1 12 1 0 0 0 760 3 4 4 7
1 13 1 0 0 0 760 2 9 9 4
1 14 1 1 0 0 643 1 4 4 9
1 15 1 0 0 0 760 3 10 10 4
1 16 1 1 0 0 676 1 4 4 10
1 17 1 0 0 0 760 2 8 8 4
1 18 1 0 0 0 760 3 13 13 8
1 19 1 1 0 0 711 1 8 8 13
1 20 1 0 0 0 760 3 7 7 8
1 21 1 0 0 0 760 3 4 4 7
1 22 1 1 0 0 722 1 7 7 4
1 23 1 0 0 0 760 2 11 11 7
1 24 1 0 0 0 760 2 8 8 11
1 25 1 1 0 0 694 1 11 11 8
2 1 1 0 0 0 760 2 6 6 11
2 2 1 0 0 0 760 1 3 3 6
2 3 1 1 0 0 686 1 6 6 3
2 4 0 0 0 1 721 3 11 11 6
2 5 1 0 0 0 760 3 12 12 11
2 6 1 0 0 0 760 2 4 4 12
2 7 1 0 0 0 760 2 5 5 4
2 8 0 0 1 0 760 1 4 4 5
2 9 1 1 0 0 517 1 5 5 4
2 10 1 0 0 0 760 3 10 10 5
2 11 1 0 0 0 760 2 6 6 10
2 12 0 0 1 0 760 1 10 10 6
2 13 1 0 0 0 760 3 13 13 10
2 14 1 1 0 0 634 1 10 10 13
2 15 1 0 0 0 760 3 4 4 10
2 16 1 0 0 0 760 3 7 7 4
2 17 1 1 0 0 520 1 4 4 7
2 18 1 0 0 0 760 2 2 2 4
2 19 1 0 0 0 760 2 15 15 2
2 20 1 0 0 0 760 3 11 11 15
2 21 1 1 0 0 703 1 15 15 11
2 22 1 0 0 0 760 2 12 12 15
2 23 0 0 1 0 760 1 15 15 12
2 24 1 0 0 0 760 3 3 3 15
2 25 1 1 0 0 529 1 15 15 3
3 1 1 0 0 0 760 3 12 12 15
3 2 1 0 0 0 760 2 9 9 12
3 3 1 0 0 0 760 2 8 8 9
3 4 0 0 0 1 686 2 12 12 8
3 5 1 0 0 0 760 2 14 14 12
3 6 1 1 0 0 600 1 12 12 14
3 7 0 0 1 0 760 1 14 14 12
3 8 1 1 0 0 534 1 12 12 14
3 9 1 1 0 0 466 1 14 14 12
3 10 1 0 0 0 760 3 8 8 14
3 11 1 0 0 0 760 2 1 1 8
3 12 1 0 0 0 760 2 2 2 1
3 13 1 0 0 0 760 2 5 5 2
3 14 0 0 1 0 760 1 2 2 5
3 15 1 0 0 0 760 3 11 11 2
3 16 1 0 0 0 760 2 9 9 11
3 17 1 0 0 0 760 2 15 15 9
3 18 1 1 0 0 662 1 9 9 15
3 19 1 0 0 0 760 2 6 6 9
3 20 1 0 0 0 760 2 10 10 6
3 21 0 0 0 1 715 2 10 10 10
3 22 1 0 0 0 760 3 4 4 10
3 23 1 0 0 0 760 2 1 1 4
3 24 0 0 0 1 641 2 10 10 1
3 25 1 0 0 0 760 2 6 6 10
