1 1 1 0 0 0 760 1 1 1 0
1 2 1 0 0 0 760 3 10 10 1
1 3 1 0 0 0 760 2 15 15 10
1 4 1 1 0 0 742 1 10 10 15
1 5 1 0 0 0 760 2 1 1 10
1 6 1 0 0 0 760 3 5 5 1
1 7 1 0 0 0 760 3 10 10 5
1 8 1 0 0 0 760 2 11 11 10
1 9 1 1 0 0 686 1 10 10 11
1 10 1 0 0 0 760 3 4 4 10
1 11 1 0 0 0 760 2 6 6 4
1 12 1 1 0 0 752 1 4 4 6
1 13 1 1 0 0 646 1 6 6 4
1 14 1 1 0 0 595 1 4 4 6
1 15 1 0 0 0 760 2 7 7 4
1 16 1 1 0 0 606 1 4 4 7
1 17 1 1 0 0 702 1 7 7 4
1 18 1 0 0 0 760 3 12 12 7
1 19 1 0 0 0 760 3 8 8 12
1 20 1 0 0 0 760 2 1 1 8
1 21 1 0 0 0 760 3 9 9 1
1 22 1 0 0 0 760 2 11 11 9
1 23 1 0 0 0 760 3 10 10 11
1 24 1 0 0 0 760 2 2 2 10
1 25 1 1 0 0 712 1 10 10 2
2 1 1 0 0 0 760 3 4 4 10
2 2 1 0 0 0 760 2 4 4 4
2 3 1 1 0 0 506 1 4 4 4
2 4 1 0 0 0 760 3 5 5 4
2 5 1 0 0 0 760 3 5 5 5
2 6 1 1 0 0 499 1 5 5 5
2 7 1 1 0 0 554 1 5 5 5
2 8 1 0 0 0 760 2 11 11 5
2 9 1 0 0 0 760 3 2 2 11
2 10 1 1 0 0 550 1 11 11 2
2 11 1 0 0 0 760 2 1 1 11
2 12 1 0 0 0 760 2 6 6 1
2 13 1 0 0 0 760 3 15 15 6
2 14 1 0 0 0 760 2 2 2 15
2 15 1 0 0 0 760 3 11 11 2
2 16 1 1 0 0 542 1 2 2 11
2 17 1 0 0 0 760 2 1 1 2
2 18 1 0 0 0 760 2 1 1 1
2 19 1 0 0 0 760 2 11 11 1
2 20 1 0 0 0 760 2 4 4 11
2 21 0 0 1 0 760 1 11 11 4
2 22 1 1 0 0 497 1 4 4 11
2 23 1 1 0 0 505 1 11 11 4
2 24 1 0 0 0 760 2 1 1 11
2 25 1 0 0 0 760 3 9 9 1
3 1 1 0 0 0 760 1 8 8 9
3 2 1 0 0 0 760 2 6 6 8
3 3 1 1 0 0 543 1 8 8 6
3 4 1 0 0 0 760 3 12 12 8
3 5 1 1 0 0 607 1 8 8 12
3 6 1 1 0 0 545 1 12 12 8
3 7 1 1 0 0 726 1 8 8 12
3 8 1 0 0 0 760 3 5 5 8
3 9 1 0 0 0 760 3 10 10 5
3 10 1 1 0 0 545 1 5 5 10
3 11 1 1 0 0 553 1 10 10 5
3 12 1 1 0 0 688 1 5 5 10
3 13 1 1 0 0 505 1 10 10 5
3 14 1 0 0 0 760 3 1 1 10
3 15 1 0 0 0 760 2 15 15 1
3 16 1 0 0 0 760 2 5 5 15
3 17 1 1 0 0 566 1 15 15 5
3 18 1 1 0 0 666 1 5 5 15
3 19 1 1 0 0 734 1 15 15 5
3 20 1 0 0 0 760 3 3 3 15
3 21 1 0 0 0 760 2 1 1 3
3 22 1 1 0 0 548 1 3 3 1
3 23 1 1 0 0 517 1 1 1 3
3 24 1 0 0 0 760 3 5 5 1
3 25 1 0 0 0 760 2 5 5 5
