1 1 1 0 0 0 760 1 4 4 0
1 2 1 0 0 0 760 3 7 7 4
1 3 1 0 0 0 760 3 14 14 7
1 4 1 0 0 0 760 2 13 13 14
1 5 1 0 0 0 760 3 10 10 13
1 6 0 0 1 0 760 1 13 13 10
1 7 1 0 0 0 760 2 3 3 13
1 8 1 0 0 0 760 2 2 2 3
1 9 1 0 0 0 760 3 7 7 2
1 10 1 1 0 0 696 1 2 2 7
1 11 1 0 0 0 760 3 5 5 2
1 12 1 0 0 0 760 2 6 6 5
1 13 1 0 0 0 760 3 6 6 6
1 14 0 0 0 1 682 2 5 5 6
1 15 1 0 0 0 760 3 9 9 5
1 16 0 0 1 0 760 1 5 5 9
1 17 1 0 0 0 760 3 4 4 5
1 18 1 0 0 0 760 2 11 11 4
1 19 0 0 1 0 760 1 4 4 11
1 20 1 0 0 0 760 3 13 13 4
1 21 1 1 0 0 600 1 4 4 13
1 22 1 0 0 0 760 2 3 3 4
1 23 1 0 0 0 760 3 5 5 3
1 24 1 0 0 0 760 3 1 1 5
1 25 1 1 0 0 693 1 5 5 1
2 1 1 0 0 0 760 1 15 15 5
2 2 1 0 0 0 760 2 7 7 15
2 3 1 1 0 0 557 1 15 15 7
2 4 1 0 0 0 760 3 8 8 15
2 5 0 0 1 0 760 1 15 15 8
2 6 1 0 0 0 760 2 15 15 15
2 7 0 0 0 1 491 3 8 8 15
2 8 1 1 0 0 613 1 15 15 8
2 9 1 1 0 0 513 1 8 8 15
2 10 1 1 0 0 529 1 15 15 8
2 11 1 0 0 0 760 3 12 12 15
2 12 1 0 0 0 760 3 11 11 12
2 13 1 0 0 0 760 2 3 3 11
2 14 1 0 0 0 760 2 9 9 3
2 15 1 1 0 0 588 1 3 3 9
2 16 1 0 0 0 760 3 6 6 3
2 17 1 0 0 0 760 3 12 12 6
2 18 1 1 0 0 651 1 6 6 12
2 19 1 0 0 0 760 3 7 7 6
2 20 1 0 0 0 760 3 3 3 7
2 21 1 0 0 0 760 2 14 14 3
2 22 1 1 0 0 761 1 3 3 14
2 23 1 0 0 0 760 2 13 13 3
2 24 1 1 0 0 584 1 3 3 13
2 25 1 0 0 0 760 2 12 12 3
3 1 1 0 0 0 760 3 4 4 12
3 2 1 0 0 0 760 1 14 14 4
3 3 1 0 0 0 760 2 3 3 14
3 4 0 0 0 1 703 2 3 3 3
3 5 1 0 0 0 760 3 13 13 3
3 6 1 1 0 0 586 1 3 3 13
3 7 1 0 0 0 760 2 11 11 3
3 8 1 0 0 0 760 2 15 15 11
3 9 1 0 0 0 760 2 2 2 15
3 10 1 0 0 0 760 2 11 11 2
3 11 1 0 0 0 760 2 1 1 11
3 12 1 1 0 0 631 1 11 11 1
3 13 1 1 0 0 604 1 1 1 11
3 14 1 0 0 0 760 2 12 12 1
3 15 1 0 0 0 760 2 2 2 12
3 16 0 0 1 0 760 1 12 12 2
3 17 1 0 0 0 760 3 6 6 12
3 18 1 1 0 0 660 1 12 12 6
3 19 1 0 0 0 760 2 2 2 12
3 20 1 0 0 0 760 3 1 1 2
3 21 1 0 0 0 760 2 6 6 1
3 22 1 0 0 0 760 3 9 9 6
3 23 1 0 0 0 760 3 9 9 9
3 24 1 1 0 0 479 1 9 9 9
3 25 1 1 0 0 654 1 9 9 9
