1 1 1 0 0 0 760 3 10 10 0
1 2 1 0 0 0 760 2 2 2 10
1 3 1 0 0 0 760 2 4 4 2
1 4 1 0 0 0 760 2 8 8 4
1 5 1 0 0 0 760 3 7 7 8
1 6 1 0 0 0 760 2 12 12 7
1 7 1 1 0 0 550 1 7 7 12
1 8 1 0 0 0 760 3 1 1 7
1 9 1 0 0 0 760 3 2 2 1
1 10 1 0 0 0 760 3 4 4 2
1 11 1 0 0 0 760 2 11 11 4
1 12 1 0 0 0 760 2 5 5 11
1 13 1 0 0 0 760 3 12 12 5
1 14 0 0 1 0 760 1 5 5 12
1 15 1 0 0 0 760 2 8 8 5
1 16 1 0 0 0 760 2 13 13 8
1 17 1 0 0 0 760 2 6 6 13
1 18 1 0 0 0 760 3 9 9 6
1 19 1 0 0 0 760 3 7 7 9
1 20 1 0 0 0 760 3 8 8 7
1 21 1 0 0 0 760 2 13 13 8
1 22 1 0 0 0 760 3 15 15 13
1 23 1 0 0 0 760 3 11 11 15
1 24 1 0 0 0 760 2 1 1 11
1 25 0 0 1 0 760 1 11 11 1
2 1 1 0 0 0 760 3 12 12 11
2 2 1 0 0 0 760 3 13 13 12
2 3 1 0 0 0 760 2 13 13 13
2 4 1 0 0 0 760 2 4 4 13
2 5 1 0 0 0 760 3 5 5 4
2 6 1 0 0 0 760 3 11 11 5
2 7 1 0 0 0 760 3 7 7 11
2 8 1 0 0 0 760 3 15 15 7
2 9 1 0 0 0 760 2 14 14 15
2 10 1 1 0 0 608 1 15 15 14
2 11 1 1 0 0 451 1 14 14 15
2 12 1 0 0 0 760 2 4 4 14
2 13 1 0 0 0 760 3 7 7 4
2 14 1 1 0 0 543 1 4 4 7
2 15 1 0 0 0 760 2 8 8 4
2 16 1 0 0 0 760 2 6 6 8
2 17 1 1 0 0 725 1 8 8 6
2 18 1 0 0 0 760 2 11 11 8
2 19 1 0 0 0 760 3 7 7 11
2 20 1 0 0 0 760 2 1 1 7
2 21 0 0 1 0 760 1 7 7 1
2 22 1 0 0 0 760 3 3 3 7
2 23 1 1 0 0 584 1 7 7 3
2 24 1 0 0 0 760 2 4 4 7
2 25 0 0 0 1 546 3 6 6 4
3 1 1 0 0 0 760 3 12 12 6
3 2 1 0 0 0 760 3 13 13 12
3 3 1 0 0 0 760 2 15 15 13
3 4 1 0 0 0 760 2 14 14 15
3 5 1 0 0 0 760 3 12 12 14
3 6 1 1 0 0 609 1 14 14 12
3 7 1 0 0 0 760 3 15 15 14
3 8 1 0 0 0 760 3 8 8 15
3 9 1 1 0 0 713 1 15 15 8
3 10 1 1 0 0 670 1 8 8 15
3 11 1 0 0 0 760 3 6 6 8
3 12 0 0 1 0 760 1 8 8 6
3 13 1 0 0 0 760 2 5 5 8
3 14 1 0 0 0 760 2 15 15 5
3 15 1 0 0 0 760 2 7 7 15
3 16 1 0 0 0 760 2 9 9 7
3 17 1 1 0 0 572 1 7 7 9
3 18 1 0 0 0 760 2 8 8 7
3 19 1 0 0 0 760 2 13 13 8
3 20 1 0 0 0 760 3 15 15 13
3 21 0 0 1 0 760 1 13 13 15
3 22 1 0 0 0 760 3 6 6 13
3 23 1 0 0 0 760 2 1 1 6
3 24 1 0 0 0 760 2 9 9 1
3 25 1 0 0 0 760 3 14 14 9
