1 1 1 0 0 0 760 2 3 3 0
1 2 1 0 0 0 760 3 14 14 3
1 3 1 0 0 0 760 3 15 15 14
1 4 1 1 0 0 534 1 14 14 15
1 5 1 0 0 0 760 2 3 3 14
1 6 1 0 0 0 760 2 4 4 3
1 7 1 0 0 0 760 3 1 1 4
1 8 0 0 1 0 760 1 4 4 1
1 9 1 0 0 0 760 3 3 3 4
1 10 1 0 0 0 760 2 11 11 3
1 11 1 0 0 0 760 2 5 5 11
1 12 1 1 0 0 721 1 11 11 5
1 13 1 0 0 0 760 2 8 8 11
1 14 1 0 0 0 760 3 14 14 8
1 15 0 0 1 0 760 1 8 8 14
1 16 1 0 0 0 760 2 13 13 8
1 17 1 1 0 0 635 1 8 8 13
1 18 1 1 0 0 463 1 13 13 8
1 19 1 0 0 0 760 2 12 12 13
1 20 1 0 0 0 760 3 2 2 12
1 21 1 1 0 0 760 1 12 12 2
1 22 1 0 0 0 760 3 11 11 12
1 23 1 0 0 0 760 3 7 7 11
1 24 1 0 0 0 760 3 12 12 7
1 25 1 1 0 0 524 1 7 7 12
2 1 1 0 0 0 760 2 9 9 7
2 2 1 0 0 0 760 2 15 15 9
2 3 1 0 0 0 760 2 14 14 15
2 4 1 0 0 0 760 2 8 8 14
2 5 1 1 0 0 549 1 14 14 8
2 6 1 0 0 0 760 3 4 4 14
2 7 1 1 0 0 728 1 14 14 4
2 8 1 0 0 0 760 2 15 15 14
2 9 1 1 0 0 685 1 14 14 15
2 10 1 0 0 0 760 3 12 12 14
2 11 1 1 0 0 546 1 14 14 12
2 12 1 0 0 0 760 2 6 6 14
2 13 1 1 0 0 477 1 14 14 6
2 14 1 1 0 0 510 1 6 6 14
2 15 1 0 0 0 760 2 13 13 6
2 16 1 1 0 0 506 1 6 6 13
2 17 1 1 0 0 520 1 13 13 6
2 18 1 0 0 0 760 2 3 3 13
2 19 0 0 1 0 760 1 13 13 3
2 20 1 0 0 0 760 2 5 5 13
2 21 0 0 0 1 609 3 6 6 5
2 22 1 0 0 0 760 3 9 9 6
2 23 1 0 0 0 760 3 8 8 9
2 24 0 0 1 0 760 1 9 9 8
2 25 1 0 0 0 760 3 3 3 9
3 1 1 0 0 0 760 3 2 2 3
3 2 1 0 0 0 760 2 1 1 2
3 3 1 1 0 0 563 1 2 2 1
3 4 1 0 0 0 760 2 4 4 2
3 5 1 0 0 0 760 2 1 1 4
3 6 1 0 0 0 760 2 10 10 1
3 7 1 1 0 0 496 1 1 1 10
3 8 1 0 0 0 760 2 1 1 1
3 9 1 1 0 0 517 1 1 1 1
3 10 1 1 0 0 648 1 1 1 1
3 11 1 1 0 0 616 1 1 1 1
3 12 1 0 0 0 760 2 13 13 1
3 13 1 0 0 0 760 3 3 3 13
3 14 1 0 0 0 760 3 10 10 3
3 15 1 1 0 0 621 1 3 3 10
3 16 1 0 0 0 760 2 5 5 3
3 17 1 0 0 0 760 3 15 15 5
3 18 1 0 0 0 760 3 2 2 15
3 19 1 1 0 0 553 1 15 15 2
3 20 1 0 0 0 760 3 4 4 15
3 21 1 0 0 0 760 3 7 7 4
3 22 1 0 0 0 760 3 12 12 7
3 23 1 0 0 0 760 2 15 15 12
3 24 1 0 0 0 760 2 9 9 15
3 25 1 0 0 0 760 3 2 2 9
