1 1 1 0 0 0 760 2 3 3 0
1 2 1 0 0 0 760 1 2 2 3
1 3 0 0 1 0 760 1 3 3 2
1 4 1 1 0 0 707 1 2 2 3
1 5 0 0 1 0 760 1 3 3 2
1 6 1 0 0 0 760 3 9 9 3
1 7 1 0 0 0 760 3 2 2 9
1 8 1 1 0 0 628 1 9 9 2
1 9 1 1 0 0 640 1 2 2 9
1 10 1 0 0 0 760 3 8 8 2
1 11 1 0 0 0 760 2 8 8 8
1 12 1 0 0 0 760 3 15 15 8
1 13 1 0 0 0 760 2 14 14 15
1 14 1 0 0 0 760 3 11 11 14
1 15 1 0 0 0 760 2 7 7 11
1 16 1 0 0 0 760 2 8 8 7
1 17 1 1 0 0 690 1 7 7 8
1 18 1 0 0 0 760 2 14 14 7
1 19 1 0 0 0 760 3 14 14 14
1 20 1 1 0 0 698 1 14 14 14
1 21 1 1 0 0 725 1 14 14 14
1 22 1 0 0 0 760 3 2 2 14
1 23 1 0 0 0 760 3 3 3 2
1 24 1 0 0 0 760 2 5 5 3
1 25 1 0 0 0 760 3 2 2 5
2 1 1 0 0 0 760 3 7 7 2
2 2 1 0 0 0 760 3 10 10 7
2 3 1 0 0 0 760 2 14 14 10
2 4 1 0 0 0 760 3 3 3 14
2 5 1 0 0 0 760 3 9 9 3
2 6 1 1 0 0 565 1 3 3 9
2 7 1 0 0 0 760 2 6 6 3
2 8 1 0 0 0 760 2 8 8 6
2 9 1 0 0 0 760 2 14 14 8
2 10 1 0 0 0 760 3 1 1 14
2 11 1 0 0 0 760 3 7 7 1
2 12 1 0 0 0 760 3 5 5 7
2 13 1 1 0 0 543 1 7 7 5
2 14 1 0 0 0 760 2 14 14 7
2 15 1 1 0 0 595 1 7 7 14
2 16 1 0 0 0 760 2 15 15 7
2 17 1 0 0 0 760 3 4 4 15
2 18 1 0 0 0 760 3 8 8 4
2 19 1 0 0 0 760 2 3 3 8
2 20 1 0 0 0 760 3 3 3 3
2 21 1 1 0 0 651 1 3 3 3
2 22 1 0 0 0 760 3 6 6 3
2 23 1 0 0 0 760 3 4 4 6
2 24 0 0 1 0 760 1 6 6 4
2 25 1 0 0 0 760 2 10 10 6
3 1 1 0 0 0 760 2 11 11 10
3 2 1 0 0 0 760 3 2 2 11
3 3 1 1 0 0 605 1 11 11 2
3 4 1 0 0 0 760 2 9 9 11
3 5 1 0 0 0 760 2 13 13 9
3 6 1 0 0 0 760 2 15 15 13
3 7 1 1 0 0 671 1 13 13 15
3 8 1 0 0 0 760 2 10 10 13
3 9 0 0 1 0 760 1 13 13 10
3 10 1 0 0 0 760 3 14 14 13
3 11 1 1 0 0 611 1 13 13 14
3 12 1 0 0 0 760 2 13 13 13
3 13 1 1 0 0 607 1 13 13 13
3 14 1 0 0 0 760 3 12 12 13
3 15 0 0 1 0 760 1 13 13 12
3 16 1 0 0 0 760 3 14 14 13
3 17 1 1 0 0 594 1 13 13 14
3 18 1 0 0 0 760 2 5 5 13
3 19 1 0 0 0 760 3 4 4 5
3 20 1 0 0 0 760 2 11 11 4
3 21 1 0 0 0 760 3 15 15 11
3 22 1 0 0 0 760 2 6 6 15
3 23 1 0 0 0 760 3 10 10 6
3 24 1 0 0 0 760 3 13 13 10
3 25 1 1 0 0 756 1 10 10 13
