1 1 1 0 0 0 760 2 1 1 0
1 2 1 0 0 0 760 3 8 8 1
1 3 1 0 0 0 760 3 15 15 8
1 4 1 0 0 0 760 3 4 4 15
1 5 1 0 0 0 760 2 5 5 4
1 6 1 0 0 0 760 2 14 14 5
1 7 1 0 0 0 760 2 3 3 14
1 8 1 0 0 0 760 2 3 3 3
1 9 1 1 0 0 745 1 3 3 3
1 10 1 0 0 0 760 2 13 13 3
1 11 0 0 1 0 760 1 3 3 13
1 12 1 1 0 0 696 1 13 13 3
1 13 1 0 0 0 760 2 5 5 13
1 14 1 0 0 0 760 3 4 4 5
1 15 1 1 0 0 714 1 5 5 4
1 16 1 0 0 0 760 2 9 9 5
1 17 1 0 0 0 760 2 3 3 9
1 18 1 0 0 0 760 3 14 14 3
1 19 1 0 0 0 760 3 12 12 14
1 20 1 0 0 0 760 3 4 4 12
1 21 0 0 1 0 760 1 12 12 4
1 22 1 1 0 0 581 1 4 4 12
1 23 1 1 0 0 706 1 12 12 4
1 24 1 0 0 0 760 3 15 15 12
1 25 1 0 0 0 760 3 14 14 15
2 1 1 0 0 0 760 1 11 11 14
2 2 1 0 0 0 760 2 6 6 11
2 3 1 0 0 0 760 3 12 12 6
2 4 1 1 0 0 749 1 6 6 12
2 5 1 0 0 0 760 3 6 6 6
2 6 0 0 1 0 760 1 6 6 6
2 7 1 0 0 0 760 2 13 13 6
2 8 1 0 0 0 760 3 7 7 13
2 9 1 1 0 0 609 1 13 13 7
2 10 1 1 0 0 575 1 7 7 13
2 11 1 0 0 0 760 3 1 1 7
2 12 1 1 0 0 667 1 7 7 1
2 13 1 0 0 0 760 2 8 8 7
2 14 1 0 0 0 760 2 2 2 8
2 15 1 0 0 0 760 2 2 2 2
2 16 1 0 0 0 760 2 12 12 2
2 17 1 1 0 0 737 1 2 2 12
2 18 0 0 1 0 760 1 12 12 2
2 19 1 0 0 0 760 2 11 11 12
2 20 1 0 0 0 760 2 2 2 11
2 21 1 0 0 0 760 2 3 3 2
2 22 1 1 0 0 626 1 2 2 3
2 23 1 1 0 0 682 1 3 3 2
2 24 1 1 0 0 598 1 2 2 3
2 25 1 0 0 0 760 2 14 14 2
3 1 1 0 0 0 760 3 4 4 14
3 2 1 0 0 0 760 1 7 7 4
3 3 1 0 0 0 760 2 3 3 7
3 4 1 1 0 0 546 1 7 7 3
3 5 1 0 0 0 760 2 13 13 7
3 6 1 0 0 0 760 3 9 9 13
3 7 1 0 0 0 760 2 15 15 9
3 8 0 0 1 0 760 1 9 9 15
3 9 1 0 0 0 760 2 11 11 9
3 10 1 0 0 0 760 2 4 4 11
3 11 1 1 0 0 571 1 11 11 4
3 12 1 0 0 0 760 3 6 6 11
3 13 1 0 0 0 760 2 14 14 6
3 14 1 0 0 0 760 3 7 7 14
3 15 1 0 0 0 760 2 12 12 7
3 16 1 0 0 0 760 2 1 1 12
3 17 1 0 0 0 760 2 8 8 1
3 18 1 0 0 0 760 2 15 15 8
3 19 1 0 0 0 760 2 11 11 15
3 20 1 0 0 0 760 3 3 3 11
3 21 1 1 0 0 732 1 11 11 3
3 22 1 1 0 0 519 1 3 3 11
3 23 1 1 0 0 549 1 11 11 3
3 24 1 1 0 0 524 1 3 3 11
3 25 1 0 0 0 760 2 8 8 3
