1 1 1 0 0 0 760 3 8 8 0
1 2 1 0 0 0 760 2 1 1 8
1 3 1 0 0 0 760 2 7 7 1
1 4 1 0 0 0 760 3 4 4 7
1 5 1 0 0 0 760 2 1 1 4
1 6 1 0 0 0 760 2 11 11 1
1 7 0 0 1 0 760 1 1 1 11
1 8 1 1 0 0 693 1 11 11 1
1 9 1 0 0 0 760 2 6 6 11
1 10 1 1 0 0 538 1 11 11 6
1 11 1 1 0 0 474 1 6 6 11
1 12 1 0 0 0 760 3 2 2 6
1 13 1 0 0 0 760 3 7 7 2
1 14 1 0 0 0 760 2 6 6 7
1 15 1 0 0 0 760 2 10 10 6
1 16 0 0 1 0 760 1 6 6 10
1 17 1 0 0 0 760 2 5 5 6
1 18 1 1 0 0 679 1 6 6 5
1 19 1 0 0 0 760 3 13 13 6
1 20 1 0 0 0 760 2 12 12 13
1 21 1 1 0 0 719 1 13 13 12
1 22 1 0 0 0 760 3 10 10 13
1 23 1 0 0 0 760 2 10 10 10
1 24 1 1 0 0 622 1 10 10 10
1 25 1 1 0 0 562 1 10 10 10
2 1 1 0 0 0 760 3 14 14 10
2 2 1 0 0 0 760 3 2 2 14
2 3 1 0 0 0 760 3 1 1 2
2 4 1 0 0 0 760 2 12 12 1
2 5 1 1 0 0 583 1 1 1 12
2 6 1 0 0 0 760 2 6 6 1
2 7 1 0 0 0 760 3 6 6 6
2 8 1 0 0 0 760 2 12 12 6
2 9 1 0 0 0 760 2 4 4 12
2 10 1 0 0 0 760 3 5 5 4
2 11 1 1 0 0 679 1 4 4 5
2 12 1 1 0 0 632 1 5 5 4
2 13 1 0 0 0 760 3 6 6 5
2 14 1 0 0 0 760 2 7 7 6
2 15 1 0 0 0 760 3 15 15 7
2 16 1 0 0 0 760 2 9 9 15
2 17 1 0 0 0 760 2 10 10 9
2 18 1 1 0 0 715 1 9 9 10
2 19 1 0 0 0 760 2 7 7 9
2 20 1 0 0 0 760 3 13 13 7
2 21 1 0 0 0 760 3 8 8 13
2 22 0 0 1 0 760 1 13 13 8
2 23 1 1 0 0 477 1 8 8 13
2 24 1 1 0 0 567 1 13 13 8
2 25 1 0 0 0 760 2 11 11 13
3 1 1 0 0 0 760 2 4 4 11
3 2 1 0 0 0 760 3 4 4 4
3 3 1 0 0 0 760 2 14 14 4
3 4 1 1 0 0 574 1 4 4 14
3 5 1 0 0 0 760 2 3 3 4
3 6 1 0 0 0 760 3 3 3 3
3 7 1 0 0 0 760 2 13 13 3
3 8 1 0 0 0 760 3 8 8 13
3 9 0 0 1 0 760 1 13 13 8
3 10 0 0 1 0 760 1 8 8 13
3 11 1 0 0 0 760 2 12 12 8
3 12 1 1 0 0 632 1 8 8 12
3 13 1 0 0 0 760 3 5 5 8
3 14 1 0 0 0 760 3 7 7 5
3 15 0 0 0 1 675 2 13 13 7
3 16 0 0 1 0 760 1 7 7 13
3 17 1 0 0 0 760 3 3 3 7
3 18 0 0 1 0 760 1 7 7 3
3 19 1 1 0 0 609 1 3 3 7
3 20 1 0 0 0 760 3 11 11 3
3 21 1 0 0 0 760 3 12 12 11
3 22 1 0 0 0 760 2 10 10 12
3 23 1 1 0 0 746 1 12 12 10
3 24 1 0 0 0 760 3 15 15 12
3 25 1 1 0 0 649 1 12 12 15
