1 1 1 0 0 0 760 2 14 14 0
1 2 1 0 0 0 760 2 14 14 14
1 3 1 0 0 0 760 2 3 3 14
1 4 1 0 0 0 760 3 1 1 3
1 5 1 0 0 0 760 3 8 8 1
1 6 1 0 0 0 760 2 11 11 8
1 7 1 1 0 0 633 1 8 8 11
1 8 1 0 0 0 760 2 6 6 8
1 9 1 1 0 0 711 1 8 8 6
1 10 1 1 0 0 652 1 6 6 8
1 11 1 1 0 0 753 1 8 8 6
1 12 1 1 0 0 552 1 6 6 8
1 13 1 0 0 0 760 2 15 15 6
1 14 1 1 0 0 762 1 6 6 15
1 15 1 0 0 0 760 2 3 3 6
1 16 1 0 0 0 760 3 9 9 3
1 17 1 1 0 0 558 1 3 3 9
1 18 1 1 0 0 730 1 9 9 3
1 19 1 0 0 0 760 2 11 11 9
1 20 1 1 0 0 634 1 9 9 11
1 21 1 0 0 0 760 2 12 12 9
1 22 1 0 0 0 760 3 5 5 12
1 23 1 0 0 0 760 3 2 2 5
1 24 1 0 0 0 760 2 11 11 2
1 25 1 0 0 0 760 3 8 8 11
2 1 1 0 0 0 760 2 6 6 8
2 2 1 0 0 0 760 2 7 7 6
2 3 1 0 0 0 760 3 5 5 7
2 4 1 0 0 0 760 3 2 2 5
2 5 1 0 0 0 760 2 9 9 2
2 6 1 0 0 0 760 2 15 15 9
2 7 1 0 0 0 760 2 7 7 15
2 8 1 0 0 0 760 3 6 6 7
2 9 1 1 0 0 573 1 7 7 6
2 10 1 0 0 0 760 2 2 2 7
2 11 1 0 0 0 760 2 8 8 2
2 12 1 0 0 0 760 3 7 7 8
2 13 1 0 0 0 760 2 7 7 7
2 14 1 0 0 0 760 3 3 3 7
2 15 1 0 0 0 760 2 12 12 3
2 16 1 0 0 0 760 3 10 10 12
2 17 1 0 0 0 760 2 2 2 10
2 18 1 0 0 0 760 2 5 5 2
2 19 1 1 0 0 650 1 2 2 5
2 20 1 0 0 0 760 3 2 2 2
2 21 1 0 0 0 760 3 4 4 2
2 22 1 0 0 0 760 2 13 13 4
2 23 1 0 0 0 760 2 8 8 13
2 24 1 0 0 0 760 2 2 2 8
2 25 1 0 0 0 760 2 1 1 2
3 1 1 0 0 0 760 1 6 6 1
3 2 1 0 0 0 760 2 14 14 6
3 3 1 0 0 0 760 2 9 9 14
3 4 1 0 0 0 760 3 2 2 9
3 5 1 1 0 0 553 1 9 9 2
3 6 0 0 1 0 760 1 2 2 9
3 7 1 0 0 0 760 2 15 15 2
3 8 1 0 0 0 760 3 10 10 15
3 9 1 0 0 0 760 2 5 5 10
3 10 0 0 1 0 760 1 10 10 5
3 11 0 0 0 1 692 3 8 8 10
3 12 1 0 0 0 760 3 13 13 8
3 13 1 0 0 0 760 2 12 12 13
3 14 1 0 0 0 760 2 1 1 12
3 15 1 1 0 0 574 1 12 12 1
3 16 1 0 0 0 760 2 11 11 12
3 17 1 1 0 0 583 1 12 12 11
3 18 1 1 0 0 584 1 11 11 12
3 19 1 0 0 0 760 3 2 2 11
3 20 1 0 0 0 760 3 2 2 2
3 21 1 1 0 0 715 1 2 2 2
3 22 1 1 0 0 567 1 2 2 2
3 23 1 0 0 0 760 2 12 12 2
3 24 1 0 0 0 760 3 3 3 12
3 25 0 0 1 0 760 1 12 12 3
