1 1 1 0 0 0 760 2 1 1 0
1 2 1 0 0 0 760 3 13 13 1
1 3 1 0 0 0 760 3 2 2 13
1 4 1 0 0 0 760 3 7 7 2
1 5 1 0 0 0 760 2 12 12 7
1 6 1 0 0 0 760 2 9 9 12
1 7 0 0 1 0 760 1 12 12 9
1 8 1 1 0 0 617 1 9 9 12
1 9 1 0 0 0 760 3 4 4 9
1 10 1 0 0 0 760 2 6 6 4
1 11 1 0 0 0 760 3 8 8 6
1 12 1 0 0 0 760 3 7 7 8
1 13 1 1 0 0 597 1 8 8 7
1 14 1 0 0 0 760 3 2 2 8
1 15 1 0 0 0 760 3 9 9 2
1 16 1 1 0 0 606 1 2 2 9
1 17 1 0 0 0 760 3 10 10 2
1 18 1 1 0 0 609 1 2 2 10
1 19 1 1 0 0 673 1 10 10 2
1 20 1 1 0 0 615 1 2 2 10
1 21 1 1 0 0 651 1 10 10 2
1 22 1 0 0 0 760 3 4 4 10
1 23 1 0 0 0 760 2 9 9 4
1 24 1 0 0 0 760 3 5 5 9
1 25 1 1 0 0 604 1 9 9 5
2 1 1 0 0 0 760 1 6 6 9
2 2 1 0 0 0 760 1 6 6 6
2 3 1 0 0 0 760 3 4 4 6
2 4 1 1 0 0 596 1 6 6 4
2 5 1 0 0 0 760 3 3 3 6
2 6 1 1 0 0 528 1 6 6 3
2 7 1 0 0 0 760 2 8 8 6
2 8 1 0 0 0 760 2 2 2 8
2 9 1 1 0 0 601 1 8 8 2
2 10 1 0 0 0 760 2 7 7 8
2 11 1 0 0 0 760 3 6 6 7
2 12 1 0 0 0 760 3 15 15 6
2 13 0 0 1 0 760 1 6 6 15
2 14 1 0 0 0 760 3 5 5 6
2 15 1 0 0 0 760 2 12 12 5
2 16 1 0 0 0 760 3 13 13 12
2 17 1 1 0 0 552 1 12 12 13
2 18 1 1 0 0 626 1 13 13 12
2 19 1 0 0 0 760 2 5 5 13
2 20 1 0 0 0 760 2 3 3 5
2 21 1 0 0 0 760 2 12 12 3
2 22 1 0 0 0 760 3 2 2 12
2 23 1 0 0 0 760 3 3 3 2
2 24 1 0 0 0 760 2 12 12 3
2 25 1 0 0 0 760 2 7 7 12
3 1 1 0 0 0 760 1 11 11 7
3 2 1 0 0 0 760 3 9 9 11
3 3 1 1 0 0 574 1 11 11 9
3 4 1 1 0 0 549 1 9 9 11
3 5 1 0 0 0 760 2 9 9 9
3 6 1 1 0 0 593 1 9 9 9
3 7 1 1 0 0 731 1 9 9 9
3 8 1 1 0 0 649 1 9 9 9
3 9 1 1 0 0 524 1 9 9 9
3 10 1 0 0 0 760 3 14 14 9
3 11 1 1 0 0 556 1 9 9 14
3 12 1 0 0 0 760 3 8 8 9
3 13 1 0 0 0 760 2 12 12 8
3 14 1 0 0 0 760 2 11 11 12
3 15 1 1 0 0 547 1 12 12 11
3 16 1 0 0 0 760 3 6 6 12
3 17 1 0 0 0 760 2 9 9 6
3 18 1 0 0 0 760 2 3 3 9
3 19 1 0 0 0 760 3 8 8 3
3 20 1 1 0 0 590 1 3 3 8
3 21 1 0 0 0 760 3 3 3 3
3 22 1 0 0 0 760 2 8 8 3
3 23 1 0 0 0 760 2 1 1 8
3 24 1 0 0 0 760 2 10 10 1
3 25 1 1 0 0 584 1 1 1 10
