1 1 1 0 0 0 499 2 2 2 0
1 2 1 0 0 0 760 2 10 10 2
1 3 1 0 0 0 760 3 7 7 10
1 4 1 1 0 0 702 1 10 10 7
1 5 1 0 0 0 760 2 12 12 10
1 6 1 1 0 0 658 1 10 10 12
1 7 1 0 0 0 760 2 9 9 10
1 8 1 1 0 0 636 1 10 10 9
1 9 1 0 0 0 760 3 10 10 10
1 10 1 1 0 0 626 1 10 10 10
1 11 1 1 0 0 483 1 10 10 10
1 12 1 0 0 0 760 2 3 3 10
1 13 1 0 0 0 760 2 9 9 3
1 14 1 0 0 0 760 2 4 4 9
1 15 1 0 0 0 760 2 13 13 4
1 16 1 0 0 0 760 2 15 15 13
1 17 0 0 1 0 760 1 13 13 15
1 18 1 1 0 0 574 1 15 15 13
1 19 0 0 0 1 549 2 12 12 15
1 20 0 0 1 0 760 1 15 15 12
1 21 1 0 0 0 760 2 1 1 15
1 22 1 1 0 0 614 1 15 15 1
1 23 1 0 0 0 760 3 14 14 15
1 24 1 1 0 0 574 1 15 15 14
1 25 1 1 0 0 741 1 14 14 15
2 1 1 0 0 0 760 2 6 6 14
2 2 1 0 0 0 760 2 1 1 6
2 3 1 0 0 0 760 3 1 1 1
2 4 1 1 0 0 620 1 1 1 1
2 5 1 0 0 0 760 2 8 8 1
2 6 1 0 0 0 760 3 9 9 8
2 7 1 0 0 0 760 3 15 15 9
2 8 1 0 0 0 760 3 13 13 15
2 9 1 0 0 0 760 2 12 12 13
2 10 1 1 0 0 548 1 13 13 12
2 11 1 0 0 0 760 2 14 14 13
2 12 1 1 0 0 495 1 13 13 14
2 13 1 1 0 0 552 1 14 14 13
2 14 1 1 0 0 454 1 13 13 14
2 15 1 0 0 0 760 2 10 10 13
2 16 1 0 0 0 760 2 10 10 10
2 17 1 0 0 0 760 2 2 2 10
2 18 1 1 0 0 552 1 10 10 2
2 19 1 0 0 0 760 3 7 7 10
2 20 1 0 0 0 760 2 11 11 7
2 21 1 1 0 0 715 1 7 7 11
2 22 1 0 0 0 760 2 12 12 7
2 23 1 0 0 0 760 3 15 15 12
2 24 1 0 0 0 760 3 5 5 15
2 25 1 0 0 0 760 2 4 4 5
3 1 1 0 0 0 760 1 10 10 4
3 2 1 0 0 0 760 3 1 1 10
3 3 1 0 0 0 760 2 11 11 1
3 4 1 0 0 0 760 2 11 11 11
3 5 1 0 0 0 760 3 4 4 11
3 6 1 0 0 0 760 2 4 4 4
3 7 1 0 0 0 760 3 6 6 4
3 8 1 0 0 0 760 2 8 8 6
3 9 1 0 0 0 760 3 14 14 8
3 10 1 1 0 0 730 1 8 8 14
3 11 1 0 0 0 760 3 10 10 8
3 12 1 0 0 0 760 3 9 9 10
3 13 0 0 1 0 760 1 10 10 9
3 14 1 1 0 0 557 1 9 9 10
3 15 1 0 0 0 760 2 11 11 9
3 16 1 1 0 0 628 1 9 9 11
3 17 1 0 0 0 760 3 14 14 9
3 18 1 0 0 0 760 2 8 8 14
3 19 1 1 0 0 599 1 14 14 8
3 20 0 0 1 0 760 1 8 8 14
3 21 0 0 0 1 439 3 6 6 8
3 22 1 0 0 0 760 3 3 3 6
3 23 1 1 0 0 602 1 6 6 3
3 24 1 1 0 0 701 1 3 3 6
3 25 0 0 0 1 525 2 3 3 3
