1 1 1 0 0 0 760 2 13 13 0
1 2 1 0 0 0 760 1 1 1 13
1 3 1 0 0 0 760 3 4 4 1
1 4 1 1 0 0 708 1 1 1 4
1 5 1 1 0 0 616 1 4 4 1
1 6 1 0 0 0 760 3 9 9 4
1 7 0 0 0 1 588 3 3 3 9
1 8 0 0 1 0 760 1 9 9 3
1 9 1 0 0 0 760 3 10 10 9
1 10 1 1 0 0 666 1 9 9 10
1 11 1 0 0 0 760 2 8 8 9
1 12 1 0 0 0 760 3 8 8 8
1 13 1 0 0 0 760 3 1 1 8
1 14 1 1 0 0 747 1 8 8 1
1 15 1 0 0 0 760 2 2 2 8
1 16 1 1 0 0 700 1 8 8 2
1 17 0 0 1 0 760 1 2 2 8
1 18 1 0 0 0 760 3 15 15 2
1 19 1 1 0 0 650 1 2 2 15
1 20 1 1 0 0 706 1 15 15 2
1 21 1 0 0 0 760 2 4 4 15
1 22 1 0 0 0 760 2 7 7 4
1 23 1 0 0 0 760 3 13 13 7
1 24 1 1 0 0 630 1 7 7 13
1 25 1 0 0 0 760 2 11 11 7
2 1 1 0 0 0 760 3 1 1 11
2 2 1 0 0 0 760 2 1 1 1
2 3 1 1 0 0 508 1 1 1 1
2 4 1 1 0 0 557 1 1 1 1
2 5 1 1 0 0 597 1 1 1 1
2 6 1 1 0 0 507 1 1 1 1
2 7 1 1 0 0 578 1 1 1 1
2 8 1 0 0 0 760 2 4 4 1
2 9 1 0 0 0 760 3 5 5 4
2 10 1 0 0 0 760 2 5 5 5
2 11 1 1 0 0 590 1 5 5 5
2 12 1 0 0 0 760 3 12 12 5
2 13 1 0 0 0 760 2 15 15 12
2 14 1 0 0 0 760 3 4 4 15
2 15 1 0 0 0 760 2 2 2 4
2 16 1 0 0 0 760 2 9 9 2
2 17 1 0 0 0 760 2 14 14 9
2 18 1 0 0 0 760 3 11 11 14
2 19 1 1 0 0 566 1 14 14 11
2 20 1 0 0 0 760 2 7 7 14
2 21 0 0 1 0 760 1 14 14 7
2 22 0 0 1 0 760 1 7 7 14
2 23 1 0 0 0 760 2 5 5 7
2 24 1 0 0 0 760 3 3 3 5
2 25 1 1 0 0 682 1 5 5 3
3 1 1 0 0 0 760 1 15 15 5
3 2 1 0 0 0 760 1 14 14 15
3 3 1 0 0 0 760 2 5 5 14
3 4 1 0 0 0 760 3 7 7 5
3 5 1 1 0 0 582 1 5 5 7
3 6 1 0 0 0 760 3 1 1 5
3 7 1 0 0 0 760 2 11 11 1
3 8 1 0 0 0 760 2 3 3 11
3 9 1 1 0 0 656 1 11 11 3
3 10 1 1 0 0 573 1 3 3 11
3 11 1 1 0 0 582 1 11 11 3
3 12 1 1 0 0 514 1 3 3 11
3 13 1 0 0 0 760 2 2 2 3
3 14 1 0 0 0 760 3 7 7 2
3 15 1 0 0 0 760 2 12 12 7
3 16 0 0 1 0 760 1 7 7 12
3 17 1 1 0 0 630 1 12 12 7
3 18 1 0 0 0 760 3 14 14 12
3 19 1 1 0 0 646 1 12 12 14
3 20 1 1 0 0 590 1 14 14 12
3 21 1 0 0 0 760 2 1 1 14
3 22 1 0 0 0 760 2 15 15 1
3 23 1 0 0 0 760 2 14 14 15
3 24 1 0 0 0 760 3 1 1 14
3 25 1 0 0 0 760 3 7 7 1
