1 1 1 0 0 0 760 2 8 8 0
1 2 1 0 0 0 760 2 8 8 8
1 3 1 1 0 0 555 1 8 8 8
1 4 1 0 0 0 760 2 9 9 8
1 5 1 0 0 0 760 2 2 2 9
1 6 1 0 0 0 760 3 14 14 2
1 7 1 0 0 0 760 3 9 9 14
1 8 1 0 0 0 760 3 13 13 9
1 9 1 0 0 0 760 2 5 5 13
1 10 1 0 0 0 760 2 15 15 5
1 11 1 1 0 0 704 1 5 5 15
1 12 1 0 0 0 760 2 8 8 5
1 13 1 0 0 0 760 3 15 15 8
1 14 1 0 0 0 760 3 11 11 15
1 15 1 0 0 0 760 2 12 12 11
1 16 1 0 0 0 760 3 13 13 12
1 17 1 0 0 0 760 2 2 2 13
1 18 1 0 0 0 760 2 8 8 2
1 19 1 1 0 0 702 1 2 2 8
1 20 1 1 0 0 760 1 8 8 2
1 21 1 1 0 0 726 1 2 2 8
1 22 1 0 0 0 760 3 9 9 2
1 23 1 0 0 0 760 3 4 4 9
1 24 1 0 0 0 760 2 13 13 4
1 25 1 0 0 0 760 3 10 10 13
2 1 1 0 0 0 760 2 7 7 10
2 2 1 0 0 0 760 3 12 12 7
2 3 1 0 0 0 760 2 12 12 12
2 4 0 0 1 0 760 1 12 12 12
2 5 1 0 0 0 760 2 6 6 12
2 6 1 0 0 0 760 3 7 7 6
2 7 1 0 0 0 760 3 12 12 7
2 8 1 1 0 0 637 1 7 7 12
2 9 1 0 0 0 760 3 2 2 7
2 10 1 0 0 0 760 3 12 12 2
2 11 1 0 0 0 760 2 5 5 12
2 12 1 0 0 0 760 3 9 9 5
2 13 1 1 0 0 605 1 5 5 9
2 14 1 1 0 0 630 1 9 9 5
2 15 0 0 1 0 760 1 5 5 9
2 16 1 0 0 0 760 2 14 14 5
2 17 1 0 0 0 760 2 11 11 14
2 18 1 0 0 0 760 3 6 6 11
2 19 1 0 0 0 760 3 8 8 6
2 20 1 0 0 0 760 2 9 9 8
2 21 1 1 0 0 468 1 8 8 9
2 22 1 0 0 0 760 3 6 6 8
2 23 1 0 0 0 760 3 13 13 6
2 24 1 1 0 0 504 1 6 6 13
2 25 1 0 0 0 760 2 1 1 6
3 1 1 0 0 0 760 2 2 2 1
3 2 1 0 0 0 760 3 4 4 2
3 3 1 1 0 0 608 1 2 2 4
3 4 1 0 0 0 760 2 13 13 2
3 5 1 1 0 0 606 1 2 2 13
3 6 1 0 0 0 760 2 7 7 2
3 7 0 0 0 1 716 2 13 13 7
3 8 1 1 0 0 700 1 7 7 13
3 9 1 0 0 0 760 2 12 12 7
3 10 1 0 0 0 760 3 1 1 12
3 11 1 0 0 0 760 3 2 2 1
3 12 0 0 1 0 760 1 1 1 2
3 13 1 0 0 0 760 2 11 11 1
3 14 1 0 0 0 760 2 12 12 11
3 15 1 1 0 0 547 1 11 11 12
3 16 1 0 0 0 760 3 11 11 11
3 17 1 1 0 0 720 1 11 11 11
3 18 1 0 0 0 760 3 9 9 11
3 19 1 1 0 0 635 1 11 11 9
3 20 0 0 1 0 760 1 9 9 11
3 21 1 0 0 0 760 2 10 10 9
3 22 1 1 0 0 694 1 9 9 10
3 23 1 1 0 0 504 1 10 10 9
3 24 1 0 0 0 760 3 7 7 10
3 25 1 0 0 0 760 2 1 1 7
