1 1 1 0 0 0 760 3 8 8 0
1 2 1 0 0 0 760 2 11 11 8
1 3 1 0 0 0 760 3 3 3 11
1 4 1 0 0 0 760 2 2 2 3
1 5 1 0 0 0 760 3 12 12 2
1 6 0 0 1 0 760 1 2 2 12
1 7 1 0 0 0 760 3 11 11 2
1 8 1 0 0 0 760 3 7 7 11
1 9 1 1 0 0 639 1 11 11 7
1 10 1 1 0 0 535 1 7 7 11
1 11 1 1 0 0 525 1 11 11 7
1 12 1 0 0 0 760 2 5 5 11
1 13 1 0 0 0 760 2 10 10 5
1 14 1 1 0 0 666 1 5 5 10
1 15 1 1 0 0 608 1 10 10 5
1 16 1 0 0 0 760 3 1 1 10
1 17 1 0 0 0 760 2 11 11 1
1 18 1 0 0 0 760 3 9 9 11
1 19 1 1 0 0 636 1 11 11 9
1 20 1 0 0 0 760 3 7 7 11
1 21 1 0 0 0 760 2 10 10 7
1 22 1 0 0 0 760 2 13 13 10
1 23 1 0 0 0 760 2 8 8 13
1 24 0 0 1 0 760 1 13 13 8
1 25 1 0 0 0 760 2 14 14 13
2 1 1 0 0 0 760 2 3 3 14
2 2 1 0 0 0 760 1 7 7 3
2 3 1 0 0 0 760 3 5 5 7
2 4 1 0 0 0 760 3 2 2 5
2 5 1 0 0 0 760 2 14 14 2
2 6 1 0 0 0 760 3 11 11 14
2 7 1 1 0 0 678 1 14 14 11
2 8 1 0 0 0 760 2 7 7 14
2 9 1 1 0 0 601 1 14 14 7
2 10 1 0 0 0 760 3 2 2 14
2 11 1 0 0 0 760 3 2 2 2
2 12 1 1 0 0 698 1 2 2 2
2 13 1 1 0 0 501 1 2 2 2
2 14 1 0 0 0 760 3 7 7 2
2 15 1 0 0 0 760 2 15 15 7
2 16 1 0 0 0 760 3 11 11 15
2 17 1 1 0 0 523 1 15 15 11
2 18 1 1 0 0 573 1 11 11 15
2 19 1 0 0 0 760 3 5 5 11
2 20 1 0 0 0 760 2 4 4 5
2 21 1 0 0 0 760 3 7 7 4
2 22 1 1 0 0 736 1 4 4 7
2 23 1 0 0 0 760 3 3 3 4
2 24 1 0 0 0 760 3 15 15 3
2 25 1 0 0 0 760 2 14 14 15
3 1 1 0 0 0 760 2 13 13 14
3 2 1 0 0 0 760 3 10 10 13
3 3 1 0 0 0 760 2 15 15 10
3 4 0 0 1 0 760 1 10 10 15
3 5 1 0 0 0 760 3 3 3 10
3 6 1 0 0 0 760 2 7 7 3
3 7 1 0 0 0 760 2 7 7 7
3 8 1 1 0 0 670 1 7 7 7
3 9 1 0 0 0 760 3 15 15 7
3 10 1 0 0 0 760 3 9 9 15
3 11 1 1 0 0 636 1 15 15 9
3 12 1 0 0 0 760 3 13 13 15
3 13 1 0 0 0 760 3 14 14 13
3 14 1 0 0 0 760 2 12 12 14
3 15 1 0 0 0 760 3 13 13 12
3 16 1 0 0 0 760 3 3 3 13
3 17 1 0 0 0 760 3 6 6 3
3 18 1 0 0 0 760 3 5 5 6
3 19 1 0 0 0 760 2 10 10 5
3 20 1 0 0 0 760 2 3 3 10
3 21 1 1 0 0 713 1 10 10 3
3 22 1 0 0 0 760 3 13 13 10
3 23 1 1 0 0 735 1 10 10 13
3 24 1 1 0 0 535 1 13 13 10
3 25 1 1 0 0 508 1 10 10 13
