1 1 1 0 0 0 760 2 6 6 0
1 2 1 0 0 0 760 2 4 4 6
1 3 1 1 0 0 577 1 6 6 4
1 4 1 0 0 0 760 2 12 12 6
1 5 1 0 0 0 760 3 10 10 12
1 6 1 0 0 0 760 2 1 1 10
1 7 1 1 0 0 714 1 10 10 1
1 8 1 0 0 0 760 3 8 8 10
1 9 1 0 0 0 760 3 6 6 8
1 10 1 1 0 0 665 1 8 8 6
1 11 0 0 1 0 760 1 6 6 8
1 12 1 0 0 0 760 3 1 1 6
1 13 1 1 0 0 637 1 6 6 1
1 14 1 1 0 0 637 1 1 1 6
1 15 0 0 0 1 548 3 1 1 1
1 16 1 0 0 0 760 2 13 13 1
1 17 1 1 0 0 594 1 1 1 13
1 18 1 0 0 0 760 3 7 7 1
1 19 1 1 0 0 739 1 1 1 7
1 20 1 0 0 0 760 2 10 10 1
1 21 1 0 0 0 760 2 5 5 10
1 22 1 1 0 0 700 1 10 10 5
1 23 1 0 0 0 760 2 11 11 10
1 24 1 1 0 0 654 1 10 10 11
1 25 1 1 0 0 620 1 11 11 10
2 1 1 0 0 0 760 3 5 5 11
2 2 1 0 0 0 760 2 14 14 5
2 3 1 0 0 0 760 3 9 9 14
2 4 1 1 0 0 675 1 14 14 9
2 5 1 1 0 0 526 1 9 9 14
2 6 1 0 0 0 760 2 8 8 9
2 7 1 0 0 0 760 2 1 1 8
2 8 1 0 0 0 760 3 13 13 1
2 9 1 0 0 0 760 3 15 15 13
2 10 1 0 0 0 760 3 7 7 15
2 11 1 0 0 0 760 2 12 12 7
2 12 1 0 0 0 760 3 2 2 12
2 13 1 0 0 0 760 3 7 7 2
2 14 1 0 0 0 760 2 13 13 7
2 15 1 0 0 0 760 3 10 10 13
2 16 1 0 0 0 760 2 7 7 10
2 17 1 1 0 0 597 1 10 10 7
2 18 1 0 0 0 760 3 8 8 10
2 19 1 1 0 0 676 1 10 10 8
2 20 1 0 0 0 760 2 1 1 10
2 21 1 0 0 0 760 2 9 9 1
2 22 1 0 0 0 760 3 15 15 9
2 23 1 0 0 0 760 3 14 14 15
2 24 1 1 0 0 552 1 15 15 14
2 25 1 0 0 0 760 2 5 5 15
3 1 1 0 0 0 760 2 8 8 5
3 2 1 0 0 0 760 1 8 8 8
3 3 1 0 0 0 760 3 14 14 8
3 4 1 0 0 0 760 3 3 3 14
3 5 1 0 0 0 760 2 8 8 3
3 6 1 1 0 0 606 1 3 3 8
3 7 1 0 0 0 760 2 6 6 3
3 8 0 0 1 0 760 1 3 3 6
3 9 0 0 1 0 760 1 6 6 3
3 10 1 1 0 0 613 1 3 3 6
3 11 1 0 0 0 760 3 9 9 3
3 12 1 0 0 0 760 2 1 1 9
3 13 1 0 0 0 760 2 12 12 1
3 14 1 1 0 0 617 1 1 1 12
3 15 1 0 0 0 760 3 3 3 1
3 16 1 0 0 0 760 3 8 8 3
3 17 1 0 0 0 760 3 9 9 8
3 18 1 0 0 0 760 3 4 4 9
3 19 1 0 0 0 760 3 14 14 4
3 20 1 0 0 0 760 3 12 12 14
3 21 0 0 1 0 760 1 14 14 12
3 22 1 0 0 0 760 2 11 11 14
3 23 1 0 0 0 760 2 2 2 11
3 24 1 1 0 0 615 1 11 11 2
3 25 1 0 0 0 760 2 8 8 11
