1 1 1 0 0 0 760 3 9 9 0
1 2 1 0 0 0 760 1 8 8 9
1 3 1 0 0 0 760 2 8 8 8
1 4 1 0 0 0 760 2 11 11 8
1 5 1 0 0 0 760 3 13 13 11
1 6 1 0 0 0 760 2 4 4 13
1 7 1 0 0 0 760 2 15 15 4
1 8 0 0 1 0 760 1 4 4 15
1 9 1 0 0 0 760 3 13 13 4
1 10 1 0 0 0 760 2 5 5 13
1 11 1 0 0 0 760 3 7 7 5
1 12 1 0 0 0 760 2 12 12 7
1 13 0 0 1 0 760 1 7 7 12
1 14 0 0 1 0 760 1 12 12 7
1 15 1 0 0 0 760 2 11 11 12
1 16 0 0 1 0 760 1 12 12 11
1 17 1 0 0 0 760 3 15 15 12
1 18 0 0 1 0 760 1 12 12 15
1 19 1 0 0 0 760 2 14 14 12
1 20 1 0 0 0 760 3 11 11 14
1 21 1 0 0 0 760 3 7 7 11
1 22 0 0 1 0 760 1 11 11 7
1 23 1 0 0 0 760 2 8 8 11
1 24 1 1 0 0 701 1 11 11 8
1 25 1 1 0 0 645 1 8 8 11
2 1 1 0 0 0 760 2 5 5 8
2 2 1 0 0 0 760 3 4 4 5
2 3 1 1 0 0 563 1 5 5 4
2 4 0 0 1 0 760 1 4 4 5
2 5 1 0 0 0 760 2 14 14 4
2 6 1 0 0 0 760 3 15 15 14
2 7 0 0 1 0 760 1 14 14 15
2 8 1 1 0 0 619 1 15 15 14
2 9 1 0 0 0 760 3 1 1 15
2 10 1 0 0 0 760 2 4 4 1
2 11 1 1 0 0 670 1 1 1 4
2 12 1 0 0 0 760 2 2 2 1
2 13 1 0 0 0 760 3 10 10 2
2 14 0 0 1 0 760 1 2 2 10
2 15 1 0 0 0 760 3 5 5 2
2 16 1 0 0 0 760 3 9 9 5
2 17 0 0 1 0 760 1 5 5 9
2 18 1 0 0 0 760 3 8 8 5
2 19 1 0 0 0 760 2 8 8 8
2 20 1 1 0 0 591 1 8 8 8
2 21 0 0 1 0 760 1 8 8 8
2 22 1 0 0 0 760 2 6 6 8
2 23 1 0 0 0 760 3 1 1 6
2 24 0 0 1 0 760 1 6 6 1
2 25 1 0 0 0 760 3 10 10 6
3 1 1 0 0 0 760 3 3 3 10
3 2 1 0 0 0 760 2 15 15 3
3 3 0 0 1 0 760 1 3 3 15
3 4 1 0 0 0 760 2 10 10 3
3 5 0 0 1 0 760 1 3 3 10
3 6 0 0 1 0 760 1 10 10 3
3 7 1 0 0 0 760 2 10 10 10
3 8 1 1 0 0 470 1 10 10 10
3 9 1 0 0 0 760 3 9 9 10
3 10 1 1 0 0 534 1 10 10 9
3 11 1 1 0 0 610 1 9 9 10
3 12 1 0 0 0 760 3 14 14 9
3 13 0 0 1 0 760 1 9 9 14
3 14 0 0 1 0 760 1 14 14 9
3 15 1 0 0 0 760 2 4 4 14
3 16 1 1 0 0 615 1 14 14 4
3 17 0 0 1 0 760 1 4 4 14
3 18 1 0 0 0 760 2 5 5 4
3 19 1 0 0 0 760 2 13 13 5
3 20 1 1 0 0 547 1 5 5 13
3 21 1 0 0 0 760 2 15 15 5
3 22 1 0 0 0 760 3 6 6 15
3 23 0 0 1 0 760 1 15 15 6
3 24 0 0 0 1 729 3 5 5 15
3 25 1 0 0 0 760 2 3 3 5
