1 1 1 0 0 0 760 1 9 9 0
1 2 1 0 0 0 760 2 2 2 9
1 3 1 0 0 0 760 2 15 15 2
1 4 1 1 0 0 700 1 2 2 15
1 5 0 0 1 0 760 1 15 15 2
1 6 1 0 0 0 760 2 11 11 15
1 7 0 0 1 0 760 1 15 15 11
1 8 1 0 0 0 760 3 14 14 15
1 9 1 0 0 0 760 3 1 1 14
1 10 1 1 0 0 644 1 14 14 1
1 11 1 0 0 0 760 2 3 3 14
1 12 1 0 0 0 760 2 13 13 3
1 13 0 0 1 0 760 1 3 3 13
1 14 1 0 0 0 760 2 5 5 3
1 15 1 0 0 0 760 3 1 1 5
1 16 1 0 0 0 760 2 3 3 1
1 17 1 0 0 0 760 3 11 11 3
1 18 1 0 0 0 760 3 8 8 11
1 19 1 0 0 0 760 3 9 9 8
1 20 1 1 0 0 757 1 8 8 9
1 21 1 0 0 0 760 2 15 15 8
1 22 1 1 0 0 727 1 8 8 15
1 23 1 0 0 0 760 3 5 5 8
1 24 0 0 0 1 752 2 5 5 5
1 25 1 0 0 0 760 3 1 1 5
2 1 1 0 0 0 760 3 14 14 1
2 2 1 0 0 0 760 1 14 14 14
2 3 0 0 1 0 760 1 14 14 14
2 4 1 0 0 0 760 3 3 3 14
2 5 1 1 0 0 733 1 14 14 3
2 6 1 0 0 0 760 2 9 9 14
2 7 1 0 0 0 760 3 12 12 9
2 8 1 0 0 0 760 3 2 2 12
2 9 0 0 0 1 648 3 3 3 2
2 10 1 0 0 0 760 2 7 7 3
2 11 0 0 0 1 732 2 2 2 7
2 12 1 0 0 0 760 3 15 15 2
2 13 1 1 0 0 745 1 2 2 15
2 14 1 0 0 0 760 2 10 10 2
2 15 1 0 0 0 760 2 1 1 10
2 16 0 0 1 0 760 1 10 10 1
2 17 1 0 0 0 760 2 4 4 10
2 18 1 1 0 0 571 1 10 10 4
2 19 0 0 1 0 760 1 4 4 10
2 20 1 0 0 0 760 3 1 1 4
2 21 1 0 0 0 760 2 1 1 1
2 22 1 0 0 0 760 2 15 15 1
2 23 1 0 0 0 760 3 2 2 15
2 24 0 0 1 0 760 1 15 15 2
2 25 1 1 0 0 684 1 2 2 15
3 1 1 0 0 0 760 1 3 3 2
3 2 1 0 0 0 760 2 15 15 3
3 3 1 0 0 0 760 3 11 11 15
3 4 0 0 0 1 687 2 14 14 11
3 5 1 1 0 0 760 1 11 11 14
3 6 1 1 0 0 701 1 14 14 11
3 7 1 0 0 0 760 3 8 8 14
3 8 0 0 0 1 676 2 3 3 8
3 9 0 0 1 0 760 1 8 8 3
3 10 1 0 0 0 760 3 15 15 8
3 11 1 0 0 0 760 2 10 10 15
3 12 1 1 0 0 758 1 15 15 10
3 13 1 0 0 0 760 3 8 8 15
3 14 1 0 0 0 760 2 4 4 8
3 15 1 0 0 0 760 2 5 5 4
3 16 1 0 0 0 760 3 9 9 5
3 17 0 0 1 0 760 1 5 5 9
3 18 1 0 0 0 760 2 13 13 5
3 19 1 1 0 0 646 1 5 5 13
3 20 1 0 0 0 760 2 7 7 5
3 21 0 0 1 0 760 1 5 5 7
3 22 1 1 0 0 630 1 7 7 5
3 23 1 0 0 0 760 2 15 15 7
3 24 1 0 0 0 760 3 12 12 15
3 25 0 0 1 0 760 1 15 15 12
