1 1 1 0 0 0 760 3 6 6 0
1 2 1 0 0 0 760 1 3 3 6
1 3 1 0 0 0 760 3 8 8 3
1 4 0 0 1 0 760 1 3 3 8
1 5 1 1 0 0 657 1 8 8 3
1 6 1 0 0 0 760 3 13 13 8
1 7 0 0 1 0 760 1 8 8 13
1 8 1 0 0 0 760 3 12 12 8
1 9 1 0 0 0 760 3 13 13 12
1 10 1 0 0 0 760 2 9 9 13
1 11 1 0 0 0 760 3 12 12 9
1 12 1 0 0 0 760 3 3 3 12
1 13 1 0 0 0 760 3 5 5 3
1 14 1 0 0 0 760 2 15 15 5
1 15 1 0 0 0 760 2 10 10 15
1 16 1 0 0 0 760 2 7 7 10
1 17 1 0 0 0 760 2 9 9 7
1 18 1 0 0 0 760 3 11 11 9
1 19 1 0 0 0 760 3 6 6 11
1 20 1 0 0 0 760 2 8 8 6
1 21 1 0 0 0 760 2 12 12 8
1 22 1 0 0 0 760 2 4 4 12
1 23 1 0 0 0 760 3 7 7 4
1 24 1 0 0 0 760 3 9 9 7
1 25 1 0 0 0 760 2 8 8 9
2 1 1 0 0 0 760 3 13 13 8
2 2 1 0 0 0 760 3 6 6 13
2 3 1 1 0 0 629 1 13 13 6
2 4 0 0 1 0 760 1 6 6 13
2 5 1 1 0 0 629 1 13 13 6
2 6 1 0 0 0 760 2 11 11 13
2 7 1 0 0 0 760 3 2 2 11
2 8 1 0 0 0 760 3 8 8 2
2 9 1 0 0 0 760 2 9 9 8
2 10 0 0 1 0 760 1 8 8 9
2 11 1 0 0 0 760 2 6 6 8
2 12 1 0 0 0 760 3 3 3 6
2 13 1 0 0 0 760 2 5 5 3
2 14 1 1 0 0 684 1 3 3 5
2 15 1 1 0 0 652 1 5 5 3
2 16 1 0 0 0 760 2 12 12 5
2 17 0 0 1 0 760 1 5 5 12
2 18 1 0 0 0 760 2 5 5 5
2 19 1 0 0 0 760 2 1 1 5
2 20 0 0 1 0 760 1 5 5 1
2 21 0 0 1 0 760 1 1 1 5
2 22 0 0 0 1 691 3 1 1 1
2 23 0 0 1 0 760 1 1 1 1
2 24 1 0 0 0 760 3 12 12 1
2 25 0 0 1 0 760 1 1 1 12
3 1 1 0 0 0 760 3 1 1 1
3 2 1 0 0 0 760 2 12 12 1
3 3 1 0 0 0 760 3 7 7 12
3 4 1 0 0 0 760 2 2 2 7
3 5 1 0 0 0 760 3 15 15 2
3 6 1 0 0 0 760 2 12 12 15
3 7 1 0 0 0 760 3 7 7 12
3 8 1 0 0 0 760 2 9 9 7
3 9 1 0 0 0 760 3 14 14 9
3 10 0 0 1 0 760 1 9 9 14
3 11 1 0 0 0 760 2 12 12 9
3 12 1 0 0 0 760 2 8 8 12
3 13 1 0 0 0 760 3 10 10 8
3 14 1 0 0 0 760 2 9 9 10
3 15 1 0 0 0 760 3 14 14 9
3 16 1 0 0 0 760 3 15 15 14
3 17 0 0 1 0 760 1 14 14 15
3 18 1 0 0 0 760 2 2 2 14
3 19 1 0 0 0 760 3 11 11 2
3 20 1 0 0 0 760 2 8 8 11
3 21 1 0 0 0 760 2 14 14 8
3 22 1 1 0 0 615 1 8 8 14
3 23 1 0 0 0 760 2 7 7 8
3 24 1 1 0 0 675 1 8 8 7
3 25 1 0 0 0 760 2 14 14 8
