1 1 1 0 0 0 440 2 14 14 0
1 2 1 0 0 0 760 2 11 11 14
1 3 1 0 0 0 760 3 15 15 11
1 4 1 0 0 0 760 2 1 1 15
1 5 1 0 0 0 760 2 13 13 1
1 6 1 0 0 0 760 2 15 15 13
1 7 1 0 0 0 760 3 12 12 15
1 8 1 0 0 0 760 2 9 9 12
1 9 1 0 0 0 760 2 9 9 9
1 10 1 1 0 0 598 1 9 9 9
1 11 1 0 0 0 760 3 1 1 9
1 12 1 0 0 0 760 2 2 2 1
1 13 1 0 0 0 760 2 9 9 2
1 14 1 0 0 0 760 3 6 6 9
1 15 1 0 0 0 760 3 2 2 6
1 16 1 0 0 0 760 3 15 15 2
1 17 1 0 0 0 760 3 13 13 15
1 18 1 0 0 0 760 2 14 14 13
1 19 1 0 0 0 760 2 11 11 14
1 20 0 0 1 0 760 1 14 14 11
1 21 1 0 0 0 760 3 15 15 14
1 22 1 0 0 0 760 3 5 5 15
1 23 0 0 1 0 760 1 15 15 5
1 24 1 0 0 0 760 2 2 2 15
1 25 1 1 0 0 702 1 15 15 2
2 1 1 0 0 0 760 2 9 9 15
2 2 1 0 0 0 760 2 5 5 9
2 3 1 0 0 0 760 2 15 15 5
2 4 0 0 1 0 760 1 5 5 15
2 5 1 0 0 0 760 2 13 13 5
2 6 1 0 0 0 760 2 15 15 13
2 7 1 0 0 0 760 3 12 12 15
2 8 0 0 0 1 740 3 12 12 12
2 9 1 0 0 0 760 2 7 7 12
2 10 1 0 0 0 760 3 3 3 7
2 11 1 0 0 0 760 3 9 9 3
2 12 1 1 0 0 761 1 3 3 9
2 13 1 0 0 0 760 3 4 4 3
2 14 1 0 0 0 760 3 1 1 4
2 15 1 1 0 0 742 1 4 4 1
2 16 1 0 0 0 760 3 4 4 4
2 17 1 1 0 0 577 1 4 4 4
2 18 1 0 0 0 760 3 1 1 4
2 19 0 0 0 1 741 3 1 1 1
2 20 1 1 0 0 608 1 1 1 1
2 21 1 0 0 0 760 3 11 11 1
2 22 1 0 0 0 760 3 14 14 11
2 23 1 1 0 0 687 1 11 11 14
2 24 1 0 0 0 760 3 3 3 11
2 25 1 1 0 0 747 1 11 11 3
3 1 1 0 0 0 760 3 11 11 11
3 2 1 0 0 0 760 2 2 2 11
3 3 0 0 1 0 760 1 11 11 2
3 4 1 0 0 0 760 2 5 5 11
3 5 1 0 0 0 760 2 2 2 5
3 6 0 0 1 0 760 1 5 5 2
3 7 1 0 0 0 760 3 13 13 5
3 8 1 0 0 0 760 2 12 12 13
3 9 1 0 0 0 760 2 1 1 12
3 10 0 0 1 0 760 1 12 12 1
3 11 1 1 0 0 580 1 1 1 12
3 12 1 0 0 0 760 3 6 6 1
3 13 1 1 0 0 578 1 1 1 6
3 14 0 0 1 0 760 1 6 6 1
3 15 1 0 0 0 760 3 10 10 6
3 16 1 0 0 0 760 2 12 12 10
3 17 1 0 0 0 760 2 9 9 12
3 18 1 0 0 0 760 3 1 1 9
3 19 0 0 1 0 760 1 9 9 1
3 20 1 0 0 0 760 2 12 12 9
3 21 0 0 0 1 629 2 2 2 12
3 22 1 0 0 0 760 3 15 15 2
3 23 0 0 1 0 760 1 2 2 15
3 24 0 0 1 0 760 1 15 15 2
3 25 1 1 0 0 589 1 2 2 15
