1 1 1 0 0 0 760 2 15 15 0
1 2 1 0 0 0 760 1 3 3 15
1 3 1 0 0 0 760 3 13 13 3
1 4 0 0 1 0 760 1 3 3 13
1 5 1 0 0 0 760 2 2 2 3
1 6 1 1 0 0 663 1 3 3 2
1 7 1 0 0 0 760 2 13 13 3
1 8 0 0 1 0 760 1 3 3 13
1 9 1 1 0 0 755 1 13 13 3
1 10 1 0 0 0 760 2 15 15 13
1 11 1 1 0 0 702 1 13 13 15
1 12 0 0 1 0 760 1 15 15 13
1 13 1 0 0 0 760 3 4 4 15
1 14 0 0 0 1 627 3 4 4 4
1 15 1 0 0 0 760 2 12 12 4
1 16 1 0 0 0 760 2 14 14 12
1 17 1 0 0 0 760 3 9 9 14
1 18 1 0 0 0 760 3 7 7 9
1 19 1 0 0 0 760 3 4 4 7
1 20 1 0 0 0 760 2 11 11 4
1 21 1 0 0 0 760 2 7 7 11
1 22 1 0 0 0 760 3 14 14 7
1 23 1 0 0 0 760 2 4 4 14
1 24 1 0 0 0 760 2 2 2 4
1 25 0 0 1 0 760 1 4 4 2
2 1 1 0 0 0 760 1 14 14 4
2 2 1 0 0 0 760 2 8 8 14
2 3 0 0 1 0 760 1 14 14 8
2 4 1 1 0 0 653 1 8 8 14
2 5 1 0 0 0 760 2 2 2 8
2 6 1 0 0 0 760 2 15 15 2
2 7 1 0 0 0 760 3 3 3 15
2 8 1 0 0 0 760 3 2 2 3
2 9 1 0 0 0 760 2 11 11 2
2 10 1 1 0 0 661 1 2 2 11
2 11 1 0 0 0 760 3 14 14 2
2 12 1 0 0 0 760 3 14 14 14
2 13 1 0 0 0 760 3 11 11 14
2 14 1 0 0 0 760 2 5 5 11
2 15 1 0 0 0 760 3 15 15 5
2 16 1 0 0 0 760 3 7 7 15
2 17 1 0 0 0 760 2 8 8 7
2 18 1 0 0 0 760 2 8 8 8
2 19 1 0 0 0 760 2 4 4 8
2 20 1 0 0 0 760 2 15 15 4
2 21 0 0 1 0 760 1 4 4 15
2 22 1 1 0 0 756 1 15 15 4
2 23 1 0 0 0 760 2 15 15 15
2 24 1 0 0 0 760 2 5 5 15
2 25 1 0 0 0 760 2 9 9 5
3 1 1 0 0 0 760 1 9 9 9
3 2 1 0 0 0 760 2 15 15 9
3 3 1 0 0 0 760 3 2 2 15
3 4 1 0 0 0 760 2 14 14 2
3 5 1 0 0 0 760 2 4 4 14
3 6 1 0 0 0 760 3 13 13 4
3 7 1 0 0 0 760 2 12 12 13
3 8 0 0 1 0 760 1 13 13 12
3 9 0 0 0 1 612 2 13 13 13
3 10 0 0 1 0 760 1 13 13 13
3 11 1 0 0 0 760 2 11 11 13
3 12 1 0 0 0 760 3 4 4 11
3 13 0 0 1 0 760 1 11 11 4
3 14 1 1 0 0 751 1 4 4 11
3 15 1 1 0 0 668 1 11 11 4
3 16 1 0 0 0 760 3 10 10 11
3 17 1 0 0 0 760 3 5 5 10
3 18 1 0 0 0 760 2 12 12 5
3 19 1 1 0 0 551 1 5 5 12
3 20 1 0 0 0 760 3 11 11 5
3 21 0 0 1 0 760 1 5 5 11
3 22 1 0 0 0 760 2 4 4 5
3 23 1 0 0 0 760 3 14 14 4
3 24 0 0 0 1 748 2 12 12 14
3 25 0 0 0 1 666 2 12 12 12
