1 1 1 0 0 0 760 2 4 4 0
1 2 1 0 0 0 760 2 9 9 4
1 3 0 0 1 0 760 1 4 4 9
1 4 1 0 0 0 760 3 14 14 4
1 5 1 0 0 0 760 2 13 13 14
1 6 1 0 0 0 760 3 3 3 13
1 7 0 0 1 0 760 1 13 13 3
1 8 0 0 1 0 760 1 3 3 13
1 9 1 0 0 0 760 3 7 7 3
1 10 1 0 0 0 760 3 14 14 7
1 11 0 0 1 0 760 1 7 7 14
1 12 1 0 0 0 760 2 2 2 7
1 13 0 0 1 0 760 1 7 7 2
1 14 1 0 0 0 760 3 3 3 7
1 15 1 0 0 0 760 3 4 4 3
1 16 1 0 0 0 760 3 15 15 4
1 17 1 1 0 0 608 1 4 4 15
1 18 0 0 1 0 760 1 15 15 4
1 19 1 0 0 0 760 3 10 10 15
1 20 1 0 0 0 760 2 6 6 10
1 21 1 0 0 0 760 2 14 14 6
1 22 1 0 0 0 760 3 5 5 14
1 23 0 0 1 0 760 1 14 14 5
1 24 0 0 1 0 760 1 5 5 14
1 25 0 0 1 0 760 1 14 14 5
2 1 1 0 0 0 760 3 15 15 14
2 2 1 0 0 0 760 1 5 5 15
2 3 1 0 0 0 760 3 10 10 5
2 4 1 0 0 0 760 2 9 9 10
2 5 1 1 0 0 483 1 10 10 9
2 6 1 1 0 0 599 1 9 9 10
2 7 1 0 0 0 760 2 6 6 9
2 8 1 0 0 0 760 3 8 8 6
2 9 1 0 0 0 760 3 1 1 8
2 10 1 0 0 0 760 2 7 7 1
2 11 1 1 0 0 613 1 1 1 7
2 12 1 0 0 0 760 2 15 15 1
2 13 1 0 0 0 760 3 3 3 15
2 14 1 0 0 0 760 3 10 10 3
2 15 1 0 0 0 760 2 7 7 10
2 16 0 0 1 0 760 1 10 10 7
2 17 1 0 0 0 760 2 1 1 10
2 18 1 1 0 0 662 1 10 10 1
2 19 1 0 0 0 760 2 8 8 10
2 20 1 0 0 0 760 2 7 7 8
2 21 1 0 0 0 760 3 14 14 7
2 22 1 0 0 0 760 2 8 8 14
2 23 1 1 0 0 700 1 14 14 8
2 24 1 1 0 0 678 1 8 8 14
2 25 1 0 0 0 760 2 10 10 8
3 1 1 0 0 0 760 1 7 7 10
3 2 1 0 0 0 760 2 2 2 7
3 3 0 0 1 0 760 1 7 7 2
3 4 1 0 0 0 760 2 8 8 7
3 5 1 0 0 0 760 2 12 12 8
3 6 1 0 0 0 760 2 9 9 12
3 7 1 0 0 0 760 2 11 11 9
3 8 1 0 0 0 760 2 4 4 11
3 9 1 0 0 0 760 2 2 2 4
3 10 1 0 0 0 760 2 1 1 2
3 11 0 0 0 1 588 3 1 1 1
3 12 1 0 0 0 760 3 7 7 1
3 13 1 0 0 0 760 3 3 3 7
3 14 1 0 0 0 760 2 11 11 3
3 15 0 0 1 0 760 1 3 3 11
3 16 1 0 0 0 760 3 14 14 3
3 17 1 0 0 0 760 2 2 2 14
3 18 1 0 0 0 760 2 1 1 2
3 19 1 0 0 0 760 2 4 4 1
3 20 1 0 0 0 760 3 13 13 4
3 21 1 0 0 0 760 2 8 8 13
3 22 1 0 0 0 760 3 4 4 8
3 23 0 0 1 0 760 1 8 8 4
3 24 1 0 0 0 760 3 9 9 8
3 25 1 0 0 0 760 2 15 15 9
