1 1 1 0 0 0 760 2 7 7 0
1 2 1 0 0 0 760 3 12 12 7
1 3 0 0 1 0 760 1 7 7 12
1 4 1 0 0 0 760 3 9 9 7
1 5 1 0 0 0 760 3 3 3 9
1 6 1 1 0 0 602 1 9 9 3
1 7 1 0 0 0 760 3 4 4 9
1 8 1 0 0 0 760 3 4 4 4
1 9 1 1 0 0 616 1 4 4 4
1 10 1 0 0 0 760 2 1 1 4
1 11 1 0 0 0 760 3 12 12 1
1 12 1 0 0 0 760 2 15 15 12
1 13 1 0 0 0 760 2 2 2 15
1 14 1 0 0 0 760 2 3 3 2
1 15 1 0 0 0 760 2 5 5 3
1 16 1 0 0 0 760 2 8 8 5
1 17 0 0 1 0 760 1 5 5 8
1 18 1 0 0 0 760 3 1 1 5
1 19 1 0 0 0 760 3 7 7 1
1 20 1 0 0 0 760 2 6 6 7
1 21 1 1 0 0 714 1 7 7 6
1 22 1 0 0 0 760 3 3 3 7
1 23 1 0 0 0 760 2 1 1 3
1 24 1 0 0 0 760 2 2 2 1
1 25 0 0 1 0 760 1 1 1 2
2 1 1 0 0 0 760 1 7 7 1
2 2 1 0 0 0 760 3 13 13 7
2 3 1 0 0 0 760 3 3 3 13
2 4 1 1 0 0 647 1 13 13 3
2 5 1 0 0 0 760 2 13 13 13
2 6 1 1 0 0 598 1 13 13 13
2 7 1 0 0 0 760 2 5 5 13
2 8 1 0 0 0 760 3 1 1 5
2 9 0 0 1 0 760 1 5 5 1
2 10 1 0 0 0 760 2 3 3 5
2 11 1 0 0 0 760 3 4 4 3
2 12 1 1 0 0 597 1 3 3 4
2 13 1 0 0 0 760 2 11 11 3
2 14 1 0 0 0 760 2 7 7 11
2 15 1 0 0 0 760 2 8 8 7
2 16 1 0 0 0 760 2 10 10 8
2 17 1 0 0 0 760 3 1 1 10
2 18 0 0 1 0 760 1 10 10 1
2 19 1 0 0 0 760 2 6 6 10
2 20 1 0 0 0 760 3 5 5 6
2 21 1 1 0 0 610 1 6 6 5
2 22 1 1 0 0 644 1 5 5 6
2 23 1 1 0 0 569 1 6 6 5
2 24 1 1 0 0 526 1 5 5 6
2 25 1 0 0 0 760 2 14 14 5
3 1 1 0 0 0 760 2 8 8 14
3 2 1 0 0 0 760 2 1 1 8
3 3 1 1 0 0 685 1 8 8 1
3 4 1 0 0 0 760 3 12 12 8
3 5 1 0 0 0 760 3 4 4 12
3 6 1 0 0 0 760 2 1 1 4
3 7 1 0 0 0 760 3 12 12 1
3 8 1 0 0 0 760 2 9 9 12
3 9 1 1 0 0 658 1 12 12 9
3 10 1 0 0 0 760 2 4 4 12
3 11 1 0 0 0 760 2 11 11 4
3 12 1 1 0 0 625 1 4 4 11
3 13 1 0 0 0 760 3 7 7 4
3 14 1 0 0 0 760 3 13 13 7
3 15 0 0 1 0 760 1 7 7 13
3 16 1 0 0 0 760 3 8 8 7
3 17 1 0 0 0 760 2 15 15 8
3 18 1 1 0 0 715 1 8 8 15
3 19 1 0 0 0 760 3 4 4 8
3 20 1 1 0 0 597 1 8 8 4
3 21 1 0 0 0 760 3 6 6 8
3 22 1 0 0 0 760 2 4 4 6
3 23 1 1 0 0 505 1 6 6 4
3 24 1 0 0 0 760 3 14 14 6
3 25 1 0 0 0 760 3 2 2 14
