1 1 1 0 0 0 760 3 13 13 0
1 2 1 0 0 0 760 3 6 6 13
1 3 0 0 1 0 760 1 13 13 6
1 4 1 0 0 0 760 3 10 10 13
1 5 1 0 0 0 760 2 5 5 10
1 6 0 0 1 0 760 1 10 10 5
1 7 0 0 1 0 760 1 5 5 10
1 8 1 0 0 0 760 2 8 8 5
1 9 1 0 0 0 760 2 2 2 8
1 10 1 0 0 0 760 3 1 1 2
1 11 1 0 0 0 760 3 11 11 1
1 12 1 0 0 0 760 2 5 5 11
1 13 0 0 1 0 760 1 11 11 5
1 14 1 0 0 0 760 2 15 15 11
1 15 0 0 1 0 760 1 11 11 15
1 16 0 0 1 0 760 1 15 15 11
1 17 0 0 1 0 760 1 11 11 15
1 18 1 0 0 0 760 2 7 7 11
1 19 1 0 0 0 760 3 3 3 7
1 20 1 0 0 0 760 3 8 8 3
1 21 1 0 0 0 760 2 15 15 8
1 22 0 0 1 0 760 1 8 8 15
1 23 1 0 0 0 760 3 14 14 8
1 24 1 0 0 0 760 2 13 13 14
1 25 0 0 1 0 760 1 14 14 13
2 1 1 0 0 0 760 3 4 4 14
2 2 1 0 0 0 760 1 4 4 4
2 3 1 0 0 0 760 3 12 12 4
2 4 1 0 0 0 760 3 7 7 12
2 5 1 1 0 0 707 1 12 12 7
2 6 1 0 0 0 760 2 5 5 12
2 7 1 1 0 0 522 1 12 12 5
2 8 1 0 0 0 760 2 10 10 12
2 9 1 0 0 0 760 3 15 15 10
2 10 1 1 0 0 604 1 10 10 15
2 11 1 0 0 0 760 3 13 13 10
2 12 1 0 0 0 760 3 9 9 13
2 13 1 0 0 0 760 3 9 9 9
2 14 1 0 0 0 760 3 12 12 9
2 15 1 0 0 0 760 3 15 15 12
2 16 1 0 0 0 760 2 6 6 15
2 17 1 0 0 0 760 2 12 12 6
2 18 0 0 1 0 760 1 6 6 12
2 19 1 0 0 0 760 2 14 14 6
2 20 1 1 0 0 526 1 6 6 14
2 21 1 1 0 0 627 1 14 14 6
2 22 1 0 0 0 760 2 14 14 14
2 23 1 0 0 0 760 3 9 9 14
2 24 1 1 0 0 576 1 14 14 9
2 25 1 0 0 0 760 3 5 5 14
3 1 1 0 0 0 760 2 8 8 5
3 2 1 0 0 0 760 1 11 11 8
3 3 1 1 0 0 699 1 8 8 11
3 4 1 0 0 0 760 3 3 3 8
3 5 1 0 0 0 760 3 6 6 3
3 6 1 0 0 0 760 3 13 13 6
3 7 1 0 0 0 760 3 9 9 13
3 8 0 0 1 0 760 1 13 13 9
3 9 0 0 1 0 760 1 9 9 13
3 10 1 0 0 0 760 2 5 5 9
3 11 1 0 0 0 760 3 11 11 5
3 12 1 0 0 0 760 2 7 7 11
3 13 1 0 0 0 760 3 1 1 7
3 14 1 0 0 0 760 2 8 8 1
3 15 1 0 0 0 760 2 10 10 8
3 16 0 0 1 0 760 1 8 8 10
3 17 1 0 0 0 760 3 15 15 8
3 18 1 0 0 0 760 2 10 10 15
3 19 1 0 0 0 760 3 14 14 10
3 20 1 0 0 0 760 3 2 2 14
3 21 1 0 0 0 760 3 10 10 2
3 22 1 0 0 0 760 2 5 5 10
3 23 0 0 1 0 760 1 10 10 5
3 24 1 0 0 0 760 3 13 13 10
3 25 1 1 0 0 545 1 10 10 13
