1 1 1 0 0 0 760 2 11 11 0
1 2 1 0 0 0 760 2 5 5 11
1 3 1 0 0 0 760 2 2 2 5
1 4 1 0 0 0 760 2 12 12 2
1 5 0 0 1 0 760 1 2 2 12
1 6 1 0 0 0 760 3 11 11 2
1 7 1 0 0 0 760 3 9 9 11
1 8 0 0 1 0 760 1 11 11 9
1 9 1 0 0 0 760 3 4 4 11
1 10 1 1 0 0 529 1 11 11 4
1 11 0 0 0 1 623 2 11 11 11
1 12 1 1 0 0 584 1 11 11 11
1 13 1 0 0 0 760 3 10 10 11
1 14 1 0 0 0 760 2 15 15 10
1 15 0 0 1 0 760 1 10 10 15
1 16 0 0 0 1 651 3 7 7 10
1 17 1 0 0 0 760 2 4 4 7
1 18 1 0 0 0 760 3 11 11 4
1 19 1 1 0 0 619 1 4 4 11
1 20 0 0 0 1 569 2 4 4 4
1 21 0 0 0 1 95 3 8 8 4
1 22 0 0 0 1 202 2 12 12 8
1 23 0 0 0 1 195 2 3 3 12
1 24 1 0 0 0 760 2 6 6 3
1 25 0 0 1 0 760 1 3 3 6
2 1 1 0 0 0 760 2 2 2 3
2 2 1 0 0 0 760 3 10 10 2
2 3 1 1 0 0 454 1 2 2 10
2 4 1 0 0 0 760 3 2 2 2
2 5 1 0 0 0 760 2 15 15 2
2 6 1 0 0 0 760 3 4 4 15
2 7 1 0 0 0 760 3 2 2 4
2 8 1 0 0 0 760 2 12 12 2
2 9 1 0 0 0 760 2 5 5 12
2 10 1 1 0 0 545 1 12 12 5
2 11 1 1 0 0 693 1 5 5 12
2 12 1 1 0 0 612 1 12 12 5
2 13 1 0 0 0 760 2 15 15 12
2 14 1 0 0 0 760 2 7 7 15
2 15 1 0 0 0 760 2 1 1 7
2 16 1 1 0 0 633 1 7 7 1
2 17 1 0 0 0 760 3 9 9 7
2 18 1 0 0 0 760 2 2 2 9
2 19 1 1 0 0 592 1 9 9 2
2 20 1 1 0 0 542 1 2 2 9
2 21 1 1 0 0 584 1 9 9 2
2 22 1 0 0 0 760 3 7 7 9
2 23 1 0 0 0 760 3 2 2 7
2 24 1 0 0 0 760 3 5 5 2
2 25 1 0 0 0 760 3 5 5 5
3 1 1 0 0 0 760 3 10 10 5
3 2 1 0 0 0 760 2 2 2 10
3 3 1 0 0 0 760 2 14 14 2
3 4 1 0 0 0 760 3 8 8 14
3 5 1 1 0 0 670 1 14 14 8
3 6 1 1 0 0 556 1 8 8 14
3 7 1 0 0 0 760 2 13 13 8
3 8 1 1 0 0 668 1 8 8 13
3 9 1 0 0 0 760 2 2 2 8
3 10 1 0 0 0 760 2 7 7 2
3 11 1 1 0 0 596 1 2 2 7
3 12 1 0 0 0 760 3 9 9 2
3 13 1 0 0 0 760 3 6 6 9
3 14 1 0 0 0 760 3 8 8 6
3 15 1 0 0 0 760 2 7 7 8
3 16 1 0 0 0 760 2 5 5 7
3 17 1 0 0 0 760 2 3 3 5
3 18 1 1 0 0 550 1 5 5 3
3 19 1 0 0 0 760 3 2 2 5
3 20 1 1 0 0 581 1 5 5 2
3 21 1 0 0 0 760 3 4 4 5
3 22 1 1 0 0 506 1 5 5 4
3 23 1 1 0 0 565 1 4 4 5
3 24 1 0 0 0 760 3 6 6 4
3 25 1 0 0 0 760 2 5 5 6
