1 1 1 0 0 0 760 3 14 14 0
1 2 1 0 0 0 760 3 6 6 14
1 3 1 1 0 0 747 1 14 14 6
1 4 1 0 0 0 760 3 1 1 14
1 5 1 0 0 0 760 2 2 2 1
1 6 1 0 0 0 760 2 4 4 2
1 7 1 0 0 0 760 2 1 1 4
1 8 0 0 0 1 612 2 1 1 1
1 9 1 0 0 0 760 3 3 3 1
1 10 1 0 0 0 760 3 13 13 3
1 11 0 0 1 0 760 1 3 3 13
1 12 1 0 0 0 760 3 5 5 3
1 13 1 0 0 0 760 3 13 13 5
1 14 1 0 0 0 760 2 14 14 13
1 15 1 0 0 0 760 3 3 3 14
1 16 0 0 1 0 760 1 14 14 3
1 17 0 0 1 0 760 1 3 3 14
1 18 1 1 0 0 578 1 14 14 3
1 19 1 0 0 0 760 2 8 8 14
1 20 1 0 0 0 760 2 10 10 8
1 21 1 0 0 0 760 3 9 9 10
1 22 0 0 1 0 760 1 10 10 9
1 23 1 0 0 0 760 2 12 12 10
1 24 0 0 1 0 760 1 10 10 12
1 25 1 0 0 0 760 2 13 13 10
2 1 1 0 0 0 760 3 13 13 13
2 2 1 0 0 0 760 1 15 15 13
2 3 1 0 0 0 760 2 2 2 15
2 4 1 0 0 0 760 2 11 11 2
2 5 1 1 0 0 661 1 2 2 11
2 6 0 0 0 1 686 2 2 2 2
2 7 1 0 0 0 760 3 13 13 2
2 8 1 0 0 0 760 2 5 5 13
2 9 1 0 0 0 760 2 6 6 5
2 10 1 1 0 0 735 1 5 5 6
2 11 0 0 0 1 691 2 5 5 5
2 12 1 1 0 0 577 1 5 5 5
2 13 1 0 0 0 760 2 9 9 5
2 14 1 0 0 0 760 2 13 13 9
2 15 1 0 0 0 760 2 10 10 13
2 16 1 0 0 0 760 2 15 15 10
2 17 1 1 0 0 730 1 10 10 15
2 18 1 0 0 0 760 3 9 9 10
2 19 1 0 0 0 760 2 5 5 9
2 20 1 0 0 0 760 2 7 7 5
2 21 0 0 1 0 760 1 5 5 7
2 22 0 0 1 0 760 1 7 7 5
2 23 0 0 0 1 612 2 7 7 7
2 24 1 0 0 0 760 2 2 2 7
2 25 1 1 0 0 569 1 7 7 2
3 1 1 0 0 0 760 1 5 5 7
3 2 1 0 0 0 760 2 9 9 5
3 3 1 0 0 0 760 2 6 6 9
3 4 0 0 0 1 730 3 6 6 6
3 5 1 0 0 0 760 2 9 9 6
3 6 1 0 0 0 760 2 1 1 9
3 7 1 0 0 0 760 3 2 2 1
3 8 0 0 0 1 570 3 2 2 2
3 9 1 0 0 0 760 2 6 6 2
3 10 1 0 0 0 760 2 1 1 6
3 11 1 0 0 0 760 3 3 3 1
3 12 1 0 0 0 760 3 3 3 3
3 13 1 0 0 0 760 3 6 6 3
3 14 1 1 0 0 536 1 3 3 6
3 15 1 0 0 0 760 3 9 9 3
3 16 1 0 0 0 760 3 2 2 9
3 17 1 0 0 0 760 3 14 14 2
3 18 0 0 1 0 760 1 2 2 14
3 19 1 1 0 0 747 1 14 14 2
3 20 0 0 1 0 760 1 2 2 14
3 21 1 1 0 0 667 1 14 14 2
3 22 1 1 0 0 649 1 2 2 14
3 23 1 1 0 0 656 1 14 14 2
3 24 1 0 0 0 760 3 6 6 14
3 25 1 0 0 0 760 3 4 4 6
