1 1 1 0 0 0 760 1 4 4 0
1 2 1 0 0 0 760 1 12 12 4
1 3 1 0 0 0 760 2 14 14 12
1 4 0 0 1 0 760 1 12 12 14
1 5 1 0 0 0 760 3 3 3 12
1 6 1 0 0 0 760 3 14 14 3
1 7 1 0 0 0 760 3 8 8 14
1 8 1 0 0 0 760 2 11 11 8
1 9 1 0 0 0 760 2 5 5 11
1 10 1 1 0 0 641 1 11 11 5
1 11 1 1 0 0 681 1 5 5 11
1 12 1 0 0 0 760 3 5 5 5
1 13 1 0 0 0 760 2 10 10 5
1 14 1 1 0 0 755 1 5 5 10
1 15 0 0 1 0 760 1 10 10 5
1 16 1 0 0 0 760 3 9 9 10
1 17 0 0 1 0 760 1 10 10 9
1 18 1 0 0 0 760 3 10 10 10
1 19 1 0 0 0 760 2 3 3 10
1 20 1 1 0 0 653 1 10 10 3
1 21 1 0 0 0 760 2 12 12 10
1 22 1 0 0 0 760 3 15 15 12
1 23 0 0 1 0 760 1 12 12 15
1 24 1 0 0 0 760 2 5 5 12
1 25 1 1 0 0 662 1 12 12 5
2 1 1 0 0 0 760 2 4 4 12
2 2 1 0 0 0 760 2 8 8 4
2 3 1 0 0 0 760 2 2 2 8
2 4 1 0 0 0 760 3 12 12 2
2 5 0 0 1 0 760 1 2 2 12
2 6 0 0 1 0 760 1 12 12 2
2 7 1 0 0 0 760 3 11 11 12
2 8 1 1 0 0 727 1 12 12 11
2 9 1 0 0 0 760 2 9 9 12
2 10 1 0 0 0 760 2 2 2 9
2 11 0 0 0 1 644 2 2 2 2
2 12 1 0 0 0 760 3 1 1 2
2 13 1 0 0 0 760 3 4 4 1
2 14 0 0 0 1 736 2 2 2 4
2 15 1 0 0 0 760 3 8 8 2
2 16 0 0 1 0 760 1 2 2 8
2 17 1 0 0 0 760 2 14 14 2
2 18 1 0 0 0 760 2 15 15 14
2 19 0 0 1 0 760 1 14 14 15
2 20 1 0 0 0 760 2 9 9 14
2 21 1 0 0 0 760 2 6 6 9
2 22 1 1 0 0 634 1 9 9 6
2 23 1 0 0 0 760 3 5 5 9
2 24 1 0 0 0 760 3 1 1 5
2 25 1 0 0 0 760 2 4 4 1
3 1 1 0 0 0 760 2 8 8 4
3 2 1 0 0 0 760 2 1 1 8
3 3 1 0 0 0 760 3 14 14 1
3 4 1 0 0 0 760 2 15 15 14
3 5 1 0 0 0 760 2 9 9 15
3 6 1 0 0 0 760 3 14 14 9
3 7 1 0 0 0 760 2 7 7 14
3 8 1 0 0 0 760 2 13 13 7
3 9 1 0 0 0 760 2 3 3 13
3 10 0 0 1 0 760 1 13 13 3
3 11 1 0 0 0 760 2 4 4 13
3 12 1 0 0 0 760 2 1 1 4
3 13 1 0 0 0 760 3 3 3 1
3 14 1 0 0 0 760 2 5 5 3
3 15 1 0 0 0 760 3 10 10 5
3 16 1 0 0 0 760 2 1 1 10
3 17 0 0 1 0 760 1 10 10 1
3 18 1 0 0 0 760 2 9 9 10
3 19 1 1 0 0 751 1 10 10 9
3 20 1 0 0 0 760 2 14 14 10
3 21 1 0 0 0 760 2 5 5 14
3 22 1 0 0 0 760 2 6 6 5
3 23 0 0 1 0 760 1 5 5 6
3 24 1 0 0 0 760 2 2 2 5
3 25 1 0 0 0 760 2 9 9 2
