1 1 1 0 0 0 760 2 5 5 0
1 2 1 0 0 0 760 3 3 3 5
1 3 1 0 0 0 760 3 10 10 3
1 4 1 0 0 0 760 3 11 11 10
1 5 1 0 0 0 760 2 9 9 11
1 6 0 0 1 0 760 1 11 11 9
1 7 0 0 1 0 760 1 9 9 11
1 8 1 0 0 0 760 3 5 5 9
1 9 1 0 0 0 760 2 8 8 5
1 10 1 0 0 0 760 3 10 10 8
1 11 1 1 0 0 654 1 8 8 10
1 12 1 0 0 0 760 3 13 13 8
1 13 1 0 0 0 760 2 15 15 13
1 14 0 0 1 0 760 1 13 13 15
1 15 0 0 1 0 760 1 15 15 13
1 16 1 0 0 0 760 2 10 10 15
1 17 0 0 0 1 692 2 10 10 10
1 18 1 0 0 0 760 2 7 7 10
1 19 1 1 0 0 692 1 10 10 7
1 20 1 0 0 0 760 2 14 14 10
1 21 1 0 0 0 760 2 9 9 14
1 22 0 0 1 0 760 1 14 14 9
1 23 0 0 1 0 760 1 9 9 14
1 24 1 1 0 0 674 1 14 14 9
1 25 0 0 0 1 633 3 14 14 14
2 1 1 0 0 0 760 1 13 13 14
2 2 1 0 0 0 760 3 11 11 13
2 3 1 0 0 0 760 3 14 14 11
2 4 1 1 0 0 685 1 11 11 14
2 5 1 0 0 0 760 3 5 5 11
2 6 1 0 0 0 760 2 13 13 5
2 7 0 0 1 0 760 1 5 5 13
2 8 0 0 1 0 760 1 13 13 5
2 9 1 0 0 0 760 2 15 15 13
2 10 1 0 0 0 760 3 8 8 15
2 11 1 0 0 0 760 2 7 7 8
2 12 1 1 0 0 701 1 8 8 7
2 13 1 1 0 0 670 1 7 7 8
2 14 1 0 0 0 760 2 1 1 7
2 15 1 1 0 0 591 1 7 7 1
2 16 1 0 0 0 760 2 5 5 7
2 17 1 0 0 0 760 3 13 13 5
2 18 0 0 0 1 690 3 13 13 13
2 19 1 1 0 0 673 1 13 13 13
2 20 1 0 0 0 760 3 7 7 13
2 21 0 0 1 0 760 1 13 13 7
2 22 1 1 0 0 548 1 7 7 13
2 23 1 0 0 0 760 2 10 10 7
2 24 1 0 0 0 760 2 8 8 10
2 25 0 0 1 0 760 1 10 10 8
3 1 1 0 0 0 760 2 7 7 10
3 2 1 0 0 0 760 1 15 15 7
3 3 1 0 0 0 760 3 8 8 15
3 4 1 0 0 0 760 2 5 5 8
3 5 1 0 0 0 760 3 11 11 5
3 6 1 0 0 0 760 2 8 8 11
3 7 1 0 0 0 760 3 6 6 8
3 8 1 0 0 0 760 3 12 12 6
3 9 1 0 0 0 760 3 13 13 12
3 10 1 0 0 0 760 2 8 8 13
3 11 1 0 0 0 760 2 2 2 8
3 12 1 0 0 0 760 2 12 12 2
3 13 0 0 1 0 760 1 2 2 12
3 14 0 0 1 0 760 1 12 12 2
3 15 1 0 0 0 760 2 7 7 12
3 16 1 0 0 0 760 2 5 5 7
3 17 1 0 0 0 760 2 11 11 5
3 18 1 0 0 0 760 3 9 9 11
3 19 1 0 0 0 760 2 12 12 9
3 20 1 1 0 0 661 1 9 9 12
3 21 1 1 0 0 735 1 12 12 9
3 22 0 0 0 1 629 3 11 11 12
3 23 1 0 0 0 760 2 6 6 11
3 24 1 0 0 0 760 3 12 12 6
3 25 1 0 0 0 760 2 15 15 12
