1 1 1 0 0 0 760 1 12 12 0
1 2 1 0 0 0 760 1 5 5 12
1 3 1 0 0 0 760 2 13 13 5
1 4 0 0 1 0 760 1 5 5 13
1 5 1 0 0 0 760 3 15 15 5
1 6 1 0 0 0 760 2 13 13 15
1 7 1 0 0 0 760 3 2 2 13
1 8 0 0 0 1 597 3 2 2 2
1 9 1 0 0 0 760 2 4 4 2
1 10 1 0 0 0 760 3 10 10 4
1 11 1 1 0 0 758 1 4 4 10
1 12 1 0 0 0 760 2 3 3 4
1 13 0 0 1 0 760 1 4 4 3
1 14 1 0 0 0 760 3 7 7 4
1 15 1 0 0 0 760 3 13 13 7
1 16 0 0 1 0 760 1 7 7 13
1 17 1 0 0 0 760 2 11 11 7
1 18 0 0 0 1 722 2 9 9 11
1 19 1 0 0 0 760 3 4 4 9
1 20 0 0 1 0 760 1 9 9 4
1 21 1 0 0 0 760 3 9 9 9
1 22 1 1 0 0 556 1 9 9 9
1 23 1 0 0 0 760 3 10 10 9
1 24 1 1 0 0 702 1 9 9 10
1 25 0 0 1 0 760 1 10 10 9
2 1 1 0 0 0 760 3 1 1 10
2 2 1 0 0 0 760 1 6 6 1
2 3 1 0 0 0 760 3 5 5 6
2 4 1 0 0 0 760 3 2 2 5
2 5 1 1 0 0 528 1 5 5 2
2 6 1 0 0 0 760 3 13 13 5
2 7 1 0 0 0 760 2 11 11 13
2 8 1 0 0 0 760 2 15 15 11
2 9 1 0 0 0 760 3 7 7 15
2 10 1 0 0 0 760 3 14 14 7
2 11 1 1 0 0 549 1 7 7 14
2 12 1 0 0 0 760 3 10 10 7
2 13 1 1 0 0 676 1 7 7 10
2 14 1 1 0 0 722 1 10 10 7
2 15 1 1 0 0 667 1 7 7 10
2 16 1 1 0 0 581 1 10 10 7
2 17 1 0 0 0 760 2 3 3 10
2 18 1 1 0 0 697 1 10 10 3
2 19 1 0 0 0 760 3 4 4 10
2 20 1 1 0 0 505 1 10 10 4
2 21 1 0 0 0 760 2 7 7 10
2 22 1 1 0 0 615 1 10 10 7
2 23 1 0 0 0 760 3 12 12 10
2 24 1 0 0 0 760 3 14 14 12
2 25 1 0 0 0 760 3 3 3 14
3 1 1 0 0 0 760 2 9 9 3
3 2 1 0 0 0 760 3 1 1 9
3 3 1 0 0 0 760 3 2 2 1
3 4 1 1 0 0 760 1 1 1 2
3 5 1 1 0 0 743 1 2 2 1
3 6 1 0 0 0 760 2 9 9 2
3 7 0 0 0 1 717 3 1 1 9
3 8 0 0 0 1 660 2 2 2 1
3 9 1 0 0 0 760 2 13 13 2
3 10 1 0 0 0 760 2 5 5 13
3 11 0 0 1 0 760 1 13 13 5
3 12 0 0 0 1 715 2 13 13 13
3 13 1 0 0 0 760 2 14 14 13
3 14 1 0 0 0 760 3 8 8 14
3 15 1 0 0 0 760 2 5 5 8
3 16 1 0 0 0 760 3 1 1 5
3 17 1 0 0 0 760 2 9 9 1
3 18 0 0 0 1 654 2 8 8 9
3 19 1 1 0 0 740 1 9 9 8
3 20 0 0 1 0 760 1 8 8 9
3 21 1 0 0 0 760 2 2 2 8
3 22 1 1 0 0 586 1 8 8 2
3 23 1 0 0 0 760 2 5 5 8
3 24 1 0 0 0 760 3 15 15 5
3 25 0 0 0 1 627 3 15 15 15
