1 1 1 0 0 0 760 1 12 12 0
1 2 1 0 0 0 760 2 14 14 12
1 3 1 1 0 0 496 1 12 12 14
1 4 1 0 0 0 760 2 1 1 12
1 5 1 0 0 0 760 2 9 9 1
1 6 1 1 0 0 711 1 1 1 9
1 7 1 0 0 0 760 3 12 12 1
1 8 1 0 0 0 760 3 6 6 12
1 9 1 0 0 0 760 2 2 2 6
1 10 1 0 0 0 760 3 3 3 2
1 11 1 0 0 0 760 3 10 10 3
1 12 1 0 0 0 760 2 9 9 10
1 13 1 0 0 0 760 2 12 12 9
1 14 1 1 0 0 592 1 9 9 12
1 15 1 1 0 0 542 1 12 12 9
1 16 1 1 0 0 616 1 9 9 12
1 17 1 0 0 0 760 2 2 2 9
1 18 1 0 0 0 760 3 7 7 2
1 19 1 1 0 0 621 1 2 2 7
1 20 1 0 0 0 760 2 11 11 2
1 21 1 1 0 0 622 1 2 2 11
1 22 1 0 0 0 760 2 7 7 2
1 23 1 0 0 0 760 3 12 12 7
1 24 1 1 0 0 614 1 7 7 12
1 25 1 0 0 0 760 3 10 10 7
2 1 1 0 0 0 760 1 13 13 10
2 2 1 0 0 0 760 1 12 12 13
2 3 0 0 1 0 760 1 13 13 12
2 4 1 1 0 0 489 1 12 12 13
2 5 1 0 0 0 760 3 7 7 12
2 6 1 0 0 0 760 3 4 4 7
2 7 1 0 0 0 760 2 2 2 4
2 8 1 1 0 0 538 1 4 4 2
2 9 1 0 0 0 760 3 10 10 4
2 10 1 0 0 0 760 2 1 1 10
2 11 1 0 0 0 760 3 2 2 1
2 12 1 0 0 0 760 3 12 12 2
2 13 1 0 0 0 760 3 11 11 12
2 14 1 0 0 0 760 3 9 9 11
2 15 1 0 0 0 760 2 4 4 9
2 16 1 0 0 0 760 2 8 8 4
2 17 1 0 0 0 760 2 14 14 8
2 18 0 0 1 0 760 1 8 8 14
2 19 0 0 1 0 760 1 14 14 8
2 20 1 0 0 0 760 3 12 12 14
2 21 1 0 0 0 760 3 13 13 12
2 22 1 0 0 0 760 2 6 6 13
2 23 1 1 0 0 510 1 13 13 6
2 24 1 0 0 0 760 3 1 1 13
2 25 1 0 0 0 760 3 12 12 1
3 1 1 0 0 0 760 1 3 3 12
3 2 1 0 0 0 760 1 5 5 3
3 3 1 0 0 0 760 3 13 13 5
3 4 1 0 0 0 760 3 13 13 13
3 5 1 0 0 0 760 2 6 6 13
3 6 1 0 0 0 760 2 14 14 6
3 7 1 0 0 0 760 3 1 1 14
3 8 1 1 0 0 507 1 14 14 1
3 9 1 0 0 0 760 2 7 7 14
3 10 1 0 0 0 760 2 10 10 7
3 11 1 0 0 0 760 3 2 2 10
3 12 1 0 0 0 760 2 5 5 2
3 13 1 0 0 0 760 2 11 11 5
3 14 1 0 0 0 760 3 9 9 11
3 15 1 1 0 0 521 1 11 11 9
3 16 1 0 0 0 760 3 14 14 11
3 17 1 0 0 0 760 2 6 6 14
3 18 1 0 0 0 760 3 3 3 6
3 19 0 0 0 1 695 3 3 3 3
3 20 1 1 0 0 571 1 3 3 3
3 21 1 0 0 0 760 2 9 9 3
3 22 0 0 1 0 760 1 3 3 9
3 23 1 0 0 0 760 2 13 13 3
3 24 1 0 0 0 760 3 5 5 13
3 25 1 1 0 0 528 1 13 13 5
