1 1 1 0 0 0 760 1 12 12 0
1 2 1 0 0 0 760 3 15 15 12
1 3 1 0 0 0 760 3 6 6 15
1 4 1 0 0 0 760 2 5 5 6
1 5 1 0 0 0 760 2 14 14 5
1 6 1 0 0 0 760 3 4 4 14
1 7 1 1 0 0 637 1 14 14 4
1 8 1 1 0 0 648 1 4 4 14
1 9 0 0 1 0 760 1 14 14 4
1 10 1 0 0 0 760 3 8 8 14
1 11 1 0 0 0 760 2 3 3 8
1 12 1 0 0 0 760 3 6 6 3
1 13 1 0 0 0 760 3 10 10 6
1 14 1 0 0 0 760 3 5 5 10
1 15 1 0 0 0 760 2 3 3 5
1 16 0 0 1 0 760 1 5 5 3
1 17 1 0 0 0 760 2 1 1 5
1 18 1 0 0 0 760 2 13 13 1
1 19 0 0 1 0 760 1 1 1 13
1 20 1 0 0 0 760 2 2 2 1
1 21 1 0 0 0 760 3 8 8 2
1 22 0 0 1 0 760 1 2 2 8
1 23 1 0 0 0 760 3 4 4 2
1 24 1 0 0 0 760 2 15 15 4
1 25 0 0 1 0 760 1 4 4 15
2 1 1 0 0 0 760 1 9 9 4
2 2 1 0 0 0 760 1 9 9 9
2 3 1 0 0 0 760 3 2 2 9
2 4 1 0 0 0 760 2 2 2 2
2 5 1 0 0 0 760 2 12 12 2
2 6 1 0 0 0 760 3 11 11 12
2 7 1 0 0 0 760 2 8 8 11
2 8 1 0 0 0 760 3 13 13 8
2 9 1 0 0 0 760 3 12 12 13
2 10 1 0 0 0 760 3 6 6 12
2 11 1 0 0 0 760 3 2 2 6
2 12 1 0 0 0 760 3 8 8 2
2 13 1 1 0 0 690 1 2 2 8
2 14 1 1 0 0 585 1 8 8 2
2 15 1 0 0 0 760 3 7 7 8
2 16 1 1 0 0 507 1 8 8 7
2 17 0 0 1 0 760 1 7 7 8
2 18 0 0 1 0 760 1 8 8 7
2 19 1 0 0 0 760 2 14 14 8
2 20 0 0 1 0 760 1 8 8 14
2 21 1 0 0 0 760 2 11 11 8
2 22 1 0 0 0 760 3 4 4 11
2 23 1 0 0 0 760 2 9 9 4
2 24 1 0 0 0 760 2 6 6 9
2 25 1 0 0 0 760 3 2 2 6
3 1 1 0 0 0 760 2 11 11 2
3 2 1 0 0 0 760 3 7 7 11
3 3 1 0 0 0 760 3 9 9 7
3 4 1 0 0 0 760 3 1 1 9
3 5 1 0 0 0 760 2 14 14 1
3 6 1 0 0 0 760 2 12 12 14
3 7 1 0 0 0 760 3 11 11 12
3 8 1 0 0 0 760 2 4 4 11
3 9 1 0 0 0 760 2 2 2 4
3 10 1 0 0 0 760 3 14 14 2
3 11 1 0 0 0 760 3 15 15 14
3 12 1 0 0 0 760 3 1 1 15
3 13 0 0 1 0 760 1 15 15 1
3 14 0 0 1 0 760 1 1 1 15
3 15 0 0 1 0 760 1 15 15 1
3 16 1 0 0 0 760 2 3 3 15
3 17 0 0 1 0 760 1 15 15 3
3 18 0 0 0 1 7 3 2 2 15
3 19 1 1 0 0 177 1 15 15 2
3 20 0 0 1 0 760 1 2 2 15
3 21 1 0 0 0 760 3 11 11 2
3 22 1 1 0 0 707 1 2 2 11
3 23 1 0 0 0 760 3 4 4 2
3 24 1 1 0 0 638 1 2 2 4
3 25 1 1 0 0 612 1 4 4 2
