1 1 1 0 0 0 760 3 12 12 0
1 2 1 0 0 0 760 3 11 11 12
1 3 1 1 0 0 589 1 12 12 11
1 4 1 1 0 0 547 1 11 11 12
1 5 1 1 0 0 597 1 12 12 11
1 6 1 0 0 0 760 2 9 9 12
1 7 1 1 0 0 605 1 12 12 9
1 8 1 0 0 0 760 2 14 14 12
1 9 1 1 0 0 532 1 12 12 14
1 10 1 0 0 0 760 3 8 8 12
1 11 1 1 0 0 694 1 12 12 8
1 12 1 0 0 0 760 2 11 11 12
1 13 1 1 0 0 654 1 12 12 11
1 14 1 1 0 0 610 1 11 11 12
1 15 0 0 1 0 760 1 12 12 11
1 16 1 1 0 0 569 1 11 11 12
1 17 0 0 0 1 567 2 11 11 11
1 18 1 0 0 0 760 2 4 4 11
1 19 0 0 0 1 640 3 4 4 4
1 20 1 0 0 0 760 3 2 2 4
1 21 1 0 0 0 760 2 5 5 2
1 22 1 0 0 0 760 3 4 4 5
1 23 1 0 0 0 760 3 2 2 4
1 24 1 0 0 0 760 3 15 15 2
1 25 1 0 0 0 760 2 12 12 15
2 1 1 0 0 0 760 1 10 10 12
2 2 1 0 0 0 760 1 15 15 10
2 3 1 0 0 0 760 3 1 1 15
2 4 1 0 0 0 760 2 4 4 1
2 5 1 0 0 0 760 2 15 15 4
2 6 1 0 0 0 760 2 5 5 15
2 7 1 1 0 0 720 1 15 15 5
2 8 1 0 0 0 760 3 6 6 15
2 9 1 0 0 0 760 3 7 7 6
2 10 1 1 0 0 546 1 6 6 7
2 11 1 0 0 0 760 2 12 12 6
2 12 0 0 1 0 760 1 6 6 12
2 13 1 0 0 0 760 3 10 10 6
2 14 1 0 0 0 760 2 11 11 10
2 15 1 0 0 0 760 2 9 9 11
2 16 1 0 0 0 760 3 14 14 9
2 17 1 0 0 0 760 2 2 2 14
2 18 0 0 1 0 760 1 14 14 2
2 19 1 0 0 0 760 3 14 14 14
2 20 1 0 0 0 760 2 12 12 14
2 21 1 0 0 0 760 2 1 1 12
2 22 1 1 0 0 708 1 12 12 1
2 23 1 1 0 0 703 1 1 1 12
2 24 1 0 0 0 760 3 4 4 1
2 25 1 0 0 0 760 3 13 13 4
3 1 1 0 0 0 760 1 11 11 13
3 2 1 0 0 0 760 3 3 3 11
3 3 1 0 0 0 760 2 9 9 3
3 4 1 0 0 0 760 3 4 4 9
3 5 1 0 0 0 760 2 15 15 4
3 6 1 0 0 0 760 3 6 6 15
3 7 1 0 0 0 760 2 1 1 6
3 8 1 1 0 0 588 1 6 6 1
3 9 1 0 0 0 760 3 14 14 6
3 10 1 1 0 0 545 1 6 6 14
3 11 1 0 0 0 760 3 3 3 6
3 12 1 1 0 0 679 1 6 6 3
3 13 1 0 0 0 760 3 10 10 6
3 14 1 0 0 0 760 3 15 15 10
3 15 1 1 0 0 684 1 10 10 15
3 16 1 1 0 0 684 1 15 15 10
3 17 1 0 0 0 760 2 3 3 15
3 18 1 0 0 0 760 2 1 1 3
3 19 1 1 0 0 683 1 3 3 1
3 20 1 0 0 0 760 2 8 8 3
3 21 1 1 0 0 507 1 3 3 8
3 22 1 0 0 0 760 2 15 15 3
3 23 1 0 0 0 760 2 9 9 15
3 24 1 0 0 0 760 2 14 14 9
3 25 1 0 0 0 760 2 2 2 14
