1 1 1 0 0 0 760 3 5 5 0
1 2 1 0 0 0 760 3 9 9 5
1 3 1 0 0 0 760 3 9 9 9
1 4 1 0 0 0 760 3 7 7 9
1 5 1 1 0 0 672 1 9 9 7
1 6 1 0 0 0 760 2 12 12 9
1 7 1 0 0 0 760 3 3 3 12
1 8 1 0 0 0 760 2 9 9 3
1 9 1 0 0 0 760 2 4 4 9
1 10 1 0 0 0 760 2 13 13 4
1 11 1 0 0 0 760 3 1 1 13
1 12 1 0 0 0 760 2 4 4 1
1 13 1 0 0 0 760 2 15 15 4
1 14 1 1 0 0 652 1 4 4 15
1 15 1 0 0 0 760 3 6 6 4
1 16 1 0 0 0 760 3 14 14 6
1 17 1 1 0 0 750 1 6 6 14
1 18 1 0 0 0 760 3 4 4 6
1 19 1 0 0 0 760 2 11 11 4
1 20 1 0 0 0 760 2 14 14 11
1 21 0 0 0 1 732 3 4 4 14
1 22 1 0 0 0 760 3 9 9 4
1 23 1 0 0 0 760 3 2 2 9
1 24 1 0 0 0 760 2 13 13 2
1 25 1 1 0 0 639 1 2 2 13
2 1 1 0 0 0 760 1 9 9 2
2 2 1 0 0 0 760 1 6 6 9
2 3 1 0 0 0 760 2 2 2 6
2 4 1 0 0 0 760 3 9 9 2
2 5 1 0 0 0 760 3 7 7 9
2 6 0 0 1 0 760 1 9 9 7
2 7 1 0 0 0 760 3 6 6 9
2 8 1 0 0 0 760 2 1 1 6
2 9 1 1 0 0 536 1 6 6 1
2 10 1 1 0 0 551 1 1 1 6
2 11 1 1 0 0 536 1 6 6 1
2 12 1 0 0 0 760 2 8 8 6
2 13 1 0 0 0 760 3 1 1 8
2 14 1 0 0 0 760 2 1 1 1
2 15 1 0 0 0 760 3 11 11 1
2 16 1 1 0 0 654 1 1 1 11
2 17 1 1 0 0 516 1 11 11 1
2 18 1 1 0 0 505 1 1 1 11
2 19 1 0 0 0 760 2 7 7 1
2 20 1 0 0 0 760 2 8 8 7
2 21 1 0 0 0 760 3 14 14 8
2 22 1 0 0 0 760 3 7 7 14
2 23 1 0 0 0 760 2 13 13 7
2 24 0 0 1 0 760 1 7 7 13
2 25 1 0 0 0 760 3 9 9 7
3 1 1 0 0 0 760 3 14 14 9
3 2 1 0 0 0 760 2 3 3 14
3 3 1 1 0 0 731 1 14 14 3
3 4 1 1 0 0 469 1 3 3 14
3 5 1 0 0 0 760 3 2 2 3
3 6 1 0 0 0 760 3 12 12 2
3 7 1 1 0 0 589 1 2 2 12
3 8 1 0 0 0 760 3 4 4 2
3 9 1 0 0 0 760 2 14 14 4
3 10 0 0 1 0 760 1 4 4 14
3 11 0 0 1 0 760 1 14 14 4
3 12 1 0 0 0 760 3 15 15 14
3 13 1 0 0 0 760 2 9 9 15
3 14 1 0 0 0 760 3 2 2 9
3 15 1 0 0 0 760 3 5 5 2
3 16 1 0 0 0 760 2 13 13 5
3 17 1 0 0 0 760 2 2 2 13
3 18 1 1 0 0 486 1 13 13 2
3 19 1 0 0 0 760 3 6 6 13
3 20 0 0 0 1 583 3 2 2 6
3 21 1 0 0 0 760 3 1 1 2
3 22 1 0 0 0 760 2 7 7 1
3 23 1 0 0 0 760 3 10 10 7
3 24 1 0 0 0 760 2 12 12 10
3 25 1 0 0 0 760 3 8 8 12
