1 1 1 0 0 0 760 2 9 9 0
1 2 1 0 0 0 760 2 5 5 9
1 3 0 0 1 0 760 1 9 9 5
1 4 1 0 0 0 760 3 13 13 9
1 5 0 0 0 1 528 2 14 14 13
1 6 0 0 1 0 760 1 13 13 14
1 7 1 1 0 0 670 1 14 14 13
1 8 1 1 0 0 688 1 13 13 14
1 9 1 0 0 0 760 3 3 3 13
1 10 0 0 1 0 760 1 13 13 3
1 11 1 0 0 0 760 2 5 5 13
1 12 0 0 1 0 760 1 13 13 5
1 13 1 0 0 0 760 3 3 3 13
1 14 1 1 0 0 761 1 13 13 3
1 15 0 0 1 0 760 1 3 3 13
1 16 1 1 0 0 583 1 13 13 3
1 17 1 0 0 0 760 2 7 7 13
1 18 0 0 0 1 583 3 3 3 7
1 19 1 0 0 0 760 2 10 10 3
1 20 1 1 0 0 616 1 3 3 10
1 21 1 0 0 0 760 3 3 3 3
1 22 1 0 0 0 760 2 2 2 3
1 23 1 1 0 0 640 1 3 3 2
1 24 1 1 0 0 742 1 2 2 3
1 25 1 0 0 0 760 2 12 12 2
2 1 1 0 0 0 760 1 8 8 12
2 2 1 0 0 0 760 3 11 11 8
2 3 1 1 0 0 631 1 8 8 11
2 4 1 1 0 0 563 1 11 11 8
2 5 1 1 0 0 473 1 8 8 11
2 6 1 0 0 0 760 2 3 3 8
2 7 1 0 0 0 760 3 3 3 3
2 8 0 0 0 1 631 2 8 8 3
2 9 1 1 0 0 728 1 3 3 8
2 10 1 1 0 0 614 1 8 8 3
2 11 1 0 0 0 760 2 13 13 8
2 12 1 1 0 0 570 1 8 8 13
2 13 1 0 0 0 760 2 10 10 8
2 14 1 0 0 0 760 2 5 5 10
2 15 0 0 1 0 760 1 10 10 5
2 16 1 1 0 0 726 1 5 5 10
2 17 1 0 0 0 760 2 7 7 5
2 18 1 0 0 0 760 2 13 13 7
2 19 1 0 0 0 760 3 11 11 13
2 20 0 0 0 1 625 2 10 10 11
2 21 0 0 0 1 617 2 10 10 10
2 22 1 0 0 0 760 3 9 9 10
2 23 1 0 0 0 760 2 1 1 9
2 24 1 0 0 0 760 3 1 1 1
2 25 1 1 0 0 656 1 1 1 1
3 1 1 0 0 0 760 1 9 9 1
3 2 1 0 0 0 760 2 4 4 9
3 3 0 0 0 1 699 2 7 7 4
3 4 1 0 0 0 760 3 6 6 7
3 5 1 1 0 0 681 1 7 7 6
3 6 1 0 0 0 760 2 5 5 7
3 7 1 1 0 0 540 1 7 7 5
3 8 1 0 0 0 760 3 2 2 7
3 9 1 1 0 0 527 1 7 7 2
3 10 0 0 1 0 760 1 2 2 7
3 11 1 1 0 0 628 1 7 7 2
3 12 1 1 0 0 678 1 2 2 7
3 13 1 0 0 0 760 2 15 15 2
3 14 1 0 0 0 760 2 5 5 15
3 15 1 0 0 0 760 2 3 3 5
3 16 1 0 0 0 760 2 1 1 3
3 17 1 1 0 0 517 1 3 3 1
3 18 1 1 0 0 725 1 1 1 3
3 19 1 1 0 0 709 1 3 3 1
3 20 1 1 0 0 519 1 1 1 3
3 21 1 0 0 0 760 2 2 2 1
3 22 1 1 0 0 634 1 1 1 2
3 23 1 0 0 0 760 2 12 12 1
3 24 1 1 0 0 616 1 1 1 12
3 25 1 0 0 0 760 3 1 1 1
