1 1 1 0 0 0 760 1 2 2 0
1 2 1 0 0 0 760 2 12 12 2
1 3 1 0 0 0 760 2 13 13 12
1 4 0 0 1 0 760 1 12 12 13
1 5 0 0 1 0 760 1 13 13 12
1 6 1 0 0 0 760 3 14 14 13
1 7 1 0 0 0 760 3 1 1 14
1 8 1 0 0 0 760 3 13 13 1
1 9 1 0 0 0 760 2 4 4 13
1 10 1 0 0 0 760 3 5 5 4
1 11 1 0 0 0 760 2 15 15 5
1 12 1 0 0 0 760 2 6 6 15
1 13 1 0 0 0 760 2 5 5 6
1 14 1 1 0 0 753 1 6 6 5
1 15 1 1 0 0 680 1 5 5 6
1 16 1 0 0 0 760 3 15 15 5
1 17 0 0 1 0 760 1 5 5 15
1 18 0 0 1 0 760 1 15 15 5
1 19 1 1 0 0 619 1 5 5 15
1 20 1 1 0 0 669 1 15 15 5
1 21 1 0 0 0 760 3 7 7 15
1 22 1 0 0 0 760 3 10 10 7
1 23 0 0 1 0 760 1 7 7 10
1 24 1 0 0 0 760 2 14 14 7
1 25 1 0 0 0 760 3 4 4 14
2 1 1 0 0 0 760 3 12 12 4
2 2 1 0 0 0 760 2 5 5 12
2 3 1 0 0 0 760 3 2 2 5
2 4 0 0 0 1 576 3 2 2 2
2 5 1 1 0 0 502 1 2 2 2
2 6 1 0 0 0 760 2 1 1 2
2 7 1 0 0 0 760 2 10 10 1
2 8 1 0 0 0 760 2 8 8 10
2 9 1 0 0 0 760 3 12 12 8
2 10 1 0 0 0 760 3 3 3 12
2 11 0 0 1 0 760 1 12 12 3
2 12 1 0 0 0 760 2 4 4 12
2 13 0 0 1 0 760 1 12 12 4
2 14 1 0 0 0 760 3 11 11 12
2 15 1 1 0 0 691 1 12 12 11
2 16 1 0 0 0 760 2 9 9 12
2 17 1 0 0 0 760 2 3 3 9
2 18 0 0 0 1 605 2 3 3 3
2 19 1 0 0 0 760 2 2 2 3
2 20 1 1 0 0 612 1 3 3 2
2 21 1 1 0 0 679 1 2 2 3
2 22 1 1 0 0 687 1 3 3 2
2 23 1 0 0 0 760 3 8 8 3
2 24 1 0 0 0 760 3 9 9 8
2 25 0 0 0 1 670 3 9 9 9
3 1 1 0 0 0 760 1 13 13 9
3 2 1 0 0 0 760 2 15 15 13
3 3 0 0 1 0 760 1 13 13 15
3 4 1 1 0 0 598 1 15 15 13
3 5 1 1 0 0 690 1 13 13 15
3 6 1 0 0 0 760 3 1 1 13
3 7 1 0 0 0 760 2 6 6 1
3 8 1 1 0 0 704 1 1 1 6
3 9 1 1 0 0 662 1 6 6 1
3 10 1 1 0 0 595 1 1 1 6
3 11 1 0 0 0 760 3 3 3 1
3 12 1 0 0 0 760 3 2 2 3
3 13 1 0 0 0 760 2 2 2 2
3 14 1 0 0 0 760 3 1 1 2
3 15 1 1 0 0 583 1 2 2 1
3 16 1 0 0 0 760 3 14 14 2
3 17 0 0 1 0 760 1 2 2 14
3 18 1 0 0 0 760 3 8 8 2
3 19 1 0 0 0 760 3 9 9 8
3 20 1 0 0 0 760 2 6 6 9
3 21 1 0 0 0 760 3 5 5 6
3 22 1 0 0 0 760 2 5 5 5
3 23 1 0 0 0 760 2 9 9 5
3 24 1 0 0 0 760 3 11 11 9
3 25 1 0 0 0 760 3 10 10 11
