1 1 1 0 0 0 760 2 11 11 0
1 2 1 0 0 0 760 1 8 8 11
1 3 1 0 0 0 760 3 5 5 8
1 4 1 0 0 0 760 2 2 2 5
1 5 1 0 0 0 760 2 14 14 2
1 6 1 0 0 0 760 3 1 1 14
1 7 1 0 0 0 760 2 4 4 1
1 8 1 0 0 0 760 2 5 5 4
1 9 1 0 0 0 760 2 12 12 5
1 10 0 0 1 0 760 1 5 5 12
1 11 1 0 0 0 760 2 9 9 5
1 12 0 0 1 0 760 1 5 5 9
1 13 0 0 1 0 760 1 9 9 5
1 14 0 0 0 1 630 3 10 10 9
1 15 1 0 0 0 760 3 14 14 10
1 16 1 0 0 0 760 3 13 13 14
1 17 1 0 0 0 760 3 2 2 13
1 18 1 0 0 0 760 2 4 4 2
1 19 1 0 0 0 760 3 12 12 4
1 20 1 0 0 0 760 3 12 12 12
1 21 1 1 0 0 579 1 12 12 12
1 22 1 0 0 0 760 2 13 13 12
1 23 1 1 0 0 594 1 12 12 13
1 24 1 0 0 0 760 3 12 12 12
1 25 1 0 0 0 760 3 2 2 12
2 1 1 0 0 0 760 1 7 7 2
2 2 1 0 0 0 760 3 15 15 7
2 3 1 0 0 0 760 2 13 13 15
2 4 1 0 0 0 760 2 7 7 13
2 5 1 1 0 0 745 1 13 13 7
2 6 1 0 0 0 760 2 9 9 13
2 7 0 0 1 0 760 1 13 13 9
2 8 1 1 0 0 711 1 9 9 13
2 9 0 0 0 1 601 2 9 9 9
2 10 1 0 0 0 760 2 14 14 9
2 11 1 1 0 0 741 1 9 9 14
2 12 1 0 0 0 760 3 9 9 9
2 13 1 0 0 0 760 3 2 2 9
2 14 1 0 0 0 760 3 12 12 2
2 15 1 0 0 0 760 2 5 5 12
2 16 1 0 0 0 760 2 6 6 5
2 17 1 0 0 0 760 3 13 13 6
2 18 1 0 0 0 760 2 15 15 13
2 19 1 0 0 0 760 2 4 4 15
2 20 1 0 0 0 760 3 8 8 4
2 21 1 0 0 0 760 2 1 1 8
2 22 1 0 0 0 760 3 10 10 1
2 23 0 0 1 0 760 1 1 1 10
2 24 1 0 0 0 760 2 2 2 1
2 25 1 1 0 0 612 1 1 1 2
3 1 1 0 0 0 760 1 12 12 1
3 2 1 0 0 0 760 1 3 3 12
3 3 1 0 0 0 760 3 8 8 3
3 4 1 0 0 0 760 3 7 7 8
3 5 1 0 0 0 760 3 1 1 7
3 6 1 1 0 0 757 1 7 7 1
3 7 1 0 0 0 760 2 15 15 7
3 8 1 0 0 0 760 3 15 15 15
3 9 1 1 0 0 597 1 15 15 15
3 10 1 0 0 0 760 2 4 4 15
3 11 1 0 0 0 760 2 11 11 4
3 12 0 0 1 0 760 1 4 4 11
3 13 1 0 0 0 760 2 7 7 4
3 14 1 0 0 0 760 2 3 3 7
3 15 0 0 1 0 760 1 7 7 3
3 16 0 0 1 0 760 1 3 3 7
3 17 1 1 0 0 604 1 7 7 3
3 18 1 0 0 0 760 3 14 14 7
3 19 1 0 0 0 760 3 13 13 14
3 20 1 1 0 0 686 1 14 14 13
3 21 0 0 1 0 760 1 13 13 14
3 22 1 1 0 0 634 1 14 14 13
3 23 0 0 0 1 694 2 14 14 14
3 24 1 1 0 0 638 1 14 14 14
3 25 1 0 0 0 760 3 2 2 14
