1 1 1 0 0 0 760 2 3 3 0
1 2 1 0 0 0 760 1 1 1 3
1 3 1 0 0 0 760 3 15 15 1
1 4 1 0 0 0 760 3 11 11 15
1 5 1 0 0 0 760 2 12 12 11
1 6 0 0 1 0 760 1 11 11 12
1 7 0 0 1 0 760 1 12 12 11
1 8 0 0 0 1 524 2 1 1 12
1 9 0 0 0 1 406 2 11 11 1
1 10 1 0 0 0 760 2 10 10 11
1 11 1 0 0 0 760 2 4 4 10
1 12 1 0 0 0 760 3 8 8 4
1 13 1 0 0 0 760 3 7 7 8
1 14 1 0 0 0 760 2 11 11 7
1 15 1 0 0 0 760 3 4 4 11
1 16 1 0 0 0 760 3 2 2 4
1 17 1 0 0 0 760 3 1 1 2
1 18 1 0 0 0 760 2 12 12 1
1 19 1 1 0 0 568 1 1 1 12
1 20 1 0 0 0 760 2 4 4 1
1 21 1 0 0 0 760 3 2 2 4
1 22 1 0 0 0 760 3 9 9 2
1 23 1 0 0 0 760 3 5 5 9
1 24 1 0 0 0 760 2 3 3 5
1 25 1 0 0 0 760 2 3 3 3
2 1 1 0 0 0 760 3 8 8 3
2 2 1 0 0 0 760 2 13 13 8
2 3 1 0 0 0 760 2 7 7 13
2 4 1 0 0 0 760 3 12 12 7
2 5 1 0 0 0 760 2 4 4 12
2 6 1 0 0 0 760 2 11 11 4
2 7 0 0 1 0 760 1 4 4 11
2 8 1 0 0 0 760 2 3 3 4
2 9 1 0 0 0 760 3 2 2 3
2 10 1 0 0 0 760 3 7 7 2
2 11 1 0 0 0 760 3 5 5 7
2 12 1 0 0 0 760 2 14 14 5
2 13 1 1 0 0 466 1 5 5 14
2 14 1 0 0 0 760 3 15 15 5
2 15 1 0 0 0 760 2 3 3 15
2 16 1 1 0 0 579 1 15 15 3
2 17 1 0 0 0 760 2 8 8 15
2 18 1 0 0 0 760 3 11 11 8
2 19 1 1 0 0 468 1 8 8 11
2 20 1 0 0 0 760 2 9 9 8
2 21 0 0 1 0 760 1 8 8 9
2 22 1 0 0 0 760 3 13 13 8
2 23 1 0 0 0 760 3 6 6 13
2 24 1 0 0 0 760 2 14 14 6
2 25 1 0 0 0 760 3 9 9 14
3 1 1 0 0 0 760 3 5 5 9
3 2 1 0 0 0 760 1 12 12 5
3 3 1 0 0 0 760 3 9 9 12
3 4 1 0 0 0 760 2 7 7 9
3 5 0 0 1 0 760 1 9 9 7
3 6 1 1 0 0 501 1 7 7 9
3 7 0 0 1 0 760 1 9 9 7
3 8 1 1 0 0 584 1 7 7 9
3 9 1 1 0 0 622 1 9 9 7
3 10 1 0 0 0 760 3 3 3 9
3 11 1 0 0 0 760 2 10 10 3
3 12 1 0 0 0 760 3 13 13 10
3 13 1 0 0 0 760 2 1 1 13
3 14 1 0 0 0 760 3 5 5 1
3 15 1 0 0 0 760 2 12 12 5
3 16 0 0 1 0 760 1 5 5 12
3 17 1 0 0 0 760 3 5 5 5
3 18 1 0 0 0 760 3 2 2 5
3 19 1 1 0 0 555 1 5 5 2
3 20 1 0 0 0 760 2 14 14 5
3 21 1 1 0 0 562 1 5 5 14
3 22 1 1 0 0 539 1 14 14 5
3 23 1 0 0 0 760 2 13 13 14
3 24 1 0 0 0 760 3 4 4 13
3 25 1 0 0 0 760 3 2 2 4
