1 1 1 0 0 0 760 2 6 6 0
1 2 1 0 0 0 760 1 12 12 6
1 3 1 1 0 0 624 1 6 6 12
1 4 1 0 0 0 760 3 15 15 6
1 5 1 0 0 0 760 2 10 10 15
1 6 1 0 0 0 760 3 6 6 10
1 7 1 1 0 0 540 1 10 10 6
1 8 1 1 0 0 498 1 6 6 10
1 9 1 0 0 0 760 3 9 9 6
1 10 1 0 0 0 760 3 14 14 9
1 11 1 0 0 0 760 3 2 2 14
1 12 1 1 0 0 480 1 14 14 2
1 13 1 0 0 0 760 2 9 9 14
1 14 1 0 0 0 760 2 12 12 9
1 15 1 1 0 0 535 1 9 9 12
1 16 1 0 0 0 760 3 13 13 9
1 17 1 1 0 0 713 1 9 9 13
1 18 1 0 0 0 760 3 4 4 9
1 19 0 0 1 0 760 1 9 9 4
1 20 1 0 0 0 760 3 15 15 9
1 21 1 0 0 0 760 3 10 10 15
1 22 1 1 0 0 675 1 15 15 10
1 23 1 0 0 0 760 3 14 14 15
1 24 1 0 0 0 760 3 12 12 14
1 25 0 0 1 0 760 1 14 14 12
2 1 1 0 0 0 760 2 2 2 14
2 2 1 0 0 0 760 3 1 1 2
2 3 1 0 0 0 760 3 9 9 1
2 4 1 0 0 0 760 2 3 3 9
2 5 1 0 0 0 760 3 8 8 3
2 6 1 0 0 0 760 3 4 4 8
2 7 1 1 0 0 536 1 8 8 4
2 8 1 0 0 0 760 2 13 13 8
2 9 1 0 0 0 760 2 2 2 13
2 10 1 0 0 0 760 3 11 11 2
2 11 0 0 1 0 760 1 2 2 11
2 12 1 0 0 0 760 3 12 12 2
2 13 1 0 0 0 760 2 13 13 12
2 14 1 0 0 0 760 2 6 6 13
2 15 1 0 0 0 760 2 11 11 6
2 16 1 0 0 0 760 3 8 8 11
2 17 1 0 0 0 760 3 9 9 8
2 18 1 1 0 0 593 1 8 8 9
2 19 1 0 0 0 760 3 2 2 8
2 20 1 0 0 0 760 3 10 10 2
2 21 1 0 0 0 760 2 8 8 10
2 22 1 1 0 0 526 1 10 10 8
2 23 1 0 0 0 760 3 2 2 10
2 24 1 1 0 0 535 1 10 10 2
2 25 1 0 0 0 760 3 3 3 10
3 1 1 0 0 0 760 1 11 11 3
3 2 1 0 0 0 760 1 5 5 11
3 3 1 0 0 0 760 3 4 4 5
3 4 0 0 1 0 760 1 5 5 4
3 5 1 0 0 0 760 3 2 2 5
3 6 1 0 0 0 760 3 6 6 2
3 7 1 1 0 0 631 1 2 2 6
3 8 0 0 1 0 760 1 6 6 2
3 9 0 0 1 0 760 1 2 2 6
3 10 1 1 0 0 495 1 6 6 2
3 11 1 0 0 0 760 2 1 1 6
3 12 1 0 0 0 760 2 12 12 1
3 13 1 0 0 0 760 3 2 2 12
3 14 1 0 0 0 760 3 15 15 2
3 15 0 0 1 0 760 1 2 2 15
3 16 1 1 0 0 496 1 15 15 2
3 17 1 1 0 0 687 1 2 2 15
3 18 1 1 0 0 496 1 15 15 2
3 19 1 0 0 0 760 2 11 11 15
3 20 1 0 0 0 760 2 4 4 11
3 21 1 1 0 0 586 1 11 11 4
3 22 1 0 0 0 760 2 3 3 11
3 23 0 0 1 0 760 1 11 11 3
3 24 1 0 0 0 760 2 5 5 11
3 25 1 0 0 0 760 3 1 1 5
