1 1 1 0 0 0 760 1 7 7 0
1 2 1 0 0 0 760 1 9 9 7
1 3 1 0 0 0 760 2 6 6 9
1 4 1 0 0 0 760 3 6 6 6
1 5 1 0 0 0 760 3 10 10 6
1 6 1 0 0 0 760 2 1 1 10
1 7 0 0 1 0 760 1 10 10 1
1 8 1 0 0 0 760 2 3 3 10
1 9 1 0 0 0 760 2 2 2 3
1 10 1 0 0 0 760 2 13 13 2
1 11 1 0 0 0 760 2 6 6 13
1 12 1 1 0 0 490 1 13 13 6
1 13 0 0 1 0 760 1 6 6 13
1 14 1 0 0 0 760 2 2 2 6
1 15 1 0 0 0 760 3 10 10 2
1 16 1 0 0 0 760 2 4 4 10
1 17 1 0 0 0 760 3 3 3 4
1 18 1 1 0 0 597 1 4 4 3
1 19 1 1 0 0 496 1 3 3 4
1 20 1 0 0 0 760 3 6 6 3
1 21 1 0 0 0 760 3 7 7 6
1 22 1 0 0 0 760 2 9 9 7
1 23 1 0 0 0 760 3 5 5 9
1 24 1 0 0 0 760 3 7 7 5
1 25 1 1 0 0 623 1 5 5 7
2 1 1 0 0 0 760 1 1 1 5
2 2 1 0 0 0 760 2 4 4 1
2 3 1 0 0 0 760 3 6 6 4
2 4 1 1 0 0 521 1 4 4 6
2 5 1 0 0 0 760 3 7 7 4
2 6 1 0 0 0 760 2 13 13 7
2 7 1 1 0 0 503 1 7 7 13
2 8 1 1 0 0 488 1 13 13 7
2 9 0 0 0 1 619 2 13 13 13
2 10 1 1 0 0 553 1 13 13 13
2 11 1 0 0 0 760 2 14 14 13
2 12 1 1 0 0 510 1 13 13 14
2 13 1 0 0 0 760 2 12 12 13
2 14 1 0 0 0 760 3 11 11 12
2 15 1 0 0 0 760 3 13 13 11
2 16 1 0 0 0 760 3 6 6 13
2 17 1 0 0 0 760 3 1 1 6
2 18 1 0 0 0 760 3 12 12 1
2 19 1 0 0 0 760 3 8 8 12
2 20 1 0 0 0 760 2 9 9 8
2 21 1 1 0 0 468 1 8 8 9
2 22 1 0 0 0 760 2 4 4 8
2 23 1 1 0 0 556 1 8 8 4
2 24 0 0 0 1 608 2 8 8 8
2 25 1 0 0 0 760 3 3 3 8
3 1 1 0 0 0 760 2 1 1 3
3 2 1 0 0 0 760 3 1 1 1
3 3 1 0 0 0 760 3 14 14 1
3 4 1 1 0 0 515 1 1 1 14
3 5 1 1 0 0 626 1 14 14 1
3 6 1 0 0 0 760 2 3 3 14
3 7 1 0 0 0 760 2 3 3 3
3 8 1 0 0 0 760 3 2 2 3
3 9 1 0 0 0 760 3 12 12 2
3 10 1 1 0 0 497 1 2 2 12
3 11 1 0 0 0 760 3 11 11 2
3 12 1 1 0 0 514 1 2 2 11
3 13 1 1 0 0 457 1 11 11 2
3 14 1 0 0 0 760 3 10 10 11
3 15 1 0 0 0 760 2 4 4 10
3 16 1 0 0 0 760 3 12 12 4
3 17 1 1 0 0 503 1 4 4 12
3 18 1 0 0 0 760 2 15 15 4
3 19 1 1 0 0 485 1 4 4 15
3 20 1 1 0 0 575 1 15 15 4
3 21 1 0 0 0 760 3 6 6 15
3 22 1 0 0 0 760 3 9 9 6
3 23 1 0 0 0 760 2 12 12 9
3 24 1 0 0 0 760 2 7 7 12
3 25 1 0 0 0 760 3 5 5 7
