1 1 1 0 0 0 760 3 5 5 0
1 2 1 0 0 0 760 3 6 6 5
1 3 0 0 1 0 435 1 5 5 6
1 4 0 0 1 0 760 1 6 6 5
1 5 0 0 1 0 760 1 5 5 6
1 6 1 0 0 0 760 3 13 13 5
1 7 1 1 0 0 418 1 5 5 13
1 8 1 0 0 0 760 2 6 6 5
1 9 0 0 1 0 760 1 5 5 6
1 10 0 0 1 0 760 1 6 6 5
1 11 1 0 0 0 760 2 11 11 6
1 12 1 1 0 0 674 1 6 6 11
1 13 1 0 0 0 760 2 6 6 6
1 14 0 0 0 1 659 2 11 11 6
1 15 1 0 0 0 760 3 12 12 11
1 16 1 1 0 0 715 1 11 11 12
1 17 1 1 0 0 678 1 12 12 11
1 18 1 1 0 0 641 1 11 11 12
1 19 1 0 0 0 760 2 5 5 11
1 20 1 0 0 0 760 3 9 9 5
1 21 0 0 1 0 760 1 5 5 9
1 22 1 0 0 0 760 2 15 15 5
1 23 1 0 0 0 760 3 14 14 15
1 24 1 1 0 0 662 1 15 15 14
1 25 1 1 0 0 728 1 14 14 15
2 1 1 0 0 0 760 1 6 6 14
2 2 1 0 0 0 760 3 6 6 6
2 3 1 0 0 0 760 2 10 10 6
2 4 1 0 0 0 760 3 8 8 10
2 5 1 0 0 0 760 3 6 6 8
2 6 1 0 0 0 760 3 13 13 6
2 7 1 0 0 0 760 3 4 4 13
2 8 1 0 0 0 760 3 4 4 4
2 9 1 1 0 0 748 1 4 4 4
2 10 1 0 0 0 760 2 13 13 4
2 11 1 1 0 0 673 1 4 4 13
2 12 1 1 0 0 547 1 13 13 4
2 13 1 0 0 0 760 3 10 10 13
2 14 1 0 0 0 760 2 11 11 10
2 15 1 1 0 0 565 1 10 10 11
2 16 1 1 0 0 648 1 11 11 10
2 17 1 0 0 0 760 2 9 9 11
2 18 1 1 0 0 731 1 11 11 9
2 19 1 0 0 0 760 3 10 10 11
2 20 0 0 1 0 760 1 11 11 10
2 21 1 0 0 0 760 3 8 8 11
2 22 1 0 0 0 760 3 7 7 8
2 23 1 0 0 0 760 2 5 5 7
2 24 1 0 0 0 760 2 13 13 5
2 25 1 0 0 0 760 2 14 14 13
3 1 1 0 0 0 760 1 10 10 14
3 2 1 0 0 0 760 1 2 2 10
3 3 1 0 0 0 760 2 13 13 2
3 4 1 0 0 0 760 3 12 12 13
3 5 0 0 1 0 760 1 13 13 12
3 6 0 0 0 1 644 2 13 13 13
3 7 0 0 1 0 760 1 13 13 13
3 8 1 0 0 0 760 2 15 15 13
3 9 1 0 0 0 760 3 2 2 15
3 10 1 1 0 0 558 1 15 15 2
3 11 1 1 0 0 549 1 2 2 15
3 12 1 1 0 0 651 1 15 15 2
3 13 1 1 0 0 541 1 2 2 15
3 14 1 0 0 0 760 3 4 4 2
3 15 1 0 0 0 760 2 9 9 4
3 16 1 0 0 0 760 3 15 15 9
3 17 1 0 0 0 760 3 4 4 15
3 18 1 0 0 0 760 3 4 4 4
3 19 1 1 0 0 547 1 4 4 4
3 20 1 0 0 0 760 3 6 6 4
3 21 1 0 0 0 760 2 5 5 6
3 22 1 0 0 0 760 3 15 15 5
3 23 1 0 0 0 760 3 10 10 15
3 24 1 1 0 0 643 1 15 15 10
3 25 1 0 0 0 760 2 2 2 15
