1 1 1 0 0 0 760 3 6 6 0
1 2 1 0 0 0 760 2 3 3 6
1 3 0 0 1 0 760 1 6 6 3
1 4 0 0 1 0 760 1 3 3 6
1 5 1 0 0 0 760 3 15 15 3
1 6 0 0 1 0 760 1 3 3 15
1 7 1 0 0 0 760 2 2 2 3
1 8 1 0 0 0 760 2 2 2 2
1 9 1 0 0 0 760 2 6 6 2
1 10 0 0 0 1 716 2 13 13 6
1 11 0 0 0 1 576 3 1 1 13
1 12 0 0 0 1 416 3 4 4 1
1 13 1 0 0 0 760 2 2 2 4
1 14 1 0 0 0 760 2 14 14 2
1 15 1 0 0 0 760 2 11 11 14
1 16 0 0 1 0 760 1 14 14 11
1 17 1 0 0 0 760 2 12 12 14
1 18 0 0 0 1 75 3 15 15 12
1 19 1 0 0 0 574 2 15 15 15
1 20 1 0 0 0 760 2 5 5 15
1 21 1 0 0 0 760 3 14 14 5
1 22 1 1 0 0 495 1 5 5 14
1 23 1 1 0 0 496 1 14 14 5
1 24 1 1 0 0 493 1 5 5 14
1 25 1 1 0 0 709 1 14 14 5
2 1 1 0 0 0 760 1 3 3 14
2 2 1 0 0 0 760 2 4 4 3
2 3 1 0 0 0 760 3 8 8 4
2 4 1 1 0 0 602 1 4 4 8
2 5 1 0 0 0 760 2 6 6 4
2 6 1 0 0 0 760 3 7 7 6
2 7 1 0 0 0 760 3 15 15 7
2 8 1 0 0 0 760 2 14 14 15
2 9 1 0 0 0 760 3 9 9 14
2 10 1 0 0 0 760 2 1 1 9
2 11 1 1 0 0 652 1 9 9 1
2 12 1 0 0 0 760 2 14 14 9
2 13 1 1 0 0 550 1 9 9 14
2 14 1 0 0 0 760 3 6 6 9
2 15 1 1 0 0 757 1 9 9 6
2 16 1 0 0 0 760 2 1 1 9
2 17 1 1 0 0 714 1 9 9 1
2 18 1 1 0 0 556 1 1 1 9
2 19 1 0 0 0 760 2 11 11 1
2 20 1 1 0 0 595 1 1 1 11
2 21 1 0 0 0 760 3 13 13 1
2 22 1 0 0 0 760 3 10 10 13
2 23 1 0 0 0 760 2 15 15 10
2 24 1 1 0 0 588 1 10 10 15
2 25 1 0 0 0 760 2 3 3 10
3 1 1 0 0 0 760 2 3 3 3
3 2 1 0 0 0 760 3 13 13 3
3 3 1 0 0 0 760 2 6 6 13
3 4 1 0 0 0 760 3 7 7 6
3 5 1 0 0 0 760 2 11 11 7
3 6 1 0 0 0 760 3 1 1 11
3 7 1 0 0 0 760 2 7 7 1
3 8 1 0 0 0 760 2 7 7 7
3 9 1 0 0 0 760 2 10 10 7
3 10 1 0 0 0 760 2 11 11 10
3 11 1 0 0 0 760 3 8 8 11
3 12 1 0 0 0 760 3 15 15 8
3 13 1 0 0 0 760 2 3 3 15
3 14 1 0 0 0 760 2 3 3 3
3 15 0 0 1 0 760 1 3 3 3
3 16 1 0 0 0 760 2 9 9 3
3 17 1 0 0 0 760 3 13 13 9
3 18 1 1 0 0 539 1 9 9 13
3 19 1 1 0 0 697 1 13 13 9
3 20 1 0 0 0 760 2 7 7 13
3 21 1 0 0 0 760 3 14 14 7
3 22 1 1 0 0 545 1 7 7 14
3 23 1 0 0 0 760 2 3 3 7
3 24 1 0 0 0 760 3 11 11 3
3 25 1 0 0 0 760 2 4 4 11
