1 1 1 0 0 0 760 2 9 9 0
1 2 1 0 0 0 760 1 6 6 9
1 3 0 0 1 0 760 1 9 9 6
1 4 1 0 0 0 760 3 8 8 9
1 5 1 0 0 0 760 2 6 6 8
1 6 0 0 1 0 760 1 8 8 6
1 7 0 0 1 0 760 1 6 6 8
1 8 1 0 0 0 760 2 3 3 6
1 9 1 0 0 0 760 2 3 3 3
1 10 0 0 1 0 760 1 3 3 3
1 11 1 0 0 0 760 3 11 11 3
1 12 1 0 0 0 760 3 7 7 11
1 13 1 0 0 0 760 2 6 6 7
1 14 1 0 0 0 760 3 6 6 6
1 15 1 0 0 0 760 3 11 11 6
1 16 1 0 0 0 760 3 12 12 11
1 17 1 0 0 0 760 2 10 10 12
1 18 1 1 0 0 691 1 12 12 10
1 19 1 0 0 0 760 2 2 2 12
1 20 1 0 0 0 760 2 11 11 2
1 21 1 0 0 0 760 3 11 11 11
1 22 1 1 0 0 480 1 11 11 11
1 23 1 1 0 0 634 1 11 11 11
1 24 1 0 0 0 760 2 9 9 11
1 25 1 1 0 0 515 1 11 11 9
2 1 1 0 0 0 760 3 11 11 11
2 2 1 0 0 0 760 3 2 2 11
2 3 1 0 0 0 760 2 12 12 2
2 4 1 0 0 0 760 2 11 11 12
2 5 1 0 0 0 760 3 3 3 11
2 6 1 0 0 0 760 2 13 13 3
2 7 1 1 0 0 598 1 3 3 13
2 8 1 1 0 0 512 1 13 13 3
2 9 1 0 0 0 760 2 15 15 13
2 10 1 0 0 0 760 2 4 4 15
2 11 1 1 0 0 446 1 15 15 4
2 12 1 0 0 0 760 2 7 7 15
2 13 1 1 0 0 538 1 15 15 7
2 14 1 0 0 0 760 2 1 1 15
2 15 1 0 0 0 760 3 13 13 1
2 16 1 1 0 0 487 1 1 1 13
2 17 1 1 0 0 546 1 13 13 1
2 18 1 0 0 0 760 3 10 10 13
2 19 1 0 0 0 760 2 5 5 10
2 20 1 0 0 0 760 3 3 3 5
2 21 1 0 0 0 760 2 7 7 3
2 22 1 0 0 0 760 3 13 13 7
2 23 1 1 0 0 517 1 7 7 13
2 24 1 0 0 0 760 2 10 10 7
2 25 1 1 0 0 666 1 7 7 10
3 1 1 0 0 0 760 2 8 8 7
3 2 1 0 0 0 760 3 1 1 8
3 3 1 0 0 0 760 2 6 6 1
3 4 1 0 0 0 760 2 2 2 6
3 5 1 0 0 0 760 3 7 7 2
3 6 1 1 0 0 521 1 2 2 7
3 7 1 0 0 0 760 3 12 12 2
3 8 1 0 0 0 760 3 14 14 12
3 9 0 0 0 1 645 3 2 2 14
3 10 1 0 0 0 760 2 8 8 2
3 11 1 0 0 0 760 3 11 11 8
3 12 1 0 0 0 760 2 4 4 11
3 13 1 1 0 0 520 1 11 11 4
3 14 1 0 0 0 760 2 8 8 11
3 15 1 0 0 0 760 3 15 15 8
3 16 1 0 0 0 760 3 5 5 15
3 17 1 0 0 0 760 2 8 8 5
3 18 1 0 0 0 760 2 15 15 8
3 19 0 0 1 0 760 1 8 8 15
3 20 1 0 0 0 760 3 6 6 8
3 21 1 0 0 0 760 2 15 15 6
3 22 0 0 1 0 760 1 6 6 15
3 23 0 0 0 1 602 2 11 11 6
3 24 1 1 0 0 682 1 6 6 11
3 25 1 0 0 0 760 3 13 13 6
