1 1 1 0 0 0 760 1 3 3 0
1 2 1 0 0 0 760 3 9 9 3
1 3 1 0 0 0 760 2 5 5 9
1 4 1 0 0 0 760 3 15 15 5
1 5 1 0 0 0 760 3 2 2 15
1 6 1 1 0 0 760 1 15 15 2
1 7 1 0 0 0 760 3 13 13 15
1 8 1 0 0 0 760 3 13 13 13
1 9 1 0 0 0 760 2 8 8 13
1 10 1 0 0 0 760 2 7 7 8
1 11 1 0 0 0 760 3 6 6 7
1 12 1 0 0 0 760 2 2 2 6
1 13 0 0 1 0 760 1 6 6 2
1 14 1 1 0 0 656 1 2 2 6
1 15 1 0 0 0 760 3 10 10 2
1 16 1 0 0 0 760 3 5 5 10
1 17 0 0 1 0 760 1 10 10 5
1 18 1 0 0 0 760 3 10 10 10
1 19 1 0 0 0 760 3 4 4 10
1 20 1 0 0 0 760 3 13 13 4
1 21 1 0 0 0 760 3 8 8 13
1 22 1 0 0 0 760 3 15 15 8
1 23 0 0 1 0 760 1 8 8 15
1 24 1 0 0 0 760 2 3 3 8
1 25 0 0 1 0 760 1 8 8 3
2 1 1 0 0 0 760 2 2 2 8
2 2 1 0 0 0 760 3 2 2 2
2 3 1 0 0 0 760 3 10 10 2
2 4 1 0 0 0 760 3 6 6 10
2 5 0 0 1 0 760 1 10 10 6
2 6 0 0 1 0 760 1 6 6 10
2 7 1 0 0 0 760 2 15 15 6
2 8 1 0 0 0 760 2 3 3 15
2 9 1 0 0 0 760 2 11 11 3
2 10 0 0 1 0 760 1 3 3 11
2 11 1 0 0 0 760 3 8 8 3
2 12 1 0 0 0 760 3 1 1 8
2 13 0 0 1 0 760 1 8 8 1
2 14 1 0 0 0 760 3 2 2 8
2 15 1 0 0 0 760 2 12 12 2
2 16 0 0 1 0 760 1 2 2 12
2 17 1 0 0 0 760 3 7 7 2
2 18 0 0 1 0 760 1 2 2 7
2 19 0 0 1 0 760 1 7 7 2
2 20 0 0 0 1 659 3 7 7 7
2 21 1 0 0 0 760 3 12 12 7
2 22 1 0 0 0 760 3 15 15 12
2 23 1 0 0 0 760 3 4 4 15
2 24 1 0 0 0 760 2 13 13 4
2 25 1 0 0 0 760 3 9 9 13
3 1 1 0 0 0 760 3 9 9 9
3 2 1 0 0 0 760 3 14 14 9
3 3 1 0 0 0 760 2 12 12 14
3 4 1 0 0 0 760 3 4 4 12
3 5 1 0 0 0 760 2 4 4 4
3 6 1 0 0 0 760 2 5 5 4
3 7 1 0 0 0 760 3 1 1 5
3 8 1 0 0 0 760 3 4 4 1
3 9 0 0 1 0 760 1 1 1 4
3 10 0 0 1 0 760 1 4 4 1
3 11 1 1 0 0 647 1 1 1 4
3 12 1 0 0 0 760 2 5 5 1
3 13 1 0 0 0 760 2 6 6 5
3 14 1 0 0 0 760 3 12 12 6
3 15 0 0 1 0 760 1 6 6 12
3 16 1 1 0 0 613 1 12 12 6
3 17 1 0 0 0 760 2 7 7 12
3 18 0 0 1 0 760 1 12 12 7
3 19 1 0 0 0 760 2 4 4 12
3 20 1 0 0 0 760 2 2 2 4
3 21 1 1 0 0 661 1 4 4 2
3 22 0 0 0 1 563 2 8 8 4
3 23 1 0 0 0 760 2 7 7 8
3 24 1 1 0 0 559 1 8 8 7
3 25 1 0 0 0 760 2 14 14 8
