1 1 1 0 0 0 760 3 5 5 0
1 2 1 0 0 0 760 1 9 9 5
1 3 1 1 0 0 514 1 5 5 9
1 4 1 0 0 0 760 3 4 4 5
1 5 1 0 0 0 760 3 6 6 4
1 6 1 1 0 0 464 1 4 4 6
1 7 0 0 1 0 760 1 6 6 4
1 8 1 0 0 0 760 2 10 10 6
1 9 1 0 0 0 760 3 5 5 10
1 10 1 0 0 0 760 2 4 4 5
1 11 1 0 0 0 760 2 1 1 4
1 12 1 1 0 0 463 1 4 4 1
1 13 1 0 0 0 760 2 3 3 4
1 14 1 0 0 0 760 3 3 3 3
1 15 0 0 1 0 760 1 3 3 3
1 16 1 0 0 0 760 3 2 2 3
1 17 1 1 0 0 452 1 3 3 2
1 18 1 1 0 0 646 1 2 2 3
1 19 1 1 0 0 612 1 3 3 2
1 20 0 0 0 1 468 2 1 1 3
1 21 1 0 0 0 760 2 10 10 1
1 22 1 0 0 0 760 3 11 11 10
1 23 1 1 0 0 482 1 10 10 11
1 24 1 0 0 0 760 2 13 13 10
1 25 1 0 0 0 760 2 5 5 13
2 1 1 0 0 0 760 1 1 1 5
2 2 1 0 0 0 760 2 4 4 1
2 3 1 1 0 0 520 1 1 1 4
2 4 1 0 0 0 760 3 15 15 1
2 5 1 0 0 0 760 3 15 15 15
2 6 1 0 0 0 760 3 2 2 15
2 7 1 0 0 0 760 3 10 10 2
2 8 1 0 0 0 760 2 14 14 10
2 9 1 0 0 0 760 3 11 11 14
2 10 1 0 0 0 760 3 7 7 11
2 11 1 0 0 0 760 3 8 8 7
2 12 1 0 0 0 760 3 5 5 8
2 13 1 0 0 0 760 3 10 10 5
2 14 1 0 0 0 760 3 8 8 10
2 15 1 0 0 0 760 2 15 15 8
2 16 1 1 0 0 516 1 8 8 15
2 17 1 0 0 0 760 2 10 10 8
2 18 0 0 1 0 760 1 8 8 10
2 19 0 0 1 0 760 1 10 10 8
2 20 0 0 0 1 525 3 13 13 10
2 21 1 0 0 0 760 3 1 1 13
2 22 1 1 0 0 467 1 13 13 1
2 23 1 0 0 0 760 2 10 10 13
2 24 1 0 0 0 760 3 15 15 10
2 25 1 1 0 0 497 1 10 10 15
3 1 1 0 0 0 760 1 5 5 10
3 2 1 0 0 0 760 2 4 4 5
3 3 1 1 0 0 491 1 5 5 4
3 4 1 0 0 0 760 3 2 2 5
3 5 1 0 0 0 760 3 6 6 2
3 6 1 0 0 0 760 3 9 9 6
3 7 1 0 0 0 760 2 12 12 9
3 8 1 0 0 0 760 2 8 8 12
3 9 1 1 0 0 721 1 12 12 8
3 10 1 1 0 0 547 1 8 8 12
3 11 1 0 0 0 760 2 13 13 8
3 12 0 0 1 0 760 1 8 8 13
3 13 1 0 0 0 760 3 6 6 8
3 14 1 1 0 0 454 1 8 8 6
3 15 1 1 0 0 560 1 6 6 8
3 16 1 0 0 0 760 2 12 12 6
3 17 1 0 0 0 760 2 14 14 12
3 18 1 1 0 0 458 1 12 12 14
3 19 0 0 0 1 435 3 9 9 12
3 20 1 1 0 0 574 1 12 12 9
3 21 1 1 0 0 474 1 9 9 12
3 22 0 0 0 1 425 2 13 13 9
3 23 1 0 0 0 760 2 4 4 13
3 24 0 0 0 1 447 3 14 14 4
3 25 0 0 0 1 749 2 12 12 14
