1 1 1 0 0 0 760 2 1 1 0
1 2 1 0 0 0 760 2 15 15 1
1 3 0 0 1 0 760 1 1 1 15
1 4 1 0 0 0 760 3 12 12 1
1 5 1 0 0 0 760 2 9 9 12
1 6 1 0 0 0 760 3 7 7 9
1 7 1 0 0 0 760 2 2 2 7
1 8 0 0 1 0 760 1 7 7 2
1 9 1 0 0 0 760 2 6 6 7
1 10 1 0 0 0 760 2 2 2 6
1 11 1 0 0 0 760 3 2 2 2
1 12 0 0 1 0 760 1 2 2 2
1 13 1 0 0 0 760 2 3 3 2
1 14 0 0 1 0 760 1 2 2 3
1 15 0 0 1 0 760 1 3 3 2
1 16 0 0 1 0 760 1 2 2 3
1 17 1 0 0 0 760 2 14 14 2
1 18 1 0 0 0 760 3 5 5 14
1 19 1 0 0 0 760 2 8 8 5
1 20 0 0 1 0 760 1 5 5 8
1 21 1 0 0 0 760 2 7 7 5
1 22 1 0 0 0 760 3 4 4 7
1 23 1 0 0 0 760 2 4 4 4
1 24 1 0 0 0 760 3 5 5 4
1 25 0 0 1 0 760 1 4 4 5
2 1 1 0 0 0 760 1 9 9 4
2 2 1 0 0 0 760 1 12 12 9
2 3 1 1 0 0 520 1 9 9 12
2 4 1 0 0 0 760 2 14 14 9
2 5 1 0 0 0 760 2 1 1 14
2 6 1 0 0 0 760 2 8 8 1
2 7 1 0 0 0 760 2 9 9 8
2 8 1 0 0 0 760 2 12 12 9
2 9 1 0 0 0 760 2 7 7 12
2 10 0 0 1 0 760 1 12 12 7
2 11 1 1 0 0 683 1 7 7 12
2 12 1 0 0 0 760 2 2 2 7
2 13 1 1 0 0 641 1 7 7 2
2 14 1 0 0 0 760 3 12 12 7
2 15 1 0 0 0 760 3 10 10 12
2 16 1 0 0 0 760 3 9 9 10
2 17 1 0 0 0 760 2 8 8 9
2 18 1 0 0 0 760 2 14 14 8
2 19 1 0 0 0 760 3 13 13 14
2 20 1 0 0 0 760 3 2 2 13
2 21 1 0 0 0 760 2 6 6 2
2 22 0 0 0 1 645 3 6 6 6
2 23 0 0 1 0 760 1 6 6 6
2 24 1 0 0 0 760 3 2 2 6
2 25 1 0 0 0 760 2 1 1 2
3 1 1 0 0 0 760 1 1 1 1
3 2 1 0 0 0 760 2 10 10 1
3 3 1 0 0 0 760 3 15 15 10
3 4 0 0 1 0 760 1 10 10 15
3 5 1 1 0 0 684 1 15 15 10
3 6 1 1 0 0 530 1 10 10 15
3 7 1 1 0 0 611 1 15 15 10
3 8 1 1 0 0 515 1 10 10 15
3 9 1 0 0 0 760 3 10 10 10
3 10 1 0 0 0 760 2 7 7 10
3 11 1 1 0 0 716 1 10 10 7
3 12 1 0 0 0 760 2 13 13 10
3 13 1 1 0 0 541 1 10 10 13
3 14 1 0 0 0 760 3 9 9 10
3 15 0 0 0 1 664 3 13 13 9
3 16 1 0 0 0 760 2 2 2 13
3 17 1 0 0 0 760 3 15 15 2
3 18 1 1 0 0 553 1 2 2 15
3 19 1 0 0 0 760 3 3 3 2
3 20 1 0 0 0 760 2 13 13 3
3 21 0 0 0 1 589 3 13 13 13
3 22 1 0 0 0 760 3 11 11 13
3 23 1 0 0 0 760 2 6 6 11
3 24 1 0 0 0 760 3 4 4 6
3 25 1 0 0 0 760 3 5 5 4
