1 1 1 0 0 0 760 3 3 3 0
1 2 1 0 0 0 760 3 8 8 3
1 3 1 0 0 0 760 2 7 7 8
1 4 1 0 0 0 760 3 7 7 7
1 5 1 0 0 0 760 2 1 1 7
1 6 0 0 1 0 760 1 7 7 1
1 7 0 0 1 0 760 1 1 1 7
1 8 0 0 1 0 760 1 7 7 1
1 9 1 0 0 0 760 3 3 3 7
1 10 1 0 0 0 760 3 9 9 3
1 11 0 0 1 0 760 1 3 3 9
1 12 1 0 0 0 760 3 15 15 3
1 13 1 0 0 0 760 3 15 15 15
1 14 1 0 0 0 760 3 3 3 15
1 15 1 0 0 0 760 2 8 8 3
1 16 1 0 0 0 760 3 5 5 8
1 17 1 0 0 0 760 3 4 4 5
1 18 1 0 0 0 760 3 7 7 4
1 19 0 0 1 0 760 1 4 4 7
1 20 0 0 1 0 760 1 7 7 4
1 21 1 0 0 0 760 3 11 11 7
1 22 0 0 1 0 760 1 7 7 11
1 23 1 0 0 0 760 2 12 12 7
1 24 0 0 1 0 760 1 7 7 12
1 25 1 0 0 0 760 3 13 13 7
2 1 1 0 0 0 760 3 6 6 13
2 2 1 0 0 0 760 2 8 8 6
2 3 1 0 0 0 760 2 14 14 8
2 4 1 0 0 0 760 2 11 11 14
2 5 1 1 0 0 433 1 14 14 11
2 6 1 0 0 0 760 3 3 3 14
2 7 1 1 0 0 472 1 14 14 3
2 8 1 1 0 0 662 1 3 3 14
2 9 1 0 0 0 760 2 8 8 3
2 10 1 0 0 0 760 3 13 13 8
2 11 1 0 0 0 760 2 3 3 13
2 12 0 0 0 1 752 3 3 3 3
2 13 0 0 1 0 760 1 3 3 3
2 14 1 1 0 0 693 1 3 3 3
2 15 0 0 1 0 760 1 3 3 3
2 16 1 1 0 0 649 1 3 3 3
2 17 1 0 0 0 760 2 1 1 3
2 18 1 0 0 0 760 2 7 7 1
2 19 0 0 0 1 676 3 7 7 7
2 20 1 0 0 0 760 2 15 15 7
2 21 1 0 0 0 760 2 4 4 15
2 22 0 0 0 1 582 3 4 4 4
2 23 0 0 1 0 760 1 4 4 4
2 24 1 0 0 0 760 3 13 13 4
2 25 0 0 1 0 760 1 4 4 13
3 1 1 0 0 0 760 3 7 7 4
3 2 1 0 0 0 760 1 5 5 7
3 3 1 0 0 0 760 3 13 13 5
3 4 1 0 0 0 760 3 10 10 13
3 5 1 0 0 0 760 2 9 9 10
3 6 1 0 0 0 760 2 11 11 9
3 7 1 1 0 0 607 1 9 9 11
3 8 1 0 0 0 760 2 4 4 9
3 9 1 0 0 0 760 3 13 13 4
3 10 1 0 0 0 760 2 9 9 13
3 11 0 0 0 1 646 3 4 4 9
3 12 1 0 0 0 760 2 5 5 4
3 13 1 0 0 0 760 3 6 6 5
3 14 1 0 0 0 760 2 14 14 6
3 15 1 0 0 0 760 3 1 1 14
3 16 1 1 0 0 527 1 14 14 1
3 17 1 0 0 0 760 3 6 6 14
3 18 1 0 0 0 760 3 7 7 6
3 19 1 1 0 0 478 1 6 6 7
3 20 1 0 0 0 760 3 6 6 6
3 21 1 0 0 0 760 3 1 1 6
3 22 1 1 0 0 536 1 6 6 1
3 23 1 0 0 0 760 3 2 2 6
3 24 1 0 0 0 760 2 9 9 2
3 25 1 0 0 0 760 2 10 10 9
