1 1 1 0 0 0 760 2 12 12 0
1 2 1 0 0 0 760 3 4 4 12
1 3 1 0 0 0 760 3 6 6 4
1 4 1 0 0 0 760 2 12 12 6
1 5 1 0 0 0 760 3 7 7 12
1 6 1 0 0 0 760 3 3 3 7
1 7 0 0 1 0 760 1 7 7 3
1 8 1 0 0 0 760 2 6 6 7
1 9 1 0 0 0 760 2 1 1 6
1 10 0 0 1 0 760 1 6 6 1
1 11 0 0 1 0 760 1 1 1 6
1 12 1 0 0 0 760 3 14 14 1
1 13 1 0 0 0 760 3 15 15 14
1 14 1 0 0 0 760 2 11 11 15
1 15 1 0 0 0 760 2 11 11 11
1 16 1 0 0 0 760 2 2 2 11
1 17 0 0 1 0 760 1 11 11 2
1 18 1 0 0 0 760 3 7 7 11
1 19 0 0 1 0 760 1 11 11 7
1 20 0 0 1 0 760 1 7 7 11
1 21 0 0 1 0 760 1 11 11 7
1 22 0 0 1 0 760 1 7 7 11
1 23 1 0 0 0 760 2 13 13 7
1 24 0 0 1 0 760 1 7 7 13
1 25 0 0 1 0 760 1 13 13 7
2 1 1 0 0 0 760 1 13 13 13
2 2 1 0 0 0 760 2 7 7 13
2 3 1 0 0 0 760 2 3 3 7
2 4 1 0 0 0 760 2 14 14 3
2 5 1 0 0 0 760 2 7 7 14
2 6 1 1 0 0 446 1 14 14 7
2 7 1 1 0 0 511 1 7 7 14
2 8 1 1 0 0 577 1 14 14 7
2 9 1 0 0 0 760 3 1 1 14
2 10 0 0 1 0 760 1 14 14 1
2 11 1 0 0 0 760 2 5 5 14
2 12 1 0 0 0 760 2 2 2 5
2 13 0 0 1 0 760 1 5 5 2
2 14 1 0 0 0 760 2 13 13 5
2 15 0 0 1 0 760 1 5 5 13
2 16 0 0 1 0 760 1 13 13 5
2 17 1 0 0 0 760 3 13 13 13
2 18 1 1 0 0 485 1 13 13 13
2 19 1 0 0 0 760 2 2 2 13
2 20 1 0 0 0 760 3 1 1 2
2 21 1 0 0 0 760 3 9 9 1
2 22 1 0 0 0 760 3 9 9 9
2 23 1 1 0 0 514 1 9 9 9
2 24 1 1 0 0 705 1 9 9 9
2 25 1 0 0 0 760 3 10 10 9
3 1 1 0 0 0 760 3 12 12 10
3 2 1 0 0 0 760 3 8 8 12
3 3 1 0 0 0 760 2 5 5 8
3 4 0 0 1 0 760 1 8 8 5
3 5 1 1 0 0 735 1 5 5 8
3 6 0 0 1 0 760 1 8 8 5
3 7 1 0 0 0 760 2 12 12 8
3 8 0 0 1 0 760 1 8 8 12
3 9 0 0 1 0 760 1 12 12 8
3 10 1 0 0 0 760 2 13 13 12
3 11 0 0 1 0 760 1 12 12 13
3 12 0 0 1 0 760 1 13 13 12
3 13 1 0 0 0 760 2 14 14 13
3 14 1 0 0 0 760 2 4 4 14
3 15 1 0 0 0 760 3 1 1 4
3 16 1 1 0 0 723 1 4 4 1
3 17 1 0 0 0 760 3 3 3 4
3 18 1 0 0 0 760 2 10 10 3
3 19 1 1 0 0 457 1 3 3 10
3 20 1 0 0 0 760 2 4 4 3
3 21 1 0 0 0 760 3 10 10 4
3 22 1 0 0 0 760 2 9 9 10
3 23 1 0 0 0 760 3 3 3 9
3 24 1 0 0 0 760 3 4 4 3
3 25 1 1 0 0 662 1 3 3 4
