1 1 1 0 0 0 760 3 6 6 0
1 2 1 0 0 0 760 2 3 3 6
1 3 1 0 0 0 760 2 7 7 3
1 4 1 0 0 0 760 3 1 1 7
1 5 1 0 0 0 760 3 6 6 1
1 6 1 0 0 0 760 2 11 11 6
1 7 0 0 1 0 760 1 6 6 11
1 8 1 0 0 0 760 3 14 14 6
1 9 0 0 1 0 760 1 6 6 14
1 10 0 0 1 0 624 1 14 14 6
1 11 0 0 1 0 511 1 6 6 14
1 12 0 0 1 0 598 1 14 14 6
1 13 1 0 0 0 760 2 3 3 14
1 14 1 0 0 0 760 3 1 1 3
1 15 1 0 0 0 760 3 6 6 1
1 16 1 0 0 0 760 3 14 14 6
1 17 1 0 0 0 760 3 2 2 14
1 18 1 0 0 0 760 2 2 2 2
1 19 1 0 0 0 760 2 13 13 2
1 20 1 0 0 0 760 3 13 13 13
1 21 1 0 0 0 760 2 5 5 13
1 22 1 0 0 0 760 2 1 1 5
1 23 0 0 1 0 760 1 5 5 1
1 24 0 0 1 0 760 1 1 1 5
1 25 1 0 0 0 760 3 11 11 1
2 1 1 0 0 0 760 3 7 7 11
2 2 1 0 0 0 760 1 15 15 7
2 3 1 0 0 0 760 2 3 3 15
2 4 1 0 0 0 760 2 12 12 3
2 5 1 1 0 0 465 1 3 3 12
2 6 1 0 0 0 760 2 7 7 3
2 7 1 0 0 0 760 3 15 15 7
2 8 1 0 0 0 760 3 9 9 15
2 9 0 0 1 0 760 1 15 15 9
2 10 0 0 1 0 760 1 9 9 15
2 11 1 0 0 0 760 3 11 11 9
2 12 1 1 0 0 528 1 9 9 11
2 13 1 0 0 0 760 3 12 12 9
2 14 1 0 0 0 760 2 7 7 12
2 15 1 0 0 0 760 3 1 1 7
2 16 1 0 0 0 760 3 8 8 1
2 17 1 0 0 0 760 3 8 8 8
2 18 1 0 0 0 760 3 12 12 8
2 19 0 0 1 0 760 1 8 8 12
2 20 1 1 0 0 568 1 12 12 8
2 21 1 0 0 0 760 3 5 5 12
2 22 1 0 0 0 760 3 14 14 5
2 23 0 0 0 1 677 3 8 8 14
2 24 1 0 0 0 760 3 12 12 8
2 25 1 0 0 0 760 2 1 1 12
3 1 1 0 0 0 760 1 15 15 1
3 2 1 0 0 0 760 3 11 11 15
3 3 1 1 0 0 634 1 15 15 11
3 4 1 0 0 0 760 3 14 14 15
3 5 1 0 0 0 760 3 6 6 14
3 6 1 0 0 0 760 2 11 11 6
3 7 1 0 0 0 760 2 1 1 11
3 8 1 0 0 0 760 2 2 2 1
3 9 1 0 0 0 760 2 15 15 2
3 10 1 0 0 0 760 3 7 7 15
3 11 1 0 0 0 760 2 4 4 7
3 12 0 0 0 1 573 3 15 15 4
3 13 1 0 0 0 760 3 1 1 15
3 14 1 0 0 0 760 3 1 1 1
3 15 1 0 0 0 760 2 14 14 1
3 16 1 0 0 0 760 3 3 3 14
3 17 1 0 0 0 760 2 9 9 3
3 18 1 0 0 0 760 3 6 6 9
3 19 1 0 0 0 760 3 5 5 6
3 20 1 0 0 0 760 2 3 3 5
3 21 1 0 0 0 760 2 4 4 3
3 22 1 0 0 0 760 3 15 15 4
3 23 1 1 0 0 670 1 4 4 15
3 24 1 1 0 0 578 1 15 15 4
3 25 0 0 1 0 760 1 4 4 15
