1 1 1 0 0 0 760 1 3 3 0
1 2 1 0 0 0 760 2 13 13 3
1 3 0 0 1 0 517 1 3 3 13
1 4 0 0 1 0 760 1 13 13 3
1 5 1 0 0 0 760 3 1 1 13
1 6 1 0 0 0 760 3 15 15 1
1 7 1 0 0 0 760 3 12 12 15
1 8 1 0 0 0 760 2 12 12 12
1 9 1 0 0 0 760 3 6 6 12
1 10 1 0 0 0 760 3 2 2 6
1 11 1 0 0 0 760 2 1 1 2
1 12 0 0 1 0 685 1 2 2 1
1 13 1 0 0 0 760 2 4 4 2
1 14 0 0 1 0 533 1 2 2 4
1 15 0 0 1 0 654 1 4 4 2
1 16 0 0 1 0 760 1 2 2 4
1 17 0 0 1 0 760 1 4 4 2
1 18 1 0 0 0 632 2 8 8 4
1 19 1 0 0 0 760 2 3 3 8
1 20 1 0 0 0 760 3 14 14 3
1 21 1 0 0 0 760 3 12 12 14
1 22 1 0 0 0 760 2 8 8 12
1 23 0 0 1 0 760 1 12 12 8
1 24 0 0 1 0 677 1 8 8 12
1 25 0 0 1 0 654 1 12 12 8
2 1 1 0 0 0 760 2 5 5 12
2 2 1 0 0 0 760 2 7 7 5
2 3 1 0 0 0 760 3 9 9 7
2 4 1 0 0 0 760 3 5 5 9
2 5 1 1 0 0 684 1 9 9 5
2 6 1 0 0 0 760 3 2 2 9
2 7 0 0 1 0 760 1 9 9 2
2 8 1 0 0 0 760 3 15 15 9
2 9 0 0 0 1 509 2 15 15 15
2 10 1 0 0 0 760 2 4 4 15
2 11 1 0 0 0 760 2 4 4 4
2 12 1 1 0 0 432 1 4 4 4
2 13 1 0 0 0 760 2 1 1 4
2 14 1 0 0 0 760 3 3 3 1
2 15 1 0 0 0 760 2 7 7 3
2 16 1 1 0 0 461 1 3 3 7
2 17 1 0 0 0 760 2 4 4 3
2 18 1 0 0 0 760 3 1 1 4
2 19 1 0 0 0 760 3 14 14 1
2 20 1 1 0 0 453 1 1 1 14
2 21 1 0 0 0 760 2 5 5 1
2 22 1 1 0 0 626 1 1 1 5
2 23 0 0 1 0 760 1 5 5 1
2 24 1 0 0 0 760 2 6 6 5
2 25 1 0 0 0 760 3 7 7 6
3 1 1 0 0 0 760 1 3 3 7
3 2 1 0 0 0 760 1 12 12 3
3 3 1 0 0 0 760 2 13 13 12
3 4 0 0 1 0 760 1 12 12 13
3 5 0 0 1 0 760 1 13 13 12
3 6 0 0 1 0 760 1 12 12 13
3 7 1 0 0 0 760 2 7 7 12
3 8 1 0 0 0 760 3 5 5 7
3 9 1 0 0 0 760 3 1 1 5
3 10 1 0 0 0 760 2 2 2 1
3 11 1 1 0 0 490 1 1 1 2
3 12 1 0 0 0 760 3 15 15 1
3 13 1 0 0 0 760 2 12 12 15
3 14 1 1 0 0 436 1 15 15 12
3 15 1 1 0 0 736 1 12 12 15
3 16 1 0 0 0 760 2 5 5 12
3 17 1 0 0 0 760 3 13 13 5
3 18 1 0 0 0 760 2 7 7 13
3 19 1 1 0 0 570 1 13 13 7
3 20 1 0 0 0 760 2 8 8 13
3 21 1 0 0 0 760 3 2 2 8
3 22 1 0 0 0 760 3 9 9 2
3 23 1 1 0 0 522 1 2 2 9
3 24 1 1 0 0 733 1 9 9 2
3 25 0 0 0 1 554 3 3 3 9
