1 1 1 0 0 0 760 1 11 11 0
1 2 1 0 0 0 760 1 11 11 11
1 3 1 0 0 0 760 2 6 6 11
1 4 1 1 0 0 521 1 11 11 6
1 5 1 0 0 0 760 3 15 15 11
1 6 1 1 0 0 535 1 11 11 15
1 7 1 1 0 0 591 1 15 15 11
1 8 1 0 0 0 760 3 10 10 15
1 9 1 0 0 0 760 3 6 6 10
1 10 1 1 0 0 676 1 10 10 6
1 11 1 0 0 0 760 3 3 3 10
1 12 1 0 0 0 760 2 4 4 3
1 13 1 0 0 0 760 3 12 12 4
1 14 1 0 0 0 760 2 9 9 12
1 15 1 0 0 0 760 3 2 2 9
1 16 1 0 0 0 760 3 7 7 2
1 17 1 0 0 0 760 3 7 7 7
1 18 1 0 0 0 760 2 10 10 7
1 19 1 0 0 0 760 3 8 8 10
1 20 1 0 0 0 760 3 9 9 8
1 21 1 0 0 0 760 2 3 3 9
1 22 0 0 1 0 760 1 9 9 3
1 23 1 0 0 0 760 2 8 8 9
1 24 1 1 0 0 531 1 9 9 8
1 25 1 0 0 0 760 3 4 4 9
2 1 1 0 0 0 760 1 12 12 4
2 2 1 0 0 0 760 3 13 13 12
2 3 1 0 0 0 760 2 13 13 13
2 4 1 0 0 0 760 3 2 2 13
2 5 1 0 0 0 760 3 1 1 2
2 6 1 1 0 0 704 1 2 2 1
2 7 1 0 0 0 760 2 3 3 2
2 8 1 1 0 0 705 1 2 2 3
2 9 1 1 0 0 572 1 3 3 2
2 10 1 0 0 0 760 2 14 14 3
2 11 1 0 0 0 760 2 1 1 14
2 12 0 0 1 0 760 1 14 14 1
2 13 0 0 0 1 726 3 14 14 14
2 14 1 1 0 0 544 1 14 14 14
2 15 0 0 1 0 760 1 14 14 14
2 16 1 1 0 0 735 1 14 14 14
2 17 1 1 0 0 718 1 14 14 14
2 18 1 1 0 0 649 1 14 14 14
2 19 1 0 0 0 760 3 7 7 14
2 20 1 1 0 0 508 1 14 14 7
2 21 1 0 0 0 760 3 8 8 14
2 22 1 1 0 0 624 1 14 14 8
2 23 1 0 0 0 760 3 3 3 14
2 24 1 0 0 0 760 2 2 2 3
2 25 1 0 0 0 760 3 11 11 2
3 1 1 0 0 0 760 2 8 8 11
3 2 1 0 0 0 760 1 2 2 8
3 3 1 0 0 0 760 3 15 15 2
3 4 1 0 0 0 760 2 3 3 15
3 5 1 0 0 0 760 3 8 8 3
3 6 1 0 0 0 760 2 9 9 8
3 7 0 0 1 0 760 1 8 8 9
3 8 1 0 0 0 760 2 5 5 8
3 9 0 0 1 0 760 1 8 8 5
3 10 1 0 0 0 760 3 10 10 8
3 11 1 1 0 0 566 1 8 8 10
3 12 1 0 0 0 760 3 9 9 8
3 13 1 1 0 0 578 1 8 8 9
3 14 0 0 1 0 760 1 9 9 8
3 15 1 0 0 0 760 3 15 15 9
3 16 1 0 0 0 760 3 11 11 15
3 17 1 0 0 0 760 3 9 9 11
3 18 1 1 0 0 515 1 11 11 9
3 19 1 0 0 0 760 2 15 15 11
3 20 1 0 0 0 760 3 7 7 15
3 21 1 0 0 0 760 3 14 14 7
3 22 1 1 0 0 521 1 7 7 14
3 23 1 1 0 0 513 1 14 14 7
3 24 1 0 0 0 760 3 9 9 14
3 25 1 0 0 0 760 2 5 5 9
