1 1 1 0 0 0 760 1 11 11 0
1 2 1 0 0 0 683 1 4 4 11
1 3 1 0 0 0 760 3 12 12 4
1 4 1 0 0 0 760 3 2 2 12
1 5 1 0 0 0 760 2 4 4 2
1 6 1 0 0 0 760 3 1 1 4
1 7 1 0 0 0 760 3 5 5 1
1 8 0 0 1 0 760 1 1 1 5
1 9 1 0 0 0 760 3 3 3 1
1 10 1 1 0 0 760 1 1 1 3
1 11 1 0 0 0 760 2 2 2 1
1 12 1 0 0 0 760 2 6 6 2
1 13 1 1 0 0 599 1 2 2 6
1 14 1 0 0 0 760 3 9 9 2
1 15 1 0 0 0 760 3 8 8 9
1 16 1 0 0 0 760 2 4 4 8
1 17 1 0 0 0 760 2 15 15 4
1 18 0 0 1 0 760 1 4 4 15
1 19 1 1 0 0 599 1 15 15 4
1 20 1 0 0 0 760 2 14 14 15
1 21 1 1 0 0 609 1 15 15 14
1 22 1 0 0 0 760 2 3 3 15
1 23 0 0 0 1 549 2 6 6 3
1 24 1 0 0 0 760 2 5 5 6
1 25 1 1 0 0 561 1 6 6 5
2 1 1 0 0 0 760 3 4 4 6
2 2 1 0 0 0 760 2 7 7 4
2 3 1 1 0 0 647 1 4 4 7
2 4 1 0 0 0 760 3 2 2 4
2 5 1 0 0 0 760 3 8 8 2
2 6 1 1 0 0 507 1 2 2 8
2 7 1 0 0 0 760 3 7 7 2
2 8 0 0 1 0 760 1 2 2 7
2 9 1 1 0 0 542 1 7 7 2
2 10 0 0 1 0 760 1 2 2 7
2 11 1 0 0 0 760 3 2 2 2
2 12 0 0 1 0 760 1 2 2 2
2 13 1 0 0 0 760 2 11 11 2
2 14 1 1 0 0 523 1 2 2 11
2 15 0 0 1 0 760 1 11 11 2
2 16 1 0 0 0 760 2 13 13 11
2 17 0 0 0 1 600 3 2 2 13
2 18 0 0 1 0 760 1 13 13 2
2 19 1 0 0 0 760 3 3 3 13
2 20 1 1 0 0 600 1 13 13 3
2 21 1 1 0 0 465 1 3 3 13
2 22 1 0 0 0 760 3 1 1 3
2 23 1 0 0 0 760 3 15 15 1
2 24 0 0 1 0 760 1 1 1 15
2 25 1 1 0 0 688 1 15 15 1
3 1 1 0 0 0 760 3 2 2 15
3 2 1 0 0 0 760 1 1 1 2
3 3 1 0 0 0 760 3 11 11 1
3 4 1 0 0 0 760 3 7 7 11
3 5 1 0 0 0 760 3 10 10 7
3 6 1 1 0 0 729 1 7 7 10
3 7 1 0 0 0 760 3 2 2 7
3 8 1 0 0 0 760 2 15 15 2
3 9 1 0 0 0 760 2 11 11 15
3 10 1 1 0 0 744 1 15 15 11
3 11 1 0 0 0 760 2 6 6 15
3 12 1 0 0 0 760 2 12 12 6
3 13 0 0 1 0 760 1 6 6 12
3 14 1 1 0 0 643 1 12 12 6
3 15 0 0 0 1 503 2 14 14 12
3 16 0 0 0 1 683 3 15 15 14
3 17 0 0 0 1 598 2 9 9 15
3 18 0 0 0 1 567 3 14 14 9
3 19 0 0 0 1 684 3 6 6 14
3 20 0 0 1 0 760 1 14 14 6
3 21 1 0 0 0 760 3 7 7 14
3 22 1 0 0 0 760 2 6 6 7
3 23 1 0 0 0 760 2 13 13 6
3 24 1 0 0 0 760 2 3 3 13
3 25 0 0 1 0 760 1 13 13 3
