1 1 1 0 0 0 760 2 14 14 0
1 2 1 0 0 0 760 2 15 15 14
1 3 1 1 0 0 546 1 14 14 15
1 4 1 0 0 0 760 2 14 14 14
1 5 1 0 0 0 760 3 1 1 14
1 6 1 1 0 0 637 1 14 14 1
1 7 0 0 1 0 760 1 1 1 14
1 8 1 0 0 0 760 3 13 13 1
1 9 1 0 0 0 760 2 6 6 13
1 10 0 0 1 0 760 1 13 13 6
1 11 1 0 0 0 760 3 2 2 13
1 12 0 0 1 0 735 1 13 13 2
1 13 1 0 0 0 760 3 12 12 13
1 14 1 0 0 0 760 2 14 14 12
1 15 1 0 0 0 760 2 10 10 14
1 16 1 0 0 0 760 3 8 8 10
1 17 1 0 0 0 760 3 14 14 8
1 18 1 1 0 0 629 1 8 8 14
1 19 1 1 0 0 694 1 14 14 8
1 20 1 0 0 0 760 3 11 11 14
1 21 0 0 1 0 760 1 14 14 11
1 22 1 1 0 0 743 1 11 11 14
1 23 1 0 0 0 760 2 4 4 11
1 24 1 0 0 0 760 2 6 6 4
1 25 1 0 0 0 760 3 2 2 6
2 1 1 0 0 0 760 3 14 14 2
2 2 1 0 0 0 760 3 10 10 14
2 3 1 1 0 0 431 1 14 14 10
2 4 1 0 0 0 760 3 5 5 14
2 5 1 1 0 0 504 1 14 14 5
2 6 1 0 0 0 760 2 2 2 14
2 7 1 0 0 0 760 3 1 1 2
2 8 1 0 0 0 760 3 3 3 1
2 9 0 0 1 0 760 1 1 1 3
2 10 1 0 0 0 760 3 12 12 1
2 11 1 1 0 0 505 1 1 1 12
2 12 1 1 0 0 503 1 12 12 1
2 13 1 1 0 0 502 1 1 1 12
2 14 1 1 0 0 518 1 12 12 1
2 15 1 0 0 0 760 3 3 3 12
2 16 1 0 0 0 760 2 5 5 3
2 17 1 0 0 0 760 3 6 6 5
2 18 1 0 0 0 760 2 1 1 6
2 19 1 0 0 0 760 3 14 14 1
2 20 1 0 0 0 760 2 11 11 14
2 21 0 0 1 0 760 1 14 14 11
2 22 0 0 1 0 760 1 11 11 14
2 23 1 0 0 0 760 3 13 13 11
2 24 1 0 0 0 760 2 3 3 13
2 25 1 0 0 0 760 2 15 15 3
3 1 1 0 0 0 760 3 9 9 15
3 2 1 0 0 0 760 3 13 13 9
3 3 1 1 0 0 473 1 9 9 13
3 4 1 0 0 0 760 3 14 14 9
3 5 1 0 0 0 760 3 10 10 14
3 6 1 0 0 0 760 2 8 8 10
3 7 1 0 0 0 760 2 13 13 8
3 8 1 0 0 0 760 3 1 1 13
3 9 1 0 0 0 760 3 5 5 1
3 10 1 1 0 0 687 1 1 1 5
3 11 0 0 1 0 760 1 5 5 1
3 12 1 0 0 0 760 2 2 2 5
3 13 1 0 0 0 760 3 9 9 2
3 14 1 0 0 0 760 3 10 10 9
3 15 1 0 0 0 760 3 5 5 10
3 16 1 1 0 0 519 1 10 10 5
3 17 1 1 0 0 588 1 5 5 10
3 18 1 0 0 0 760 2 11 11 5
3 19 1 1 0 0 660 1 5 5 11
3 20 1 0 0 0 760 2 9 9 5
3 21 1 0 0 0 760 3 8 8 9
3 22 1 0 0 0 760 2 7 7 8
3 23 1 1 0 0 495 1 8 8 7
3 24 1 1 0 0 610 1 7 7 8
3 25 1 0 0 0 760 3 10 10 7
