1 1 1 0 0 0 204 2 9 9 0
1 2 1 0 0 0 760 3 5 5 9
1 3 1 0 0 0 760 2 7 7 5
1 4 1 0 0 0 760 2 10 10 7
1 5 0 0 1 0 599 1 7 7 10
1 6 1 0 0 0 760 3 2 2 7
1 7 1 0 0 0 760 2 14 14 2
1 8 1 0 0 0 760 2 13 13 14
1 9 0 0 0 1 654 2 8 8 13
1 10 1 0 0 0 760 3 2 2 8
1 11 0 0 1 0 760 1 8 8 2
1 12 1 0 0 0 760 3 12 12 8
1 13 0 0 0 1 576 3 11 11 12
1 14 1 1 0 0 711 1 12 12 11
1 15 1 0 0 0 760 3 13 13 12
1 16 0 0 0 1 486 2 11 11 13
1 17 1 0 0 0 760 2 7 7 11
1 18 1 0 0 0 760 2 4 4 7
1 19 1 0 0 0 760 3 9 9 4
1 20 1 0 0 0 716 2 3 3 9
1 21 0 0 1 0 760 1 9 9 3
1 22 1 1 0 0 576 1 3 3 9
1 23 1 1 0 0 567 1 9 9 3
1 24 1 0 0 0 760 2 10 10 9
1 25 1 0 0 0 760 3 12 12 10
2 1 1 0 0 0 760 2 12 12 12
2 2 1 0 0 0 760 2 13 13 12
2 3 1 0 0 0 760 3 11 11 13
2 4 1 0 0 0 760 2 7 7 11
2 5 1 0 0 0 760 3 4 4 7
2 6 1 0 0 0 760 2 10 10 4
2 7 1 0 0 0 760 2 10 10 10
2 8 1 1 0 0 588 1 10 10 10
2 9 1 0 0 0 760 2 7 7 10
2 10 1 0 0 0 760 3 11 11 7
2 11 0 0 1 0 760 1 7 7 11
2 12 1 0 0 0 760 3 12 12 7
2 13 1 0 0 0 760 3 9 9 12
2 14 1 1 0 0 676 1 12 12 9
2 15 1 0 0 0 760 2 10 10 12
2 16 1 0 0 0 760 2 10 10 10
2 17 1 1 0 0 475 1 10 10 10
2 18 1 0 0 0 760 3 2 2 10
2 19 1 1 0 0 501 1 10 10 2
2 20 1 0 0 0 760 2 6 6 10
2 21 1 0 0 0 760 3 13 13 6
2 22 0 0 1 0 760 1 6 6 13
2 23 0 0 0 1 666 2 6 6 6
2 24 1 0 0 0 760 2 9 9 6
2 25 1 0 0 0 760 3 13 13 9
3 1 1 0 0 0 760 1 6 6 13
3 2 1 0 0 0 760 2 8 8 6
3 3 0 0 1 0 760 1 6 6 8
3 4 1 1 0 0 640 1 8 8 6
3 5 0 0 1 0 760 1 6 6 8
3 6 1 0 0 0 760 2 15 15 6
3 7 1 0 0 0 760 3 1 1 15
3 8 1 1 0 0 505 1 15 15 1
3 9 1 0 0 0 760 3 6 6 15
3 10 1 0 0 0 760 3 5 5 6
3 11 0 0 0 1 636 3 15 15 5
3 12 1 1 0 0 655 1 5 5 15
3 13 1 0 0 0 760 3 12 12 5
3 14 1 1 0 0 728 1 5 5 12
3 15 1 0 0 0 760 2 14 14 5
3 16 1 0 0 0 760 2 6 6 14
3 17 1 0 0 0 760 3 9 9 6
3 18 1 0 0 0 760 2 2 2 9
3 19 0 0 0 1 715 3 6 6 2
3 20 0 0 1 0 760 1 2 2 6
3 21 1 0 0 0 760 2 9 9 2
3 22 1 0 0 0 760 3 10 10 9
3 23 0 0 0 1 574 3 3 3 10
3 24 0 0 1 0 760 1 10 10 3
3 25 1 0 0 0 760 3 13 13 10
