1 1 1 0 0 0 760 2 10 10 0
1 2 1 0 0 0 611 2 6 6 10
1 3 1 1 0 0 753 1 10 10 6
1 4 0 0 0 1 541 2 5 5 10
1 5 1 0 0 0 760 2 12 12 5
1 6 0 0 0 1 647 2 12 12 12
1 7 1 0 0 0 760 2 7 7 12
1 8 0 0 0 1 33 2 8 8 7
1 9 0 0 1 0 760 1 7 7 8
1 10 1 1 0 0 762 1 8 8 7
1 11 1 1 0 0 581 1 7 7 8
1 12 1 0 0 0 760 2 14 14 7
1 13 1 0 0 0 760 2 2 2 14
1 14 1 0 0 0 760 3 5 5 2
1 15 1 1 0 0 742 1 2 2 5
1 16 1 0 0 0 760 3 4 4 2
1 17 0 0 0 1 534 2 6 6 4
1 18 1 0 0 0 760 2 8 8 6
1 19 1 0 0 0 760 2 4 4 8
1 20 0 0 0 1 550 2 2 2 4
1 21 1 0 0 0 760 3 11 11 2
1 22 1 1 0 0 609 1 2 2 11
1 23 1 0 0 0 760 2 4 4 2
1 24 1 0 0 0 760 3 13 13 4
1 25 1 0 0 0 760 2 5 5 13
2 1 1 0 0 0 760 2 9 9 5
2 2 1 0 0 0 760 1 15 15 9
2 3 1 0 0 0 760 2 8 8 15
2 4 1 1 0 0 570 1 15 15 8
2 5 1 1 0 0 465 1 8 8 15
2 6 1 0 0 0 760 2 11 11 8
2 7 1 0 0 0 760 3 5 5 11
2 8 1 0 0 0 760 2 2 2 5
2 9 1 0 0 0 760 3 13 13 2
2 10 1 0 0 0 760 3 10 10 13
2 11 1 0 0 0 760 2 2 2 10
2 12 1 0 0 0 760 3 9 9 2
2 13 1 1 0 0 494 1 2 2 9
2 14 1 0 0 0 760 3 6 6 2
2 15 0 0 1 0 760 1 2 2 6
2 16 0 0 1 0 760 1 6 6 2
2 17 1 0 0 0 760 2 7 7 6
2 18 1 0 0 0 760 3 3 3 7
2 19 1 0 0 0 760 2 11 11 3
2 20 1 0 0 0 760 2 6 6 11
2 21 0 0 1 0 760 1 11 11 6
2 22 0 0 0 1 515 3 11 11 11
2 23 1 0 0 0 760 2 2 2 11
2 24 0 0 1 0 760 1 11 11 2
2 25 0 0 1 0 760 1 2 2 11
3 1 1 0 0 0 760 3 8 8 2
3 2 1 0 0 0 760 1 14 14 8
3 3 0 0 0 1 171 3 9 9 14
3 4 0 0 1 0 760 1 14 14 9
3 5 1 0 0 0 760 3 6 6 14
3 6 1 0 0 0 760 3 1 1 6
3 7 1 0 0 0 760 2 10 10 1
3 8 0 0 1 0 760 1 1 1 10
3 9 1 0 0 0 760 3 2 2 1
3 10 1 1 0 0 527 1 1 1 2
3 11 1 1 0 0 743 1 2 2 1
3 12 1 0 0 0 760 3 14 14 2
3 13 1 0 0 0 760 3 4 4 14
3 14 0 0 1 0 760 1 14 14 4
3 15 0 0 0 1 632 3 11 11 14
3 16 1 0 0 0 760 2 6 6 11
3 17 1 0 0 0 760 2 13 13 6
3 18 0 0 0 1 523 2 5 5 13
3 19 1 0 0 0 760 3 9 9 5
3 20 1 0 0 0 760 2 4 4 9
3 21 1 0 0 0 760 2 11 11 4
3 22 1 0 0 0 760 2 1 1 11
3 23 1 0 0 0 760 2 3 3 1
3 24 0 0 0 1 613 2 3 3 3
3 25 0 0 0 1 698 3 1 1 3
