1 1 1 0 0 0 760 2 5 5 0
1 2 1 0 0 0 760 3 10 10 5
1 3 1 1 0 0 499 1 5 5 10
1 4 1 1 0 0 590 1 10 10 5
1 5 1 0 0 0 760 3 3 3 10
1 6 1 0 0 0 760 2 4 4 3
1 7 1 0 0 0 760 2 13 13 4
1 8 1 0 0 0 760 3 14 14 13
1 9 1 1 0 0 713 1 13 13 14
1 10 1 0 0 0 760 2 12 12 13
1 11 0 0 1 0 760 1 13 13 12
1 12 1 0 0 0 760 3 9 9 13
1 13 0 0 1 0 760 1 13 13 9
1 14 1 1 0 0 737 1 9 9 13
1 15 1 1 0 0 656 1 13 13 9
1 16 0 0 1 0 760 1 9 9 13
1 17 1 0 0 0 760 3 14 14 9
1 18 0 0 1 0 760 1 9 9 14
1 19 1 0 0 0 760 3 15 15 9
1 20 1 0 0 0 760 2 10 10 15
1 21 0 0 1 0 760 1 15 15 10
1 22 1 0 0 0 760 3 4 4 15
1 23 0 0 1 0 760 1 15 15 4
1 24 0 0 1 0 760 1 4 4 15
1 25 1 0 0 0 760 2 10 10 4
2 1 1 0 0 0 760 2 3 3 10
2 2 1 0 0 0 760 3 12 12 3
2 3 1 0 0 0 760 2 8 8 12
2 4 1 1 0 0 586 1 12 12 8
2 5 1 0 0 0 760 2 13 13 12
2 6 1 0 0 0 760 2 1 1 13
2 7 1 0 0 0 760 3 7 7 1
2 8 1 0 0 0 760 2 3 3 7
2 9 1 1 0 0 516 1 7 7 3
2 10 1 1 0 0 467 1 3 3 7
2 11 1 0 0 0 760 2 15 15 3
2 12 1 1 0 0 605 1 3 3 15
2 13 1 0 0 0 760 3 8 8 3
2 14 1 0 0 0 760 2 6 6 8
2 15 1 0 0 0 760 2 1 1 6
2 16 1 0 0 0 760 2 3 3 1
2 17 0 0 1 0 760 1 1 1 3
2 18 0 0 1 0 760 1 3 3 1
2 19 0 0 0 1 646 3 15 15 3
2 20 0 0 0 1 747 3 11 11 15
2 21 1 0 0 0 760 3 4 4 11
2 22 1 1 0 0 527 1 11 11 4
2 23 0 0 1 0 760 1 4 4 11
2 24 1 1 0 0 670 1 11 11 4
2 25 1 0 0 0 760 3 8 8 11
3 1 1 0 0 0 760 1 7 7 8
3 2 1 0 0 0 760 3 4 4 7
3 3 1 0 0 0 760 3 4 4 4
3 4 0 0 0 1 436 3 7 7 4
3 5 1 1 0 0 580 1 4 4 7
3 6 1 1 0 0 502 1 7 7 4
3 7 1 0 0 0 760 2 13 13 7
3 8 1 1 0 0 460 1 7 7 13
3 9 1 0 0 0 760 3 3 3 7
3 10 1 0 0 0 760 2 10 10 3
3 11 1 0 0 0 760 3 12 12 10
3 12 1 1 0 0 508 1 10 10 12
3 13 0 0 0 1 541 2 10 10 10
3 14 1 0 0 0 760 3 5 5 10
3 15 1 1 0 0 549 1 10 10 5
3 16 1 0 0 0 760 2 10 10 10
3 17 1 1 0 0 532 1 10 10 10
3 18 1 1 0 0 566 1 10 10 10
3 19 1 0 0 0 760 2 3 3 10
3 20 1 0 0 0 760 3 5 5 3
3 21 1 0 0 0 760 3 14 14 5
3 22 1 1 0 0 753 1 5 5 14
3 23 1 0 0 0 760 2 3 3 5
3 24 1 1 0 0 659 1 5 5 3
3 25 1 0 0 0 760 2 5 5 5
