1 1 1 0 0 0 760 2 14 14 0
1 2 1 0 0 0 760 2 14 14 14
1 3 1 0 0 0 760 2 7 7 14
1 4 1 0 0 0 760 3 8 8 7
1 5 0 0 1 0 760 1 7 7 8
1 6 0 0 1 0 760 1 8 8 7
1 7 1 0 0 0 760 2 11 11 8
1 8 0 0 1 0 760 1 8 8 11
1 9 1 1 0 0 636 1 11 11 8
1 10 1 0 0 0 760 3 1 1 11
1 11 1 0 0 0 760 2 15 15 1
1 12 1 1 0 0 651 1 1 1 15
1 13 1 0 0 0 760 2 9 9 1
1 14 1 0 0 0 760 3 13 13 9
1 15 1 0 0 0 760 3 7 7 13
1 16 1 1 0 0 723 1 13 13 7
1 17 1 0 0 0 760 3 2 2 13
1 18 1 1 0 0 599 1 13 13 2
1 19 1 0 0 0 760 3 7 7 13
1 20 1 0 0 0 760 3 5 5 7
1 21 0 0 1 0 760 1 7 7 5
1 22 1 0 0 0 760 3 14 14 7
1 23 1 0 0 0 760 3 6 6 14
1 24 1 0 0 0 760 3 6 6 6
1 25 1 1 0 0 648 1 6 6 6
2 1 1 0 0 0 760 1 14 14 6
2 2 1 0 0 0 760 3 12 12 14
2 3 1 0 0 0 760 2 1 1 12
2 4 1 1 0 0 586 1 12 12 1
2 5 1 0 0 0 760 2 5 5 12
2 6 1 0 0 0 760 2 5 5 5
2 7 1 0 0 0 760 3 6 6 5
2 8 1 0 0 0 760 3 14 14 6
2 9 1 0 0 0 760 3 11 11 14
2 10 1 0 0 0 760 3 7 7 11
2 11 1 0 0 0 760 3 9 9 7
2 12 1 0 0 0 760 3 14 14 9
2 13 1 0 0 0 760 2 13 13 14
2 14 1 0 0 0 760 2 3 3 13
2 15 0 0 1 0 760 1 13 13 3
2 16 1 0 0 0 760 2 4 4 13
2 17 1 1 0 0 758 1 13 13 4
2 18 0 0 1 0 760 1 4 4 13
2 19 1 0 0 0 760 2 1 1 4
2 20 0 0 1 0 760 1 4 4 1
2 21 0 0 0 1 631 3 4 4 4
2 22 1 0 0 0 760 2 8 8 4
2 23 0 0 1 0 760 1 4 4 8
2 24 1 0 0 0 760 2 13 13 4
2 25 1 0 0 0 760 2 9 9 13
3 1 1 0 0 0 760 2 2 2 9
3 2 1 0 0 0 760 2 8 8 2
3 3 0 0 1 0 760 1 2 2 8
3 4 1 0 0 0 760 3 1 1 2
3 5 1 1 0 0 761 1 2 2 1
3 6 1 0 0 0 760 3 11 11 2
3 7 1 0 0 0 760 3 1 1 11
3 8 0 0 1 0 760 1 11 11 1
3 9 1 0 0 0 760 2 7 7 11
3 10 0 0 1 0 760 1 11 11 7
3 11 1 0 0 0 760 2 6 6 11
3 12 1 1 0 0 675 1 11 11 6
3 13 1 0 0 0 760 3 8 8 11
3 14 1 0 0 0 760 2 4 4 8
3 15 1 0 0 0 760 2 6 6 4
3 16 0 0 1 0 760 1 4 4 6
3 17 1 0 0 0 760 2 3 3 4
3 18 0 0 1 0 760 1 4 4 3
3 19 1 0 0 0 760 2 11 11 4
3 20 1 0 0 0 760 3 1 1 11
3 21 1 1 0 0 748 1 11 11 1
3 22 1 0 0 0 760 2 8 8 11
3 23 1 0 0 0 760 3 3 3 8
3 24 1 0 0 0 760 3 3 3 3
3 25 1 0 0 0 760 3 7 7 3
