1 1 1 0 0 0 760 1 5 5 0
1 2 1 0 0 0 760 2 4 4 5
1 3 1 1 0 0 689 1 5 5 4
1 4 1 0 0 0 760 2 3 3 5
1 5 1 0 0 0 760 2 8 8 3
1 6 0 0 1 0 760 1 3 3 8
1 7 1 0 0 0 760 3 10 10 3
1 8 1 0 0 0 760 3 2 2 10
1 9 0 0 1 0 760 1 10 10 2
1 10 1 1 0 0 589 1 2 2 10
1 11 1 0 0 0 760 3 15 15 2
1 12 1 0 0 0 760 2 6 6 15
1 13 1 0 0 0 760 2 11 11 6
1 14 1 0 0 0 760 2 13 13 11
1 15 1 0 0 0 760 3 6 6 13
1 16 1 1 0 0 562 1 13 13 6
1 17 1 0 0 0 760 2 2 2 13
1 18 1 0 0 0 760 2 14 14 2
1 19 0 0 1 0 760 1 2 2 14
1 20 1 0 0 0 760 3 8 8 2
1 21 1 1 0 0 592 1 2 2 8
1 22 0 0 1 0 760 1 8 8 2
1 23 1 0 0 0 760 2 5 5 8
1 24 1 1 0 0 693 1 8 8 5
1 25 1 0 0 0 760 2 4 4 8
2 1 1 0 0 0 760 3 14 14 4
2 2 1 0 0 0 760 3 10 10 14
2 3 1 1 0 0 531 1 14 14 10
2 4 0 0 1 0 760 1 10 10 14
2 5 1 0 0 0 760 2 10 10 10
2 6 1 0 0 0 760 2 7 7 10
2 7 1 0 0 0 760 3 8 8 7
2 8 1 0 0 0 760 2 10 10 8
2 9 1 0 0 0 760 3 10 10 10
2 10 0 0 0 1 612 2 8 8 10
2 11 1 1 0 0 571 1 10 10 8
2 12 1 1 0 0 611 1 8 8 10
2 13 1 0 0 0 760 2 9 9 8
2 14 1 0 0 0 760 2 2 2 9
2 15 1 1 0 0 601 1 9 9 2
2 16 1 0 0 0 760 2 3 3 9
2 17 1 0 0 0 760 2 8 8 3
2 18 1 1 0 0 674 1 3 3 8
2 19 1 1 0 0 623 1 8 8 3
2 20 1 0 0 0 760 3 12 12 8
2 21 1 0 0 0 760 2 11 11 12
2 22 1 0 0 0 760 2 6 6 11
2 23 1 0 0 0 760 2 12 12 6
2 24 1 1 0 0 579 1 6 6 12
2 25 1 0 0 0 760 2 9 9 6
3 1 1 0 0 0 760 2 2 2 9
3 2 1 0 0 0 760 2 4 4 2
3 3 1 0 0 0 760 2 10 10 4
3 4 1 0 0 0 760 2 12 12 10
3 5 1 0 0 0 760 3 11 11 12
3 6 1 1 0 0 521 1 12 12 11
3 7 1 1 0 0 656 1 11 11 12
3 8 1 1 0 0 587 1 12 12 11
3 9 1 1 0 0 522 1 11 11 12
3 10 0 0 0 1 670 3 4 4 11
3 11 0 0 1 0 760 1 11 11 4
3 12 1 0 0 0 760 2 10 10 11
3 13 1 0 0 0 760 3 15 15 10
3 14 1 0 0 0 760 2 12 12 15
3 15 1 0 0 0 760 2 14 14 12
3 16 1 0 0 0 760 2 10 10 14
3 17 1 1 0 0 550 1 14 14 10
3 18 1 0 0 0 760 3 12 12 14
3 19 0 0 1 0 760 1 14 14 12
3 20 1 0 0 0 760 2 2 2 14
3 21 1 0 0 0 760 2 6 6 2
3 22 0 0 1 0 760 1 2 2 6
3 23 1 0 0 0 760 2 8 8 2
3 24 1 0 0 0 760 3 11 11 8
3 25 1 0 0 0 760 2 11 11 11
