1 1 1 0 0 0 760 1 13 13 0
1 2 1 0 0 0 760 3 7 7 13
1 3 0 0 1 0 760 1 13 13 7
1 4 1 0 0 0 760 2 1 1 13
1 5 1 1 0 0 659 1 13 13 1
1 6 1 1 0 0 719 1 1 1 13
1 7 1 1 0 0 576 1 13 13 1
1 8 1 0 0 0 760 2 7 7 13
1 9 0 0 0 1 659 3 7 7 7
1 10 1 1 0 0 685 1 7 7 7
1 11 1 1 0 0 599 1 7 7 7
1 12 1 1 0 0 639 1 7 7 7
1 13 1 1 0 0 524 1 7 7 7
1 14 1 0 0 0 760 3 5 5 7
1 15 1 0 0 0 760 2 4 4 5
1 16 1 0 0 0 760 2 3 3 4
1 17 1 1 0 0 538 1 4 4 3
1 18 1 0 0 0 760 2 9 9 4
1 19 0 0 1 0 760 1 4 4 9
1 20 1 0 0 0 760 2 15 15 4
1 21 1 0 0 0 760 2 6 6 15
1 22 1 0 0 0 760 3 4 4 6
1 23 1 0 0 0 760 3 14 14 4
1 24 1 0 0 0 760 2 14 14 14
1 25 1 1 0 0 644 1 14 14 14
2 1 1 0 0 0 760 2 12 12 14
2 2 1 0 0 0 760 3 12 12 12
2 3 1 0 0 0 760 2 6 6 12
2 4 1 1 0 0 526 1 12 12 6
2 5 1 0 0 0 760 3 14 14 12
2 6 1 0 0 0 760 3 1 1 14
2 7 1 0 0 0 760 2 8 8 1
2 8 1 0 0 0 760 2 12 12 8
2 9 1 1 0 0 598 1 8 8 12
2 10 1 0 0 0 760 2 3 3 8
2 11 0 0 1 0 760 1 8 8 3
2 12 1 0 0 0 760 3 10 10 8
2 13 1 0 0 0 760 2 12 12 10
2 14 1 0 0 0 760 2 15 15 12
2 15 1 0 0 0 760 3 6 6 15
2 16 1 0 0 0 760 2 13 13 6
2 17 1 0 0 0 760 3 13 13 13
2 18 1 0 0 0 760 3 10 10 13
2 19 1 0 0 0 760 2 12 12 10
2 20 1 0 0 0 760 3 5 5 12
2 21 1 0 0 0 760 2 11 11 5
2 22 0 0 1 0 760 1 5 5 11
2 23 1 0 0 0 760 3 14 14 5
2 24 1 0 0 0 760 2 10 10 14
2 25 1 0 0 0 760 2 9 9 10
3 1 1 0 0 0 760 2 4 4 9
3 2 1 0 0 0 760 3 10 10 4
3 3 1 0 0 0 760 2 8 8 10
3 4 0 0 1 0 760 1 10 10 8
3 5 0 0 1 0 760 1 8 8 10
3 6 1 1 0 0 581 1 10 10 8
3 7 1 0 0 0 760 2 1 1 10
3 8 1 0 0 0 760 2 11 11 1
3 9 1 0 0 0 760 2 2 2 11
3 10 1 0 0 0 760 2 8 8 2
3 11 1 0 0 0 760 2 15 15 8
3 12 1 1 0 0 671 1 8 8 15
3 13 1 1 0 0 590 1 15 15 8
3 14 1 0 0 0 760 2 4 4 15
3 15 1 1 0 0 670 1 15 15 4
3 16 1 1 0 0 513 1 4 4 15
3 17 0 0 1 0 760 1 15 15 4
3 18 1 0 0 0 760 2 10 10 15
3 19 1 0 0 0 760 3 9 9 10
3 20 1 0 0 0 760 3 4 4 9
3 21 1 0 0 0 760 3 6 6 4
3 22 1 0 0 0 760 2 12 12 6
3 23 1 0 0 0 760 3 12 12 12
3 24 1 0 0 0 760 3 14 14 12
3 25 1 0 0 0 760 3 2 2 14
