1 1 1 0 0 0 760 2 6 6 0
1 2 1 0 0 0 760 2 12 12 6
1 3 1 0 0 0 760 2 2 2 12
1 4 1 0 0 0 760 2 1 1 2
1 5 1 0 0 0 760 3 3 3 1
1 6 1 1 0 0 629 1 1 1 3
1 7 1 0 0 0 760 2 6 6 1
1 8 1 0 0 0 760 3 13 13 6
1 9 1 0 0 0 760 3 5 5 13
1 10 0 0 1 0 760 1 13 13 5
1 11 1 0 0 0 760 3 9 9 13
1 12 1 1 0 0 640 1 13 13 9
1 13 1 0 0 0 760 3 11 11 13
1 14 1 0 0 0 760 3 11 11 11
1 15 1 1 0 0 694 1 11 11 11
1 16 1 1 0 0 611 1 11 11 11
1 17 1 0 0 0 760 2 14 14 11
1 18 1 0 0 0 760 3 13 13 14
1 19 1 0 0 0 760 2 13 13 13
1 20 1 0 0 0 760 3 6 6 13
1 21 1 0 0 0 760 2 11 11 6
1 22 1 0 0 0 760 3 1 1 11
1 23 1 0 0 0 760 2 13 13 1
1 24 1 0 0 0 760 3 10 10 13
1 25 1 0 0 0 760 3 7 7 10
2 1 1 0 0 0 760 1 11 11 7
2 2 1 0 0 0 760 3 1 1 11
2 3 1 0 0 0 760 2 1 1 1
2 4 1 0 0 0 760 3 8 8 1
2 5 1 1 0 0 520 1 1 1 8
2 6 1 0 0 0 760 3 3 3 1
2 7 1 0 0 0 760 3 7 7 3
2 8 1 0 0 0 760 2 5 5 7
2 9 1 0 0 0 760 3 8 8 5
2 10 1 0 0 0 760 2 12 12 8
2 11 1 0 0 0 760 2 10 10 12
2 12 1 1 0 0 460 1 12 12 10
2 13 1 0 0 0 760 2 8 8 12
2 14 1 0 0 0 760 2 2 2 8
2 15 1 0 0 0 760 2 9 9 2
2 16 1 0 0 0 760 2 10 10 9
2 17 1 1 0 0 442 1 9 9 10
2 18 1 0 0 0 760 3 11 11 9
2 19 1 0 0 0 760 2 11 11 11
2 20 1 0 0 0 760 2 15 15 11
2 21 1 0 0 0 760 2 7 7 15
2 22 1 0 0 0 760 3 3 3 7
2 23 1 0 0 0 760 2 15 15 3
2 24 1 1 0 0 473 1 3 3 15
2 25 1 1 0 0 531 1 15 15 3
3 1 1 0 0 0 760 3 7 7 15
3 2 1 0 0 0 760 1 1 1 7
3 3 1 0 0 0 760 3 12 12 1
3 4 1 1 0 0 587 1 1 1 12
3 5 1 0 0 0 760 3 14 14 1
3 6 1 0 0 0 760 3 8 8 14
3 7 0 0 1 0 760 1 14 14 8
3 8 0 0 1 0 760 1 8 8 14
3 9 1 1 0 0 619 1 14 14 8
3 10 0 0 0 1 678 3 14 14 14
3 11 1 0 0 0 760 2 7 7 14
3 12 1 1 0 0 618 1 14 14 7
3 13 0 0 1 0 760 1 7 7 14
3 14 1 0 0 0 760 3 1 1 7
3 15 1 0 0 0 760 2 13 13 1
3 16 1 1 0 0 700 1 1 1 13
3 17 1 0 0 0 760 2 9 9 1
3 18 1 0 0 0 760 3 8 8 9
3 19 1 0 0 0 760 2 11 11 8
3 20 0 0 0 1 698 2 11 11 11
3 21 1 0 0 0 760 3 3 3 11
3 22 1 1 0 0 706 1 11 11 3
3 23 1 0 0 0 760 3 6 6 11
3 24 1 1 0 0 564 1 11 11 6
3 25 1 0 0 0 760 3 1 1 11
