1 1 1 0 0 0 760 3 10 10 0
1 2 1 0 0 0 687 2 2 2 10
1 3 1 0 0 0 760 2 14 14 2
1 4 0 0 1 0 760 1 2 2 14
1 5 0 0 1 0 760 1 14 14 2
1 6 0 0 1 0 760 1 2 2 14
1 7 1 0 0 0 760 3 5 5 2
1 8 1 0 0 0 760 3 9 9 5
1 9 1 1 0 0 492 1 5 5 9
1 10 1 1 0 0 590 1 9 9 5
1 11 1 0 0 0 760 3 1 1 9
1 12 1 0 0 0 760 2 13 13 1
1 13 0 0 1 0 760 1 1 1 13
1 14 1 0 0 0 760 3 12 12 1
1 15 1 0 0 0 760 3 15 15 12
1 16 1 0 0 0 760 3 5 5 15
1 17 1 0 0 0 760 2 13 13 5
1 18 1 0 0 0 760 3 7 7 13
1 19 1 0 0 0 760 2 5 5 7
1 20 1 0 0 0 760 2 6 6 5
1 21 1 0 0 0 760 3 13 13 6
1 22 1 0 0 0 760 3 7 7 13
1 23 1 0 0 0 760 3 12 12 7
1 24 1 1 0 0 669 1 7 7 12
1 25 1 0 0 0 760 3 10 10 7
2 1 1 0 0 0 760 2 4 4 10
2 2 1 0 0 0 760 2 1 1 4
2 3 1 0 0 0 760 3 10 10 1
2 4 1 0 0 0 760 3 11 11 10
2 5 1 0 0 0 760 3 4 4 11
2 6 1 0 0 0 760 2 13 13 4
2 7 1 1 0 0 710 1 4 4 13
2 8 1 0 0 0 760 2 3 3 4
2 9 1 0 0 0 760 3 6 6 3
2 10 1 1 0 0 660 1 3 3 6
2 11 0 0 1 0 760 1 6 6 3
2 12 1 0 0 0 760 3 7 7 6
2 13 1 0 0 0 760 3 14 14 7
2 14 1 0 0 0 760 2 1 1 14
2 15 1 0 0 0 760 3 12 12 1
2 16 0 0 1 0 760 1 1 1 12
2 17 1 0 0 0 760 2 14 14 1
2 18 1 1 0 0 551 1 1 1 14
2 19 0 0 1 0 760 1 14 14 1
2 20 1 0 0 0 760 3 12 12 14
2 21 0 0 1 0 760 1 14 14 12
2 22 1 0 0 0 760 3 7 7 14
2 23 1 0 0 0 760 3 8 8 7
2 24 0 0 1 0 760 1 7 7 8
2 25 1 0 0 0 760 2 15 15 7
3 1 1 0 0 0 760 2 5 5 15
3 2 1 0 0 0 760 2 4 4 5
3 3 1 0 0 0 760 3 9 9 4
3 4 1 0 0 0 760 2 8 8 9
3 5 0 0 1 0 760 1 9 9 8
3 6 1 0 0 0 760 2 4 4 9
3 7 0 0 1 0 760 1 9 9 4
3 8 1 0 0 0 760 2 11 11 9
3 9 1 0 0 0 760 2 6 6 11
3 10 1 0 0 0 760 2 15 15 6
3 11 1 0 0 0 760 2 2 2 15
3 12 1 0 0 0 760 2 4 4 2
3 13 1 0 0 0 760 3 5 5 4
3 14 1 0 0 0 760 2 13 13 5
3 15 1 0 0 0 760 2 12 12 13
3 16 1 0 0 0 760 3 6 6 12
3 17 1 0 0 0 760 2 5 5 6
3 18 1 0 0 0 760 2 14 14 5
3 19 1 0 0 0 760 3 2 2 14
3 20 1 1 0 0 598 1 14 14 2
3 21 1 0 0 0 760 2 13 13 14
3 22 1 0 0 0 760 2 12 12 13
3 23 1 0 0 0 760 3 15 15 12
3 24 1 0 0 0 760 2 6 6 15
3 25 1 0 0 0 760 3 14 14 6
