1 1 1 0 0 0 760 3 5 5 0
1 2 1 0 0 0 760 1 5 5 5
1 3 1 1 0 0 694 1 5 5 5
1 4 1 0 0 0 760 3 4 4 5
1 5 0 0 1 0 760 1 5 5 4
1 6 1 0 0 0 760 2 8 8 5
1 7 1 1 0 0 651 1 5 5 8
1 8 1 0 0 0 760 3 3 3 5
1 9 1 1 0 0 709 1 5 5 3
1 10 1 0 0 0 760 2 11 11 5
1 11 1 1 0 0 509 1 5 5 11
1 12 0 0 1 0 760 1 11 11 5
1 13 1 0 0 0 760 3 6 6 11
1 14 1 0 0 0 760 2 1 1 6
1 15 1 0 0 0 760 2 9 9 1
1 16 1 0 0 0 760 3 10 10 9
1 17 1 0 0 0 760 3 6 6 10
1 18 1 0 0 0 760 2 1 1 6
1 19 1 0 0 0 760 2 15 15 1
1 20 1 0 0 0 760 3 10 10 15
1 21 1 0 0 0 760 3 1 1 10
1 22 1 1 0 0 630 1 10 10 1
1 23 1 1 0 0 705 1 1 1 10
1 24 0 0 0 1 587 3 1 1 1
1 25 1 0 0 0 760 3 6 6 1
2 1 1 0 0 0 760 1 2 2 6
2 2 1 0 0 0 760 2 5 5 2
2 3 1 1 0 0 536 1 2 2 5
2 4 1 1 0 0 742 1 5 5 2
2 5 1 0 0 0 760 3 15 15 5
2 6 0 0 1 0 760 1 5 5 15
2 7 0 0 1 0 760 1 15 15 5
2 8 1 1 0 0 547 1 5 5 15
2 9 1 0 0 0 760 2 8 8 5
2 10 1 1 0 0 523 1 5 5 8
2 11 1 0 0 0 760 2 3 3 5
2 12 1 1 0 0 657 1 5 5 3
2 13 1 0 0 0 760 2 6 6 5
2 14 1 1 0 0 538 1 5 5 6
2 15 1 1 0 0 456 1 6 6 5
2 16 1 0 0 0 760 3 15 15 6
2 17 1 0 0 0 760 2 10 10 15
2 18 1 0 0 0 760 2 1 1 10
2 19 1 0 0 0 760 2 14 14 1
2 20 1 0 0 0 760 3 2 2 14
2 21 1 1 0 0 751 1 14 14 2
2 22 1 0 0 0 760 3 1 1 14
2 23 1 0 0 0 760 3 5 5 1
2 24 1 1 0 0 709 1 1 1 5
2 25 1 0 0 0 760 3 15 15 1
3 1 1 0 0 0 760 1 10 10 15
3 2 1 0 0 0 760 1 4 4 10
3 3 1 0 0 0 760 2 2 2 4
3 4 1 0 0 0 760 2 8 8 2
3 5 1 0 0 0 760 2 15 15 8
3 6 1 0 0 0 760 2 9 9 15
3 7 1 0 0 0 760 3 14 14 9
3 8 1 0 0 0 760 2 11 11 14
3 9 1 0 0 0 760 3 1 1 11
3 10 0 0 1 0 760 1 11 11 1
3 11 1 0 0 0 760 2 4 4 11
3 12 1 0 0 0 760 2 3 3 4
3 13 1 0 0 0 760 2 6 6 3
3 14 1 0 0 0 760 2 13 13 6
3 15 1 1 0 0 557 1 6 6 13
3 16 1 0 0 0 760 3 2 2 6
3 17 1 0 0 0 760 2 11 11 2
3 18 1 0 0 0 760 3 11 11 11
3 19 1 0 0 0 760 3 1 1 11
3 20 1 0 0 0 760 3 8 8 1
3 21 1 0 0 0 760 3 3 3 8
3 22 1 0 0 0 760 3 11 11 3
3 23 1 0 0 0 760 2 9 9 11
3 24 1 0 0 0 760 2 13 13 9
3 25 1 0 0 0 760 3 3 3 13
