1 1 1 0 0 0 760 1 5 5 0
1 2 1 0 0 0 760 2 6 6 5
1 3 1 1 0 0 623 1 5 5 6
1 4 1 1 0 0 653 1 6 6 5
1 5 1 1 0 0 618 1 5 5 6
1 6 1 1 0 0 485 1 6 6 5
1 7 1 0 0 0 760 3 9 9 6
1 8 1 1 0 0 484 1 6 6 9
1 9 1 1 0 0 516 1 9 9 6
1 10 1 1 0 0 518 1 6 6 9
1 11 1 1 0 0 467 1 9 9 6
1 12 1 0 0 0 760 3 11 11 9
1 13 1 1 0 0 529 1 9 9 11
1 14 1 0 0 0 760 2 10 10 9
1 15 1 0 0 0 760 3 7 7 10
1 16 1 0 0 0 760 2 4 4 7
1 17 1 1 0 0 502 1 7 7 4
1 18 1 0 0 0 760 3 7 7 7
1 19 1 1 0 0 447 1 7 7 7
1 20 1 0 0 0 760 3 2 2 7
1 21 1 0 0 0 760 2 9 9 2
1 22 1 0 0 0 760 2 7 7 9
1 23 1 1 0 0 504 1 9 9 7
1 24 1 0 0 0 760 3 4 4 9
1 25 1 0 0 0 760 3 3 3 4
2 1 1 0 0 0 760 3 13 13 3
2 2 1 0 0 0 760 2 4 4 13
2 3 1 0 0 0 760 3 6 6 4
2 4 1 0 0 0 760 2 9 9 6
2 5 1 0 0 0 760 2 12 12 9
2 6 1 0 0 0 760 2 8 8 12
2 7 1 0 0 0 760 3 1 1 8
2 8 1 0 0 0 760 3 5 5 1
2 9 0 0 1 0 760 1 1 1 5
2 10 1 0 0 0 760 3 7 7 1
2 11 1 0 0 0 760 3 6 6 7
2 12 1 0 0 0 760 3 4 4 6
2 13 1 0 0 0 760 3 10 10 4
2 14 1 0 0 0 760 3 5 5 10
2 15 1 1 0 0 470 1 10 10 5
2 16 1 0 0 0 760 2 12 12 10
2 17 1 0 0 0 760 3 14 14 12
2 18 1 0 0 0 760 3 15 15 14
2 19 1 1 0 0 661 1 14 14 15
2 20 1 0 0 0 760 3 12 12 14
2 21 1 0 0 0 760 3 13 13 12
2 22 1 0 0 0 760 3 10 10 13
2 23 1 0 0 0 760 2 4 4 10
2 24 1 0 0 0 760 2 11 11 4
2 25 1 0 0 0 760 2 3 3 11
3 1 1 0 0 0 760 2 10 10 3
3 2 1 0 0 0 760 1 1 1 10
3 3 1 0 0 0 760 3 7 7 1
3 4 1 1 0 0 528 1 1 1 7
3 5 1 0 0 0 760 3 14 14 1
3 6 1 0 0 0 760 2 4 4 14
3 7 1 0 0 0 760 2 4 4 4
3 8 1 0 0 0 760 2 8 8 4
3 9 1 0 0 0 760 2 10 10 8
3 10 1 0 0 0 760 3 11 11 10
3 11 1 1 0 0 522 1 10 10 11
3 12 0 0 1 0 760 1 11 11 10
3 13 1 0 0 0 760 3 3 3 11
3 14 1 0 0 0 760 2 9 9 3
3 15 1 1 0 0 648 1 3 3 9
3 16 1 0 0 0 760 2 14 14 3
3 17 1 0 0 0 760 2 6 6 14
3 18 1 0 0 0 760 2 5 5 6
3 19 1 0 0 0 760 2 5 5 5
3 20 1 0 0 0 760 2 7 7 5
3 21 1 0 0 0 760 3 4 4 7
3 22 0 0 1 0 760 1 7 7 4
3 23 1 1 0 0 571 1 4 4 7
3 24 1 1 0 0 738 1 7 7 4
3 25 1 1 0 0 552 1 4 4 7
