1 1 1 0 0 0 760 1 12 12 0
1 2 1 0 0 0 760 1 10 10 12
1 3 0 0 1 0 760 1 12 12 10
1 4 1 0 0 0 760 3 4 4 12
1 5 0 0 1 0 760 1 12 12 4
1 6 1 0 0 0 760 2 10 10 12
1 7 1 0 0 0 760 2 15 15 10
1 8 0 0 1 0 760 1 10 10 15
1 9 1 0 0 0 760 2 1 1 10
1 10 1 0 0 0 760 3 9 9 1
1 11 1 0 0 0 760 3 10 10 9
1 12 1 0 0 0 760 2 2 2 10
1 13 0 0 1 0 760 1 10 10 2
1 14 1 0 0 0 760 3 4 4 10
1 15 1 0 0 0 760 3 15 15 4
1 16 1 0 0 0 760 2 14 14 15
1 17 1 0 0 0 760 2 7 7 14
1 18 1 1 0 0 637 1 14 14 7
1 19 0 0 1 0 760 1 7 7 14
1 20 1 1 0 0 692 1 14 14 7
1 21 1 0 0 0 760 3 9 9 14
1 22 0 0 1 0 760 1 14 14 9
1 23 1 0 0 0 760 2 14 14 14
1 24 1 0 0 0 760 2 8 8 14
1 25 1 0 0 0 760 2 1 1 8
2 1 1 0 0 0 760 3 3 3 1
2 2 1 0 0 0 760 2 10 10 3
2 3 0 0 1 0 760 1 3 3 10
2 4 1 0 0 0 760 3 12 12 3
2 5 1 0 0 0 760 2 6 6 12
2 6 0 0 1 0 760 1 12 12 6
2 7 1 0 0 0 760 2 7 7 12
2 8 1 1 0 0 717 1 12 12 7
2 9 1 1 0 0 589 1 7 7 12
2 10 0 0 0 1 634 2 3 3 7
2 11 1 0 0 0 760 2 2 2 3
2 12 1 0 0 0 760 2 13 13 2
2 13 1 1 0 0 613 1 2 2 13
2 14 0 0 1 0 760 1 13 13 2
2 15 1 1 0 0 635 1 2 2 13
2 16 1 1 0 0 670 1 13 13 2
2 17 0 0 0 1 560 2 13 13 13
2 18 1 0 0 0 760 2 14 14 13
2 19 0 0 0 1 689 3 10 10 14
2 20 1 0 0 0 760 3 13 13 10
2 21 0 0 1 0 760 1 10 10 13
2 22 1 0 0 0 760 3 7 7 10
2 23 0 0 1 0 760 1 10 10 7
2 24 1 0 0 0 760 2 4 4 10
2 25 1 0 0 0 760 3 8 8 4
3 1 1 0 0 0 760 1 3 3 8
3 2 1 0 0 0 760 2 9 9 3
3 3 1 0 0 0 760 3 13 13 9
3 4 1 1 0 0 602 1 9 9 13
3 5 1 1 0 0 677 1 13 13 9
3 6 0 0 0 1 616 3 13 13 13
3 7 1 0 0 0 760 3 6 6 13
3 8 1 0 0 0 760 3 11 11 6
3 9 1 0 0 0 760 3 4 4 11
3 10 0 0 1 0 760 1 11 11 4
3 11 1 0 0 0 760 2 1 1 11
3 12 0 0 1 0 760 1 11 11 1
3 13 1 1 0 0 641 1 1 1 11
3 14 1 0 0 0 760 2 15 15 1
3 15 0 0 0 1 501 2 6 6 15
3 16 0 0 1 0 760 1 15 15 6
3 17 1 0 0 0 760 2 8 8 15
3 18 1 0 0 0 760 2 10 10 8
3 19 1 0 0 0 760 2 2 2 10
3 20 1 1 0 0 587 1 10 10 2
3 21 1 0 0 0 760 3 9 9 10
3 22 0 0 1 0 760 1 10 10 9
3 23 0 0 1 0 760 1 9 9 10
3 24 1 0 0 0 760 3 13 13 9
3 25 1 0 0 0 760 2 12 12 13
