1 1 1 0 0 0 760 3 15 15 0
1 2 1 0 0 0 760 1 1 1 15
1 3 1 0 0 0 760 2 6 6 1
1 4 1 0 0 0 760 2 8 8 6
1 5 1 0 0 0 760 3 9 9 8
1 6 1 0 0 0 760 2 9 9 9
1 7 1 0 0 0 760 3 15 15 9
1 8 0 0 1 0 760 1 9 9 15
1 9 1 0 0 0 760 3 12 12 9
1 10 0 0 1 0 760 1 9 9 12
1 11 1 0 0 0 760 3 6 6 9
1 12 1 1 0 0 574 1 9 9 6
1 13 1 0 0 0 760 2 8 8 9
1 14 0 0 0 1 634 2 15 15 8
1 15 1 0 0 0 760 2 4 4 15
1 16 1 0 0 0 760 2 8 8 4
1 17 1 1 0 0 650 1 4 4 8
1 18 1 0 0 0 760 3 11 11 4
1 19 0 0 1 0 760 1 4 4 11
1 20 0 0 1 0 760 1 11 11 4
1 21 1 0 0 0 760 2 13 13 11
1 22 1 0 0 0 760 3 5 5 13
1 23 1 0 0 0 760 3 3 3 5
1 24 1 0 0 0 760 3 1 1 3
1 25 0 0 1 0 760 1 3 3 1
2 1 1 0 0 0 760 2 2 2 3
2 2 1 0 0 0 760 3 14 14 2
2 3 1 0 0 0 760 3 4 4 14
2 4 1 0 0 0 760 2 7 7 4
2 5 1 0 0 0 760 3 6 6 7
2 6 1 0 0 0 760 2 9 9 6
2 7 1 0 0 0 760 2 7 7 9
2 8 1 1 0 0 596 1 9 9 7
2 9 1 0 0 0 760 2 12 12 9
2 10 1 1 0 0 634 1 9 9 12
2 11 1 1 0 0 763 1 12 12 9
2 12 1 1 0 0 701 1 9 9 12
2 13 1 0 0 0 760 3 5 5 9
2 14 1 1 0 0 576 1 9 9 5
2 15 1 0 0 0 760 2 11 11 9
2 16 1 1 0 0 548 1 9 9 11
2 17 0 0 1 0 760 1 11 11 9
2 18 1 0 0 0 760 3 3 3 11
2 19 1 0 0 0 760 2 1 1 3
2 20 1 1 0 0 739 1 3 3 1
2 21 1 0 0 0 760 3 8 8 3
2 22 1 0 0 0 760 2 13 13 8
2 23 1 0 0 0 760 3 7 7 13
2 24 1 0 0 0 760 3 5 5 7
2 25 1 0 0 0 760 3 12 12 5
3 1 1 0 0 0 760 1 1 1 12
3 2 1 0 0 0 760 3 6 6 1
3 3 0 0 1 0 760 1 1 1 6
3 4 1 0 0 0 760 2 5 5 1
3 5 1 1 0 0 561 1 1 1 5
3 6 0 0 1 0 760 1 5 5 1
3 7 1 0 0 0 760 2 2 2 5
3 8 1 1 0 0 605 1 5 5 2
3 9 0 0 1 0 760 1 2 2 5
3 10 1 0 0 0 760 3 9 9 2
3 11 1 0 0 0 760 3 7 7 9
3 12 1 0 0 0 760 2 3 3 7
3 13 1 0 0 0 760 3 11 11 3
3 14 0 0 1 0 760 1 3 3 11
3 15 1 1 0 0 702 1 11 11 3
3 16 0 0 0 1 602 3 11 11 11
3 17 1 1 0 0 701 1 11 11 11
3 18 1 0 0 0 760 3 4 4 11
3 19 0 0 0 1 492 2 7 7 4
3 20 1 0 0 0 760 2 10 10 7
3 21 1 0 0 0 760 2 9 9 10
3 22 1 0 0 0 760 2 15 15 9
3 23 1 0 0 0 760 3 6 6 15
3 24 0 0 0 1 724 3 9 9 6
3 25 1 0 0 0 760 3 5 5 9
