1 1 1 0 0 0 760 2 10 10 0
1 2 1 0 0 0 760 3 15 15 10
1 3 0 0 1 0 760 1 10 10 15
1 4 1 0 0 0 760 3 13 13 10
1 5 1 0 0 0 760 2 9 9 13
1 6 1 0 0 0 760 2 11 11 9
1 7 1 0 0 0 760 2 15 15 11
1 8 1 0 0 0 760 2 5 5 15
1 9 1 0 0 0 760 2 4 4 5
1 10 1 0 0 0 760 3 9 9 4
1 11 1 0 0 0 760 2 9 9 9
1 12 0 0 1 0 760 1 9 9 9
1 13 1 0 0 0 760 2 3 3 9
1 14 1 0 0 0 760 2 4 4 3
1 15 1 1 0 0 609 1 3 3 4
1 16 1 0 0 0 760 2 6 6 3
1 17 1 0 0 0 760 3 15 15 6
1 18 1 0 0 0 760 2 1 1 15
1 19 0 0 1 0 760 1 15 15 1
1 20 0 0 0 1 496 3 15 15 15
1 21 1 0 0 0 760 3 14 14 15
1 22 0 0 0 1 671 2 4 4 14
1 23 1 0 0 0 760 2 11 11 4
1 24 0 0 1 0 760 1 4 4 11
1 25 1 0 0 0 760 2 1 1 4
2 1 1 0 0 0 760 1 14 14 1
2 2 1 0 0 0 760 2 9 9 14
2 3 1 0 0 0 760 2 8 8 9
2 4 1 0 0 0 760 2 13 13 8
2 5 1 1 0 0 717 1 8 8 13
2 6 1 1 0 0 610 1 13 13 8
2 7 1 1 0 0 682 1 8 8 13
2 8 1 0 0 0 760 2 14 14 8
2 9 1 1 0 0 560 1 8 8 14
2 10 1 0 0 0 760 2 4 4 8
2 11 0 0 0 1 621 2 14 14 4
2 12 1 0 0 0 760 2 15 15 14
2 13 1 0 0 0 760 3 1 1 15
2 14 1 0 0 0 760 3 10 10 1
2 15 1 1 0 0 671 1 1 1 10
2 16 1 1 0 0 531 1 10 10 1
2 17 1 1 0 0 581 1 1 1 10
2 18 1 0 0 0 760 3 9 9 1
2 19 1 1 0 0 519 1 1 1 9
2 20 1 0 0 0 760 2 12 12 1
2 21 1 0 0 0 760 2 3 3 12
2 22 1 0 0 0 760 3 14 14 3
2 23 1 0 0 0 760 2 2 2 14
2 24 1 0 0 0 760 3 12 12 2
2 25 1 0 0 0 760 2 7 7 12
3 1 1 0 0 0 760 2 4 4 7
3 2 1 0 0 0 760 2 5 5 4
3 3 1 0 0 0 760 2 13 13 5
3 4 1 0 0 0 760 3 10 10 13
3 5 1 0 0 0 760 3 3 3 10
3 6 0 0 1 0 760 1 10 10 3
3 7 1 0 0 0 760 3 14 14 10
3 8 1 1 0 0 575 1 10 10 14
3 9 1 1 0 0 651 1 14 14 10
3 10 1 1 0 0 592 1 10 10 14
3 11 1 0 0 0 760 3 3 3 10
3 12 1 1 0 0 629 1 10 10 3
3 13 1 0 0 0 760 2 2 2 10
3 14 1 0 0 0 760 3 4 4 2
3 15 1 0 0 0 760 3 5 5 4
3 16 1 0 0 0 760 3 1 1 5
3 17 1 1 0 0 665 1 5 5 1
3 18 1 0 0 0 760 3 11 11 5
3 19 1 0 0 0 760 3 13 13 11
3 20 1 0 0 0 760 2 13 13 13
3 21 1 0 0 0 760 3 11 11 13
3 22 1 0 0 0 760 2 10 10 11
3 23 0 0 1 0 760 1 11 11 10
3 24 1 0 0 0 760 3 9 9 11
3 25 1 0 0 0 760 3 5 5 9
