1 1 1 0 0 0 760 3 11 11 0
1 2 1 0 0 0 760 3 10 10 11
1 3 1 0 0 0 760 3 12 12 10
1 4 0 0 1 0 760 1 10 10 12
1 5 1 0 0 0 760 2 13 13 10
1 6 1 1 0 0 609 1 10 10 13
1 7 1 0 0 0 760 2 5 5 10
1 8 1 0 0 0 760 2 9 9 5
1 9 1 1 0 0 675 1 5 5 9
1 10 1 0 0 0 760 2 10 10 5
1 11 1 1 0 0 555 1 5 5 10
1 12 0 0 1 0 760 1 10 10 5
1 13 1 1 0 0 597 1 5 5 10
1 14 1 0 0 0 760 2 12 12 5
1 15 1 0 0 0 760 3 3 3 12
1 16 1 0 0 0 760 2 1 1 3
1 17 1 1 0 0 617 1 3 3 1
1 18 1 0 0 0 760 2 9 9 3
1 19 1 0 0 0 760 2 13 13 9
1 20 0 0 1 0 760 1 9 9 13
1 21 1 1 0 0 735 1 13 13 9
1 22 1 1 0 0 709 1 9 9 13
1 23 1 0 0 0 760 2 6 6 9
1 24 1 0 0 0 760 2 11 11 6
1 25 1 1 0 0 543 1 6 6 11
2 1 1 0 0 0 760 2 6 6 6
2 2 1 0 0 0 760 1 4 4 6
2 3 1 0 0 0 760 2 2 2 4
2 4 1 1 0 0 653 1 4 4 2
2 5 1 0 0 0 760 2 12 12 4
2 6 1 1 0 0 590 1 4 4 12
2 7 1 0 0 0 760 2 13 13 4
2 8 1 1 0 0 551 1 4 4 13
2 9 1 0 0 0 760 3 15 15 4
2 10 1 0 0 0 760 3 11 11 15
2 11 1 0 0 0 760 2 3 3 11
2 12 1 0 0 0 760 3 8 8 3
2 13 1 0 0 0 760 3 1 1 8
2 14 1 0 0 0 760 2 4 4 1
2 15 1 1 0 0 615 1 1 1 4
2 16 1 0 0 0 760 2 3 3 1
2 17 1 0 0 0 760 2 8 8 3
2 18 1 0 0 0 760 3 14 14 8
2 19 1 0 0 0 760 3 10 10 14
2 20 1 1 0 0 620 1 14 14 10
2 21 1 0 0 0 760 3 3 3 14
2 22 1 0 0 0 760 2 9 9 3
2 23 1 0 0 0 760 2 6 6 9
2 24 1 0 0 0 760 2 15 15 6
2 25 1 0 0 0 760 3 5 5 15
3 1 1 0 0 0 760 2 7 7 5
3 2 1 0 0 0 760 2 10 10 7
3 3 1 0 0 0 760 3 10 10 10
3 4 1 0 0 0 760 2 11 11 10
3 5 1 0 0 0 760 2 4 4 11
3 6 0 0 1 0 760 1 11 11 4
3 7 0 0 1 0 760 1 4 4 11
3 8 1 0 0 0 760 2 5 5 4
3 9 1 0 0 0 760 3 8 8 5
3 10 1 0 0 0 760 2 14 14 8
3 11 1 0 0 0 760 2 6 6 14
3 12 1 0 0 0 760 3 3 3 6
3 13 1 0 0 0 760 3 1 1 3
3 14 0 0 1 0 760 1 3 3 1
3 15 0 0 1 0 760 1 1 1 3
3 16 0 0 0 1 658 3 6 6 1
3 17 1 1 0 0 532 1 1 1 6
3 18 1 0 0 0 760 2 3 3 1
3 19 0 0 1 0 760 1 1 1 3
3 20 1 0 0 0 760 2 9 9 1
3 21 0 0 0 1 670 2 9 9 9
3 22 1 0 0 0 760 3 4 4 9
3 23 1 0 0 0 760 3 6 6 4
3 24 1 0 0 0 760 3 12 12 6
3 25 1 0 0 0 760 2 15 15 12
