1 1 1 0 0 0 760 1 3 3 0
1 2 1 0 0 0 760 1 12 12 3
1 3 0 0 1 0 760 1 3 3 12
1 4 1 1 0 0 553 1 12 12 3
1 5 1 1 0 0 568 1 3 3 12
1 6 1 1 0 0 515 1 12 12 3
1 7 1 1 0 0 492 1 3 3 12
1 8 1 1 0 0 549 1 12 12 3
1 9 1 1 0 0 531 1 3 3 12
1 10 1 1 0 0 530 1 12 12 3
1 11 1 1 0 0 615 1 3 3 12
1 12 1 0 0 0 760 2 9 9 3
1 13 1 0 0 0 760 2 5 5 9
1 14 1 1 0 0 531 1 9 9 5
1 15 1 0 0 0 760 3 8 8 9
1 16 1 1 0 0 505 1 9 9 8
1 17 1 1 0 0 531 1 8 8 9
1 18 1 0 0 0 760 2 4 4 8
1 19 1 1 0 0 436 1 8 8 4
1 20 1 1 0 0 564 1 4 4 8
1 21 1 0 0 0 760 2 5 5 4
1 22 1 0 0 0 760 3 3 3 5
1 23 0 0 1 0 760 1 5 5 3
1 24 1 0 0 0 760 3 10 10 5
1 25 0 0 1 0 760 1 5 5 10
2 1 1 0 0 0 760 2 2 2 5
2 2 1 0 0 0 760 2 1 1 2
2 3 1 0 0 0 760 2 3 3 1
2 4 1 1 0 0 658 1 1 1 3
2 5 1 0 0 0 760 2 6 6 1
2 6 1 0 0 0 760 3 11 11 6
2 7 1 0 0 0 760 3 15 15 11
2 8 1 0 0 0 760 3 12 12 15
2 9 0 0 0 1 647 3 12 12 12
2 10 1 0 0 0 760 3 10 10 12
2 11 1 0 0 0 760 2 5 5 10
2 12 1 0 0 0 760 3 2 2 5
2 13 1 0 0 0 760 3 4 4 2
2 14 1 0 0 0 760 2 13 13 4
2 15 1 0 0 0 760 2 9 9 13
2 16 1 1 0 0 540 1 13 13 9
2 17 1 1 0 0 548 1 9 9 13
2 18 1 1 0 0 595 1 13 13 9
2 19 1 1 0 0 571 1 9 9 13
2 20 1 0 0 0 760 2 14 14 9
2 21 1 0 0 0 760 2 4 4 14
2 22 1 0 0 0 760 2 13 13 4
2 23 1 0 0 0 760 3 8 8 13
2 24 1 0 0 0 760 3 14 14 8
2 25 1 0 0 0 760 3 12 12 14
3 1 1 0 0 0 760 2 2 2 12
3 2 1 0 0 0 760 3 14 14 2
3 3 0 0 1 0 760 1 2 2 14
3 4 1 1 0 0 543 1 14 14 2
3 5 1 0 0 0 760 2 1 1 14
3 6 1 0 0 0 760 3 4 4 1
3 7 1 0 0 0 760 2 9 9 4
3 8 0 0 1 0 760 1 4 4 9
3 9 1 0 0 0 760 2 3 3 4
3 10 1 1 0 0 468 1 4 4 3
3 11 1 1 0 0 600 1 3 3 4
3 12 1 1 0 0 650 1 4 4 3
3 13 1 0 0 0 760 2 7 7 4
3 14 1 0 0 0 760 2 1 1 7
3 15 1 0 0 0 760 2 9 9 1
3 16 1 0 0 0 760 2 9 9 9
3 17 1 0 0 0 760 3 5 5 9
3 18 1 0 0 0 760 3 12 12 5
3 19 1 0 0 0 760 3 6 6 12
3 20 1 0 0 0 760 3 3 3 6
3 21 0 0 1 0 760 1 6 6 3
3 22 1 0 0 0 760 2 4 4 6
3 23 1 1 0 0 512 1 6 6 4
3 24 1 0 0 0 760 2 3 3 6
3 25 1 1 0 0 671 1 6 6 3
