1 1 1 0 0 0 760 1 14 14 0
1 2 1 0 0 0 760 2 6 6 14
1 3 1 0 0 0 760 3 6 6 6
1 4 1 1 0 0 746 1 6 6 6
1 5 1 0 0 0 760 2 2 2 6
1 6 0 0 1 0 760 1 6 6 2
1 7 1 0 0 0 760 2 14 14 6
1 8 1 0 0 0 760 2 15 15 14
1 9 0 0 0 1 684 3 6 6 15
1 10 1 0 0 0 760 2 8 8 6
1 11 1 0 0 0 760 2 11 11 8
1 12 1 1 0 0 660 1 8 8 11
1 13 1 1 0 0 659 1 11 11 8
1 14 1 0 0 0 760 2 12 12 11
1 15 1 0 0 0 760 3 7 7 12
1 16 1 0 0 0 760 3 3 3 7
1 17 1 0 0 0 760 3 3 3 3
1 18 0 0 1 0 760 1 3 3 3
1 19 1 1 0 0 689 1 3 3 3
1 20 0 0 0 1 686 2 7 7 3
1 21 0 0 1 0 760 1 3 3 7
1 22 1 1 0 0 614 1 7 7 3
1 23 0 0 1 0 760 1 3 3 7
1 24 1 0 0 0 760 3 11 11 3
1 25 1 0 0 0 760 2 12 12 11
2 1 1 0 0 0 760 1 13 13 12
2 2 1 0 0 0 760 1 4 4 13
2 3 1 0 0 0 760 3 6 6 4
2 4 1 1 0 0 730 1 4 4 6
2 5 1 0 0 0 760 2 3 3 4
2 6 1 1 0 0 589 1 4 4 3
2 7 1 0 0 0 760 3 5 5 4
2 8 1 1 0 0 614 1 4 4 5
2 9 1 0 0 0 760 2 9 9 4
2 10 1 0 0 0 760 3 14 14 9
2 11 1 1 0 0 662 1 9 9 14
2 12 1 0 0 0 760 3 15 15 9
2 13 1 0 0 0 760 3 13 13 15
2 14 1 0 0 0 760 3 1 1 13
2 15 1 0 0 0 760 2 11 11 1
2 16 1 1 0 0 592 1 1 1 11
2 17 1 0 0 0 760 2 12 12 1
2 18 1 1 0 0 661 1 1 1 12
2 19 1 1 0 0 633 1 12 12 1
2 20 1 0 0 0 760 3 15 15 12
2 21 1 1 0 0 648 1 12 12 15
2 22 1 0 0 0 760 3 10 10 12
2 23 0 0 1 0 760 1 12 12 10
2 24 0 0 0 1 739 2 12 12 12
2 25 1 0 0 0 760 3 2 2 12
3 1 1 0 0 0 760 1 15 15 2
3 2 1 0 0 0 760 3 9 9 15
3 3 1 0 0 0 760 2 14 14 9
3 4 1 1 0 0 618 1 9 9 14
3 5 1 0 0 0 760 3 1 1 9
3 6 1 0 0 0 760 2 13 13 1
3 7 1 0 0 0 760 2 10 10 13
3 8 0 0 0 1 713 2 10 10 10
3 9 1 0 0 0 760 3 14 14 10
3 10 1 0 0 0 760 2 5 5 14
3 11 0 0 1 0 760 1 14 14 5
3 12 1 0 0 0 760 3 14 14 14
3 13 1 0 0 0 760 3 6 6 14
3 14 1 1 0 0 737 1 14 14 6
3 15 1 0 0 0 760 3 14 14 14
3 16 0 0 1 0 760 1 14 14 14
3 17 0 0 0 1 653 3 7 7 14
3 18 1 0 0 0 760 2 13 13 7
3 19 1 0 0 0 760 2 13 13 13
3 20 1 0 0 0 760 3 2 2 13
3 21 1 0 0 0 760 3 8 8 2
3 22 1 0 0 0 760 2 11 11 8
3 23 1 0 0 0 760 3 15 15 11
3 24 1 0 0 0 760 3 12 12 15
3 25 1 0 0 0 760 3 9 9 12
