1 1 1 0 0 0 760 1 8 8 0
1 2 1 0 0 0 760 3 10 10 8
1 3 1 0 0 0 760 3 2 2 10
1 4 1 0 0 0 94 2 5 5 2
1 5 1 0 0 0 760 2 1 1 5
1 6 1 0 0 0 760 2 11 11 1
1 7 1 0 0 0 760 3 8 8 11
1 8 1 0 0 0 760 2 8 8 8
1 9 1 0 0 0 760 2 10 10 8
1 10 1 0 0 0 760 2 15 15 10
1 11 1 0 0 0 760 3 4 4 15
1 12 1 1 0 0 599 1 15 15 4
1 13 0 0 1 0 760 1 4 4 15
1 14 1 1 0 0 499 1 15 15 4
1 15 1 0 0 0 760 3 1 1 15
1 16 1 0 0 0 760 3 6 6 1
1 17 1 0 0 0 760 2 9 9 6
1 18 1 0 0 0 760 2 15 15 9
1 19 1 0 0 0 760 2 2 2 15
1 20 1 1 0 0 632 1 15 15 2
1 21 1 0 0 0 760 3 13 13 15
1 22 1 0 0 0 760 3 8 8 13
1 23 1 1 0 0 635 1 13 13 8
1 24 1 0 0 0 760 2 5 5 13
1 25 0 0 1 0 760 1 13 13 5
2 1 1 0 0 0 760 3 15 15 13
2 2 1 0 0 0 760 3 14 14 15
2 3 1 0 0 0 760 3 9 9 14
2 4 1 1 0 0 505 1 14 14 9
2 5 0 0 1 0 760 1 9 9 14
2 6 1 0 0 0 760 3 11 11 9
2 7 1 0 0 0 760 2 7 7 11
2 8 0 0 1 0 760 1 11 11 7
2 9 1 0 0 0 760 2 3 3 11
2 10 1 0 0 0 760 2 12 12 3
2 11 1 0 0 0 760 3 8 8 12
2 12 0 0 1 0 760 1 12 12 8
2 13 0 0 0 1 607 2 3 3 12
2 14 1 0 0 0 760 2 2 2 3
2 15 1 1 0 0 512 1 3 3 2
2 16 1 0 0 0 760 2 11 11 3
2 17 1 1 0 0 543 1 3 3 11
2 18 0 0 0 1 643 2 3 3 3
2 19 1 1 0 0 652 1 3 3 3
2 20 1 0 0 0 760 2 8 8 3
2 21 1 1 0 0 723 1 3 3 8
2 22 0 0 1 0 760 1 8 8 3
2 23 1 0 0 0 760 3 6 6 8
2 24 1 0 0 0 760 3 11 11 6
2 25 0 0 1 0 760 1 6 6 11
3 1 1 0 0 0 760 1 10 10 6
3 2 1 0 0 0 760 3 11 11 10
3 3 1 0 0 0 760 3 8 8 11
3 4 1 0 0 0 760 3 9 9 8
3 5 0 0 1 0 760 1 8 8 9
3 6 1 1 0 0 559 1 9 9 8
3 7 1 1 0 0 659 1 8 8 9
3 8 1 1 0 0 632 1 9 9 8
3 9 0 0 1 0 760 1 8 8 9
3 10 1 1 0 0 644 1 9 9 8
3 11 1 0 0 0 760 2 12 12 9
3 12 0 0 0 1 729 3 12 12 12
3 13 1 0 0 0 760 3 7 7 12
3 14 1 0 0 0 760 3 13 13 7
3 15 1 0 0 0 760 3 10 10 13
3 16 0 0 1 0 760 1 13 13 10
3 17 1 0 0 0 760 3 12 12 13
3 18 1 0 0 0 760 2 15 15 12
3 19 1 0 0 0 760 2 3 3 15
3 20 1 0 0 0 760 3 6 6 3
3 21 1 0 0 0 760 2 2 2 6
3 22 0 0 1 0 760 1 6 6 2
3 23 0 0 0 1 611 3 6 6 6
3 24 0 0 0 1 531 2 4 4 6
3 25 0 0 1 0 760 1 6 6 4
