1 1 1 0 0 0 760 1 4 4 0
1 2 1 0 0 0 760 2 13 13 4
1 3 1 1 0 0 629 1 4 4 13
1 4 1 0 0 0 760 2 12 12 4
1 5 0 0 1 0 760 1 4 4 12
1 6 1 0 0 0 760 2 3 3 4
1 7 1 0 0 0 760 2 9 9 3
1 8 1 0 0 0 760 3 13 13 9
1 9 1 1 0 0 570 1 9 9 13
1 10 1 0 0 0 760 2 3 3 9
1 11 1 0 0 0 760 2 12 12 3
1 12 1 0 0 0 760 3 4 4 12
1 13 1 0 0 0 760 3 14 14 4
1 14 1 0 0 0 760 2 10 10 14
1 15 1 0 0 0 760 2 11 11 10
1 16 1 0 0 0 760 3 1 1 11
1 17 1 1 0 0 550 1 11 11 1
1 18 1 0 0 0 760 3 14 14 11
1 19 0 0 1 0 760 1 11 11 14
1 20 1 0 0 0 760 2 7 7 11
1 21 1 1 0 0 489 1 11 11 7
1 22 0 0 1 0 760 1 7 7 11
1 23 1 1 0 0 529 1 11 11 7
1 24 1 0 0 0 760 2 1 1 11
1 25 1 0 0 0 760 3 12 12 1
2 1 1 0 0 0 760 2 15 15 12
2 2 1 0 0 0 760 3 3 3 15
2 3 1 0 0 0 760 2 2 2 3
2 4 0 0 1 0 760 1 3 3 2
2 5 1 0 0 0 760 2 4 4 3
2 6 1 0 0 0 760 3 9 9 4
2 7 0 0 1 0 760 1 4 4 9
2 8 1 0 0 0 760 3 11 11 4
2 9 0 0 1 0 760 1 4 4 11
2 10 1 0 0 0 760 2 14 14 4
2 11 1 0 0 0 760 2 14 14 14
2 12 1 0 0 0 760 2 9 9 14
2 13 1 0 0 0 760 3 7 7 9
2 14 1 1 0 0 599 1 9 9 7
2 15 1 0 0 0 760 2 10 10 9
2 16 1 0 0 0 760 2 12 12 10
2 17 1 0 0 0 760 3 2 2 12
2 18 1 0 0 0 760 3 15 15 2
2 19 1 0 0 0 760 2 6 6 15
2 20 1 0 0 0 760 2 11 11 6
2 21 1 1 0 0 517 1 6 6 11
2 22 1 0 0 0 760 2 3 3 6
2 23 1 0 0 0 760 3 4 4 3
2 24 1 1 0 0 605 1 3 3 4
2 25 1 1 0 0 668 1 4 4 3
3 1 1 0 0 0 760 1 2 2 4
3 2 1 0 0 0 760 1 14 14 2
3 3 1 1 0 0 706 1 2 2 14
3 4 1 0 0 0 760 3 15 15 2
3 5 1 1 0 0 515 1 2 2 15
3 6 1 1 0 0 489 1 15 15 2
3 7 1 0 0 0 760 3 6 6 15
3 8 1 0 0 0 760 2 4 4 6
3 9 1 0 0 0 760 2 3 3 4
3 10 1 0 0 0 760 3 2 2 3
3 11 1 1 0 0 505 1 3 3 2
3 12 1 0 0 0 760 3 11 11 3
3 13 1 0 0 0 760 3 11 11 11
3 14 1 0 0 0 760 2 13 13 11
3 15 1 1 0 0 543 1 11 11 13
3 16 1 1 0 0 727 1 13 13 11
3 17 1 0 0 0 760 2 7 7 13
3 18 1 0 0 0 760 3 12 12 7
3 19 1 0 0 0 760 3 15 15 12
3 20 1 1 0 0 634 1 12 12 15
3 21 1 0 0 0 760 2 14 14 12
3 22 1 1 0 0 599 1 12 12 14
3 23 0 0 1 0 760 1 14 14 12
3 24 1 0 0 0 760 2 15 15 14
3 25 0 0 1 0 760 1 14 14 15
