1 1 1 0 0 0 760 3 1 1 0
1 2 1 0 0 0 760 3 5 5 1
1 3 1 0 0 0 760 3 7 7 5
1 4 1 0 0 0 760 2 2 2 7
1 5 1 0 0 0 760 2 3 3 2
1 6 1 0 0 0 760 2 7 7 3
1 7 1 0 0 0 760 3 13 13 7
1 8 1 0 0 0 760 3 11 11 13
1 9 1 0 0 0 266 2 5 5 11
1 10 1 0 0 0 760 2 15 15 5
1 11 1 0 0 0 760 2 8 8 15
1 12 1 0 0 0 760 3 6 6 8
1 13 1 0 0 0 760 3 11 11 6
1 14 1 1 0 0 726 1 6 6 11
1 15 0 0 1 0 760 1 11 11 6
1 16 1 1 0 0 585 1 6 6 11
1 17 1 0 0 0 760 3 6 6 6
1 18 1 0 0 0 760 3 7 7 6
1 19 1 0 0 0 760 3 8 8 7
1 20 1 0 0 0 760 3 13 13 8
1 21 1 1 0 0 722 1 8 8 13
1 22 1 0 0 0 760 2 10 10 8
1 23 1 1 0 0 633 1 8 8 10
1 24 1 0 0 0 760 3 14 14 8
1 25 1 0 0 0 760 3 6 6 14
2 1 1 0 0 0 760 1 5 5 6
2 2 1 0 0 0 760 1 12 12 5
2 3 1 0 0 0 760 3 3 3 12
2 4 1 0 0 0 760 2 11 11 3
2 5 1 1 0 0 676 1 3 3 11
2 6 1 0 0 0 760 2 7 7 3
2 7 1 1 0 0 576 1 3 3 7
2 8 1 0 0 0 760 3 15 15 3
2 9 1 1 0 0 598 1 3 3 15
2 10 1 0 0 0 760 2 14 14 3
2 11 1 0 0 0 760 3 9 9 14
2 12 1 0 0 0 760 2 7 7 9
2 13 1 0 0 0 760 3 3 3 7
2 14 1 1 0 0 621 1 7 7 3
2 15 1 1 0 0 714 1 3 3 7
2 16 1 0 0 0 760 2 8 8 3
2 17 1 0 0 0 760 2 12 12 8
2 18 0 0 1 0 760 1 8 8 12
2 19 1 0 0 0 760 2 15 15 8
2 20 1 0 0 0 760 2 2 2 15
2 21 1 0 0 0 760 3 9 9 2
2 22 1 0 0 0 760 3 15 15 9
2 23 1 0 0 0 760 2 14 14 15
2 24 0 0 1 0 760 1 15 15 14
2 25 1 0 0 0 760 2 7 7 15
3 1 1 0 0 0 760 1 7 7 7
3 2 1 0 0 0 760 2 11 11 7
3 3 1 0 0 0 760 2 12 12 11
3 4 1 0 0 0 760 3 5 5 12
3 5 1 0 0 0 760 3 7 7 5
3 6 1 0 0 0 760 3 6 6 7
3 7 0 0 1 0 760 1 7 7 6
3 8 1 0 0 0 760 2 9 9 7
3 9 1 0 0 0 760 3 2 2 9
3 10 0 0 1 0 760 1 9 9 2
3 11 0 0 1 0 760 1 2 2 9
3 12 0 0 1 0 760 1 9 9 2
3 13 1 1 0 0 722 1 2 2 9
3 14 0 0 0 1 748 3 2 2 2
3 15 0 0 1 0 760 1 2 2 2
3 16 1 0 0 0 760 2 11 11 2
3 17 0 0 1 0 760 1 2 2 11
3 18 1 0 0 0 760 2 12 12 2
3 19 1 0 0 0 760 3 12 12 12
3 20 1 0 0 0 760 2 2 2 12
3 21 1 0 0 0 760 3 9 9 2
3 22 1 0 0 0 760 2 15 15 9
3 23 1 0 0 0 760 3 12 12 15
3 24 1 1 0 0 710 1 15 15 12
3 25 1 0 0 0 760 2 8 8 15
