1 1 1 0 0 0 760 3 6 6 0
1 2 1 0 0 0 760 1 13 13 6
1 3 1 0 0 0 760 2 1 1 13
1 4 1 0 0 0 760 3 1 1 1
1 5 1 0 0 0 760 2 12 12 1
1 6 1 0 0 0 760 3 2 2 12
1 7 1 0 0 0 760 3 14 14 2
1 8 1 0 0 0 760 3 14 14 14
1 9 1 1 0 0 734 1 14 14 14
1 10 1 1 0 0 615 1 14 14 14
1 11 1 0 0 0 760 2 8 8 14
1 12 1 0 0 0 760 2 4 4 8
1 13 1 1 0 0 612 1 8 8 4
1 14 1 0 0 0 760 3 8 8 8
1 15 0 0 1 0 760 1 8 8 8
1 16 1 0 0 0 760 3 6 6 8
1 17 1 1 0 0 722 1 8 8 6
1 18 0 0 0 1 573 3 8 8 8
1 19 1 0 0 0 760 2 7 7 8
1 20 1 0 0 0 760 3 5 5 7
1 21 1 1 0 0 729 1 7 7 5
1 22 1 0 0 0 760 3 10 10 7
1 23 1 1 0 0 722 1 7 7 10
1 24 1 0 0 0 760 3 5 5 7
1 25 1 0 0 0 760 2 5 5 5
2 1 1 0 0 0 760 2 1 1 5
2 2 1 0 0 0 760 3 1 1 1
2 3 1 1 0 0 637 1 1 1 1
2 4 1 0 0 0 760 2 4 4 1
2 5 1 0 0 0 760 3 3 3 4
2 6 1 0 0 0 760 3 7 7 3
2 7 1 0 0 0 760 2 7 7 7
2 8 1 1 0 0 576 1 7 7 7
2 9 1 0 0 0 760 3 12 12 7
2 10 1 0 0 0 760 2 5 5 12
2 11 1 0 0 0 760 3 11 11 5
2 12 1 0 0 0 760 3 14 14 11
2 13 1 0 0 0 760 3 5 5 14
2 14 1 0 0 0 760 2 6 6 5
2 15 1 1 0 0 603 1 5 5 6
2 16 1 0 0 0 760 3 11 11 5
2 17 1 0 0 0 760 3 12 12 11
2 18 0 0 1 0 760 1 11 11 12
2 19 1 1 0 0 566 1 12 12 11
2 20 1 0 0 0 760 2 15 15 12
2 21 1 0 0 0 760 2 9 9 15
2 22 1 0 0 0 760 2 3 3 9
2 23 1 1 0 0 699 1 9 9 3
2 24 1 0 0 0 760 3 9 9 9
2 25 1 1 0 0 609 1 9 9 9
3 1 1 0 0 0 760 3 12 12 9
3 2 1 0 0 0 760 3 5 5 12
3 3 1 0 0 0 760 3 11 11 5
3 4 1 0 0 0 760 2 4 4 11
3 5 1 0 0 0 760 2 12 12 4
3 6 1 1 0 0 746 1 4 4 12
3 7 1 1 0 0 504 1 12 12 4
3 8 1 0 0 0 760 3 1 1 12
3 9 1 0 0 0 760 3 3 3 1
3 10 1 0 0 0 760 2 8 8 3
3 11 1 0 0 0 760 2 10 10 8
3 12 1 0 0 0 760 2 10 10 10
3 13 1 0 0 0 760 2 6 6 10
3 14 1 1 0 0 533 1 10 10 6
3 15 1 0 0 0 760 3 15 15 10
3 16 1 0 0 0 760 2 13 13 15
3 17 0 0 1 0 760 1 15 15 13
3 18 1 1 0 0 533 1 13 13 15
3 19 1 0 0 0 760 2 5 5 13
3 20 1 0 0 0 760 3 2 2 5
3 21 1 1 0 0 522 1 5 5 2
3 22 1 0 0 0 760 3 15 15 5
3 23 1 0 0 0 760 2 13 13 15
3 24 1 0 0 0 760 3 4 4 13
3 25 1 1 0 0 615 1 13 13 4
