1 1 1 0 0 0 760 2 11 11 0
1 2 1 0 0 0 760 3 9 9 11
1 3 1 1 0 0 570 1 11 11 9
1 4 1 0 0 0 760 2 10 10 11
1 5 0 0 1 0 760 1 11 11 10
1 6 0 0 1 0 760 1 10 10 11
1 7 0 0 1 0 760 1 11 11 10
1 8 1 0 0 0 760 2 15 15 11
1 9 1 0 0 0 760 2 9 9 15
1 10 1 0 0 0 760 3 11 11 9
1 11 1 0 0 0 760 3 13 13 11
1 12 1 0 0 0 760 2 14 14 13
1 13 1 0 0 0 760 3 12 12 14
1 14 1 1 0 0 684 1 14 14 12
1 15 1 0 0 0 760 3 14 14 14
1 16 1 1 0 0 683 1 14 14 14
1 17 1 1 0 0 724 1 14 14 14
1 18 1 0 0 0 760 2 5 5 14
1 19 1 0 0 0 760 2 15 15 5
1 20 1 1 0 0 615 1 5 5 15
1 21 1 0 0 0 760 2 10 10 5
1 22 0 0 1 0 760 1 5 5 10
1 23 1 0 0 0 760 3 13 13 5
1 24 1 0 0 0 760 3 14 14 13
1 25 0 0 1 0 760 1 13 13 14
2 1 1 0 0 0 760 1 5 5 13
2 2 1 0 0 0 760 3 12 12 5
2 3 1 0 0 0 760 3 8 8 12
2 4 0 0 0 1 664 3 5 5 8
2 5 1 0 0 0 760 2 10 10 5
2 6 1 0 0 0 760 3 2 2 10
2 7 1 0 0 0 760 2 1 1 2
2 8 1 1 0 0 626 1 2 2 1
2 9 1 0 0 0 760 3 12 12 2
2 10 1 0 0 0 760 3 4 4 12
2 11 1 1 0 0 626 1 12 12 4
2 12 1 0 0 0 760 3 15 15 12
2 13 0 0 1 0 760 1 12 12 15
2 14 1 0 0 0 760 2 11 11 12
2 15 1 0 0 0 760 2 13 13 11
2 16 1 1 0 0 709 1 11 11 13
2 17 1 0 0 0 760 3 5 5 11
2 18 1 0 0 0 760 3 1 1 5
2 19 1 1 0 0 691 1 5 5 1
2 20 1 0 0 0 760 2 10 10 5
2 21 1 0 0 0 760 3 10 10 10
2 22 1 0 0 0 760 2 15 15 10
2 23 1 0 0 0 760 3 3 3 15
2 24 1 0 0 0 760 2 4 4 3
2 25 1 0 0 0 760 2 7 7 4
3 1 1 0 0 0 760 3 3 3 7
3 2 1 0 0 0 760 1 15 15 3
3 3 1 0 0 0 760 3 12 12 15
3 4 1 0 0 0 760 3 12 12 12
3 5 0 0 1 0 760 1 12 12 12
3 6 1 0 0 0 760 2 14 14 12
3 7 1 0 0 0 760 3 15 15 14
3 8 1 0 0 0 760 3 9 9 15
3 9 1 1 0 0 598 1 15 15 9
3 10 0 0 1 0 760 1 9 9 15
3 11 1 0 0 0 760 3 10 10 9
3 12 1 0 0 0 760 2 13 13 10
3 13 1 0 0 0 760 3 4 4 13
3 14 1 0 0 0 760 2 8 8 4
3 15 0 0 1 0 760 1 4 4 8
3 16 1 0 0 0 760 3 2 2 4
3 17 0 0 1 0 760 1 4 4 2
3 18 1 0 0 0 760 2 3 3 4
3 19 1 0 0 0 760 2 10 10 3
3 20 1 0 0 0 760 2 10 10 10
3 21 1 0 0 0 760 2 6 6 10
3 22 1 1 0 0 554 1 10 10 6
3 23 1 0 0 0 760 2 2 2 10
3 24 1 0 0 0 760 3 13 13 2
3 25 1 0 0 0 760 3 10 10 13
