1 1 1 0 0 0 760 2 13 13 0
1 2 1 0 0 0 760 2 7 7 13
1 3 1 1 0 0 627 1 13 13 7
1 4 1 0 0 0 760 2 10 10 13
1 5 1 1 0 0 698 1 13 13 10
1 6 1 1 0 0 731 1 10 10 13
1 7 1 1 0 0 665 1 13 13 10
1 8 1 0 0 0 760 3 11 11 13
1 9 1 1 0 0 663 1 13 13 11
1 10 1 0 0 0 760 2 15 15 13
1 11 1 1 0 0 554 1 13 13 15
1 12 1 0 0 0 760 3 5 5 13
1 13 0 0 0 1 630 3 5 5 5
1 14 0 0 0 1 529 2 2 2 5
1 15 1 1 0 0 519 1 5 5 2
1 16 1 0 0 0 760 2 7 7 5
1 17 1 0 0 0 760 3 9 9 7
1 18 1 1 0 0 675 1 7 7 9
1 19 0 0 1 0 760 1 9 9 7
1 20 1 0 0 0 760 2 6 6 9
1 21 1 1 0 0 578 1 9 9 6
1 22 1 0 0 0 760 3 4 4 9
1 23 1 0 0 0 760 2 12 12 4
1 24 1 0 0 0 760 2 11 11 12
1 25 1 1 0 0 716 1 12 12 11
2 1 1 0 0 0 760 2 4 4 12
2 2 1 0 0 0 760 3 9 9 4
2 3 1 0 0 0 760 2 12 12 9
2 4 1 0 0 0 760 2 2 2 12
2 5 1 0 0 0 760 3 11 11 2
2 6 1 0 0 0 760 2 10 10 11
2 7 1 1 0 0 505 1 11 11 10
2 8 1 0 0 0 760 2 7 7 11
2 9 1 0 0 0 760 3 4 4 7
2 10 1 0 0 0 760 3 1 1 4
2 11 1 0 0 0 760 3 14 14 1
2 12 1 0 0 0 760 3 4 4 14
2 13 1 0 0 0 760 3 15 15 4
2 14 1 0 0 0 760 2 2 2 15
2 15 1 0 0 0 760 2 10 10 2
2 16 0 0 0 1 745 3 10 10 10
2 17 1 0 0 0 760 2 6 6 10
2 18 0 0 0 1 716 2 4 4 6
2 19 1 0 0 0 760 3 11 11 4
2 20 1 1 0 0 523 1 4 4 11
2 21 1 0 0 0 760 2 2 2 4
2 22 1 0 0 0 760 2 3 3 2
2 23 1 0 0 0 760 2 12 12 3
2 24 1 0 0 0 760 3 13 13 12
2 25 0 0 1 0 760 1 12 12 13
3 1 1 0 0 0 760 3 7 7 12
3 2 1 0 0 0 760 1 3 3 7
3 3 1 0 0 0 760 3 1 1 3
3 4 1 0 0 0 760 3 5 5 1
3 5 1 0 0 0 760 3 13 13 5
3 6 1 0 0 0 760 3 7 7 13
3 7 1 0 0 0 760 3 4 4 7
3 8 1 1 0 0 630 1 7 7 4
3 9 1 0 0 0 760 2 11 11 7
3 10 0 0 1 0 760 1 7 7 11
3 11 1 0 0 0 760 3 8 8 7
3 12 1 0 0 0 760 3 6 6 8
3 13 0 0 0 1 622 3 6 6 6
3 14 1 1 0 0 670 1 6 6 6
3 15 1 1 0 0 526 1 6 6 6
3 16 0 0 1 0 760 1 6 6 6
3 17 1 0 0 0 760 2 3 3 6
3 18 1 0 0 0 760 3 5 5 3
3 19 1 1 0 0 685 1 3 3 5
3 20 1 1 0 0 683 1 5 5 3
3 21 1 0 0 0 760 3 10 10 5
3 22 1 1 0 0 740 1 5 5 10
3 23 1 1 0 0 667 1 10 10 5
3 24 1 0 0 0 760 3 13 13 10
3 25 0 0 1 0 760 1 10 10 13
