1 1 1 0 0 0 760 1 9 9 0
1 2 1 0 0 0 760 1 15 15 9
1 3 1 0 0 0 760 3 10 10 15
1 4 1 0 0 0 760 3 6 6 10
1 5 1 0 0 0 760 2 5 5 6
1 6 1 0 0 0 760 2 12 12 5
1 7 1 0 0 0 760 3 1 1 12
1 8 1 0 0 0 760 3 5 5 1
1 9 1 1 0 0 745 1 1 1 5
1 10 1 0 0 0 760 3 2 2 1
1 11 0 0 1 0 760 1 1 1 2
1 12 0 0 1 0 760 1 2 2 1
1 13 0 0 1 0 760 1 1 1 2
1 14 1 0 0 0 760 2 13 13 1
1 15 1 0 0 0 760 2 2 2 13
1 16 0 0 1 0 760 1 13 13 2
1 17 1 0 0 0 760 3 7 7 13
1 18 0 0 1 0 760 1 13 13 7
1 19 1 0 0 0 760 3 2 2 13
1 20 0 0 1 0 760 1 13 13 2
1 21 1 0 0 0 760 3 5 5 13
1 22 1 0 0 0 760 2 7 7 5
1 23 1 0 0 0 760 2 10 10 7
1 24 1 0 0 0 760 2 9 9 10
1 25 1 0 0 0 760 2 11 11 9
2 1 1 0 0 0 760 2 10 10 11
2 2 1 0 0 0 760 3 1 1 10
2 3 1 0 0 0 760 2 14 14 1
2 4 0 0 1 0 760 1 1 1 14
2 5 1 0 0 0 760 2 1 1 1
2 6 0 0 1 0 760 1 1 1 1
2 7 0 0 1 0 760 1 1 1 1
2 8 1 0 0 0 760 3 11 11 1
2 9 1 0 0 0 760 2 8 8 11
2 10 0 0 1 0 760 1 11 11 8
2 11 1 0 0 0 760 3 4 4 11
2 12 1 0 0 0 760 2 2 2 4
2 13 1 0 0 0 760 2 13 13 2
2 14 1 0 0 0 760 2 6 6 13
2 15 1 0 0 0 760 3 7 7 6
2 16 1 0 0 0 760 3 14 14 7
2 17 0 0 1 0 760 1 7 7 14
2 18 1 1 0 0 288 1 14 14 7
2 19 1 0 0 0 760 3 8 8 14
2 20 1 0 0 0 760 3 11 11 8
2 21 1 0 0 0 760 3 13 13 11
2 22 0 0 1 0 760 1 11 11 13
2 23 0 0 1 0 760 1 13 13 11
2 24 1 0 0 0 760 3 14 14 13
2 25 1 0 0 0 760 2 9 9 14
3 1 1 0 0 0 760 1 9 9 9
3 2 1 0 0 0 760 3 12 12 9
3 3 0 0 1 0 760 1 9 9 12
3 4 0 0 1 0 760 1 12 12 9
3 5 1 0 0 0 760 2 13 13 12
3 6 1 0 0 0 760 3 7 7 13
3 7 1 0 0 0 760 2 4 4 7
3 8 1 0 0 0 760 2 12 12 4
3 9 1 0 0 0 760 2 5 5 12
3 10 0 0 1 0 760 1 12 12 5
3 11 1 0 0 0 760 2 3 3 12
3 12 0 0 1 0 760 1 12 12 3
3 13 1 0 0 0 760 2 12 12 12
3 14 1 0 0 0 760 3 15 15 12
3 15 1 0 0 0 760 2 7 7 15
3 16 1 0 0 0 760 2 14 14 7
3 17 0 0 1 0 760 1 7 7 14
3 18 1 0 0 0 760 2 15 15 7
3 19 1 0 0 0 760 2 9 9 15
3 20 0 0 1 0 760 1 15 15 9
3 21 0 0 1 0 760 1 9 9 15
3 22 1 0 0 0 760 3 9 9 9
3 23 0 0 1 0 760 1 9 9 9
3 24 0 0 1 0 760 1 9 9 9
3 25 0 0 1 0 760 1 9 9 9
