1 1 1 0 0 0 760 3 7 7 0
1 2 1 0 0 0 760 2 8 8 7
1 3 1 0 0 0 760 2 9 9 8
1 4 1 1 0 0 752 1 8 8 9
1 5 1 1 0 0 760 1 9 9 8
1 6 1 0 0 0 760 2 7 7 9
1 7 1 0 0 0 760 2 13 13 7
1 8 1 1 0 0 553 1 7 7 13
1 9 1 0 0 0 760 3 14 14 7
1 10 1 0 0 0 760 2 11 11 14
1 11 1 0 0 0 760 3 8 8 11
1 12 1 0 0 0 760 3 5 5 8
1 13 1 0 0 0 760 3 14 14 5
1 14 1 1 0 0 742 1 5 5 14
1 15 1 0 0 0 760 3 12 12 5
1 16 1 0 0 0 760 2 13 13 12
1 17 1 0 0 0 760 2 2 2 13
1 18 1 0 0 0 760 3 5 5 2
1 19 0 0 1 0 760 1 2 2 5
1 20 1 0 0 0 760 3 4 4 2
1 21 1 0 0 0 760 3 9 9 4
1 22 1 1 0 0 671 1 4 4 9
1 23 1 0 0 0 760 3 1 1 4
1 24 1 0 0 0 760 2 13 13 1
1 25 1 0 0 0 760 3 8 8 13
2 1 1 0 0 0 760 2 14 14 8
2 2 1 0 0 0 760 2 11 11 14
2 3 0 0 1 0 760 1 14 14 11
2 4 0 0 1 0 760 1 11 11 14
2 5 0 0 1 0 760 1 14 14 11
2 6 1 0 0 0 760 3 6 6 14
2 7 1 0 0 0 760 2 8 8 6
2 8 0 0 0 1 654 2 8 8 8
2 9 1 0 0 0 760 3 7 7 8
2 10 1 0 0 0 760 3 14 14 7
2 11 1 0 0 0 760 3 6 6 14
2 12 1 0 0 0 760 2 12 12 6
2 13 1 0 0 0 760 3 13 13 12
2 14 1 0 0 0 760 2 14 14 13
2 15 1 1 0 0 759 1 13 13 14
2 16 1 0 0 0 760 2 8 8 13
2 17 1 0 0 0 760 2 1 1 8
2 18 0 0 1 0 760 1 8 8 1
2 19 0 0 1 0 760 1 1 1 8
2 20 1 1 0 0 649 1 8 8 1
2 21 1 0 0 0 760 3 14 14 8
2 22 1 1 0 0 498 1 8 8 14
2 23 0 0 0 1 690 3 8 8 8
2 24 1 0 0 0 760 2 11 11 8
2 25 1 1 0 0 497 1 8 8 11
3 1 1 0 0 0 760 3 7 7 8
3 2 1 0 0 0 760 3 7 7 7
3 3 1 1 0 0 506 1 7 7 7
3 4 1 1 0 0 559 1 7 7 7
3 5 0 0 1 0 760 1 7 7 7
3 6 1 0 0 0 760 2 5 5 7
3 7 1 0 0 0 760 2 6 6 5
3 8 1 0 0 0 760 3 15 15 6
3 9 1 0 0 0 760 2 8 8 15
3 10 1 0 0 0 760 3 2 2 8
3 11 1 0 0 0 760 2 4 4 2
3 12 1 0 0 0 760 2 15 15 4
3 13 0 0 1 0 760 1 4 4 15
3 14 1 0 0 0 760 3 7 7 4
3 15 1 1 0 0 573 1 4 4 7
3 16 1 0 0 0 760 3 2 2 4
3 17 0 0 1 0 760 1 4 4 2
3 18 1 0 0 0 760 3 5 5 4
3 19 1 1 0 0 521 1 4 4 5
3 20 1 1 0 0 702 1 5 5 4
3 21 1 1 0 0 628 1 4 4 5
3 22 1 0 0 0 760 2 15 15 4
3 23 1 0 0 0 760 2 6 6 15
3 24 1 0 0 0 760 2 8 8 6
3 25 1 0 0 0 760 2 11 11 8
