1 1 1 0 0 0 760 1 6 6 0
1 2 1 0 0 0 760 1 13 13 6
1 3 1 0 0 0 760 3 9 9 13
1 4 1 0 0 0 760 2 2 2 9
1 5 0 0 1 0 760 1 9 9 2
1 6 1 0 0 0 760 2 10 10 9
1 7 1 0 0 0 760 2 12 12 10
1 8 1 1 0 0 691 1 10 10 12
1 9 1 0 0 0 760 2 7 7 10
1 10 1 0 0 0 760 3 5 5 7
1 11 1 0 0 0 760 3 13 13 5
1 12 1 0 0 0 760 3 12 12 13
1 13 1 0 0 0 760 3 10 10 12
1 14 0 0 1 0 760 1 12 12 10
1 15 1 0 0 0 760 2 8 8 12
1 16 1 0 0 0 760 2 14 14 8
1 17 1 1 0 0 653 1 8 8 14
1 18 0 0 1 0 760 1 14 14 8
1 19 1 1 0 0 763 1 8 8 14
1 20 1 1 0 0 635 1 14 14 8
1 21 1 0 0 0 760 2 2 2 14
1 22 1 0 0 0 760 3 12 12 2
1 23 1 0 0 0 760 3 9 9 12
1 24 1 0 0 0 760 3 4 4 9
1 25 1 0 0 0 760 3 10 10 4
2 1 1 0 0 0 760 1 1 1 10
2 2 1 0 0 0 760 2 3 3 1
2 3 1 0 0 0 760 3 12 12 3
2 4 1 0 0 0 760 3 6 6 12
2 5 1 0 0 0 760 2 14 14 6
2 6 1 0 0 0 760 3 3 3 14
2 7 1 0 0 0 760 3 1 1 3
2 8 1 0 0 0 760 3 15 15 1
2 9 0 0 1 0 760 1 1 1 15
2 10 0 0 1 0 760 1 15 15 1
2 11 1 1 0 0 706 1 1 1 15
2 12 1 0 0 0 760 3 7 7 1
2 13 1 0 0 0 760 3 8 8 7
2 14 1 1 0 0 573 1 7 7 8
2 15 0 0 1 0 760 1 8 8 7
2 16 1 1 0 0 688 1 7 7 8
2 17 1 1 0 0 548 1 8 8 7
2 18 1 0 0 0 760 2 12 12 8
2 19 1 1 0 0 720 1 8 8 12
2 20 0 0 1 0 760 1 12 12 8
2 21 1 1 0 0 687 1 8 8 12
2 22 1 0 0 0 760 3 14 14 8
2 23 1 0 0 0 760 3 12 12 14
2 24 1 0 0 0 760 2 11 11 12
2 25 1 0 0 0 760 3 6 6 11
3 1 1 0 0 0 760 3 1 1 6
3 2 1 0 0 0 760 1 5 5 1
3 3 0 0 1 0 760 1 1 1 5
3 4 1 0 0 0 760 3 3 3 1
3 5 1 0 0 0 760 3 3 3 3
3 6 1 1 0 0 546 1 3 3 3
3 7 1 0 0 0 760 2 2 2 3
3 8 1 0 0 0 760 3 8 8 2
3 9 1 0 0 0 760 2 5 5 8
3 10 1 1 0 0 719 1 8 8 5
3 11 1 0 0 0 760 2 12 12 8
3 12 1 1 0 0 585 1 8 8 12
3 13 1 0 0 0 760 2 15 15 8
3 14 1 1 0 0 539 1 8 8 15
3 15 1 0 0 0 760 3 5 5 8
3 16 1 1 0 0 664 1 8 8 5
3 17 1 0 0 0 760 2 7 7 8
3 18 1 0 0 0 760 3 7 7 7
3 19 1 0 0 0 760 2 1 1 7
3 20 1 0 0 0 760 2 10 10 1
3 21 1 0 0 0 760 3 13 13 10
3 22 1 0 0 0 760 3 6 6 13
3 23 1 0 0 0 760 3 4 4 6
3 24 0 0 0 1 648 2 7 7 4
3 25 0 0 1 0 760 1 4 4 7
