1 1 1 0 0 0 760 3 15 15 0
1 2 1 0 0 0 760 1 13 13 15
1 3 1 0 0 0 760 3 10 10 13
1 4 1 0 0 0 760 2 11 11 10
1 5 1 0 0 0 760 3 8 8 11
1 6 1 0 0 0 760 3 7 7 8
1 7 0 0 1 0 760 1 8 8 7
1 8 0 0 1 0 760 1 7 7 8
1 9 1 0 0 0 760 3 9 9 7
1 10 0 0 1 0 760 1 7 7 9
1 11 0 0 1 0 760 1 9 9 7
1 12 0 0 1 0 760 1 7 7 9
1 13 0 0 1 0 760 1 9 9 7
1 14 1 1 0 0 607 1 7 7 9
1 15 1 0 0 0 760 3 15 15 7
1 16 1 0 0 0 760 2 3 3 15
1 17 1 0 0 0 760 2 12 12 3
1 18 1 0 0 0 760 2 1 1 12
1 19 0 0 1 0 760 1 12 12 1
1 20 1 0 0 0 760 2 13 13 12
1 21 1 0 0 0 760 2 3 3 13
1 22 1 0 0 0 760 2 3 3 3
1 23 0 0 1 0 760 1 3 3 3
1 24 0 0 1 0 760 1 3 3 3
1 25 0 0 1 0 760 1 3 3 3
2 1 1 0 0 0 760 3 6 6 3
2 2 1 0 0 0 760 2 4 4 6
2 3 0 0 1 0 760 1 6 6 4
2 4 1 0 0 0 760 2 6 6 6
2 5 1 0 0 0 760 3 1 1 6
2 6 1 0 0 0 760 2 3 3 1
2 7 1 0 0 0 760 3 5 5 3
2 8 1 0 0 0 760 2 5 5 5
2 9 0 0 1 0 760 1 5 5 5
2 10 1 0 0 0 760 3 13 13 5
2 11 0 0 1 0 760 1 5 5 13
2 12 0 0 1 0 760 1 13 13 5
2 13 0 0 1 0 760 1 5 5 13
2 14 1 0 0 0 760 3 2 2 5
2 15 0 0 1 0 760 1 5 5 2
2 16 1 0 0 0 760 3 4 4 5
2 17 1 0 0 0 760 3 8 8 4
2 18 1 0 0 0 760 3 13 13 8
2 19 1 0 0 0 760 3 15 15 13
2 20 0 0 1 0 760 1 13 13 15
2 21 1 0 0 0 760 3 11 11 13
2 22 1 0 0 0 760 2 15 15 11
2 23 1 0 0 0 760 3 10 10 15
2 24 1 1 0 0 620 1 15 15 10
2 25 1 0 0 0 760 3 8 8 15
3 1 1 0 0 0 760 3 6 6 8
3 2 1 0 0 0 760 1 6 6 6
3 3 1 0 0 0 760 2 3 3 6
3 4 1 0 0 0 760 2 2 2 3
3 5 1 1 0 0 620 1 3 3 2
3 6 1 1 0 0 659 1 2 2 3
3 7 1 0 0 0 760 2 14 14 2
3 8 1 0 0 0 760 3 15 15 14
3 9 1 0 0 0 760 2 12 12 15
3 10 1 0 0 0 760 3 6 6 12
3 11 1 0 0 0 760 2 1 1 6
3 12 1 1 0 0 645 1 6 6 1
3 13 0 0 1 0 760 1 1 1 6
3 14 0 0 1 0 760 1 6 6 1
3 15 1 0 0 0 760 2 3 3 6
3 16 1 0 0 0 760 3 3 3 3
3 17 1 0 0 0 760 2 10 10 3
3 18 1 0 0 0 760 2 11 11 10
3 19 0 0 0 1 738 3 12 12 11
3 20 1 0 0 0 760 2 6 6 12
3 21 0 0 1 0 760 1 12 12 6
3 22 1 0 0 0 760 3 3 3 12
3 23 1 0 0 0 760 2 15 15 3
3 24 1 0 0 0 760 2 11 11 15
3 25 1 0 0 0 760 3 9 9 11
