1 1 1 0 0 0 760 3 10 10 0
1 2 1 0 0 0 760 1 15 15 10
1 3 1 1 0 0 693 1 10 10 15
1 4 0 0 1 0 760 1 15 15 10
1 5 1 1 0 0 708 1 10 10 15
1 6 1 0 0 0 760 3 4 4 10
1 7 1 0 0 0 760 3 11 11 4
1 8 1 1 0 0 597 1 4 4 11
1 9 1 0 0 0 760 3 2 2 4
1 10 0 0 1 0 760 1 4 4 2
1 11 1 0 0 0 760 2 5 5 4
1 12 1 0 0 0 760 3 1 1 5
1 13 1 0 0 0 760 2 10 10 1
1 14 1 1 0 0 716 1 1 1 10
1 15 1 0 0 0 760 2 13 13 1
1 16 1 1 0 0 590 1 1 1 13
1 17 1 0 0 0 760 3 5 5 1
1 18 1 0 0 0 760 2 7 7 5
1 19 0 0 0 1 680 2 13 13 7
1 20 1 1 0 0 757 1 7 7 13
1 21 1 0 0 0 760 3 11 11 7
1 22 1 0 0 0 760 2 5 5 11
1 23 1 1 0 0 669 1 11 11 5
1 24 1 0 0 0 760 2 11 11 11
1 25 0 0 1 0 760 1 11 11 11
2 1 1 0 0 0 760 3 13 13 11
2 2 1 0 0 0 760 1 3 3 13
2 3 1 0 0 0 760 3 4 4 3
2 4 1 0 0 0 760 2 2 2 4
2 5 1 0 0 0 760 3 14 14 2
2 6 1 0 0 0 760 3 8 8 14
2 7 1 0 0 0 760 2 7 7 8
2 8 1 0 0 0 760 2 7 7 7
2 9 1 0 0 0 760 3 3 3 7
2 10 1 0 0 0 760 3 5 5 3
2 11 0 0 1 0 760 1 3 3 5
2 12 0 0 1 0 760 1 5 5 3
2 13 1 1 0 0 648 1 3 3 5
2 14 1 0 0 0 760 3 2 2 3
2 15 1 0 0 0 760 2 6 6 2
2 16 1 1 0 0 516 1 2 2 6
2 17 1 0 0 0 760 3 11 11 2
2 18 0 0 1 0 760 1 2 2 11
2 19 1 0 0 0 760 2 5 5 2
2 20 1 1 0 0 661 1 2 2 5
2 21 1 0 0 0 760 3 9 9 2
2 22 1 1 0 0 562 1 2 2 9
2 23 0 0 1 0 760 1 9 9 2
2 24 1 0 0 0 760 2 7 7 9
2 25 1 1 0 0 695 1 9 9 7
3 1 1 0 0 0 760 1 3 3 9
3 2 1 0 0 0 760 2 5 5 3
3 3 1 0 0 0 760 2 4 4 5
3 4 1 1 0 0 666 1 5 5 4
3 5 1 0 0 0 760 3 13 13 5
3 6 1 0 0 0 760 2 9 9 13
3 7 1 1 0 0 689 1 13 13 9
3 8 1 0 0 0 760 2 13 13 13
3 9 1 0 0 0 760 3 6 6 13
3 10 1 1 0 0 521 1 13 13 6
3 11 1 0 0 0 760 2 2 2 13
3 12 1 0 0 0 760 2 9 9 2
3 13 0 0 1 0 760 1 2 2 9
3 14 1 0 0 0 760 2 3 3 2
3 15 1 0 0 0 760 3 12 12 3
3 16 1 0 0 0 760 3 7 7 12
3 17 1 0 0 0 760 2 8 8 7
3 18 1 0 0 0 760 3 9 9 8
3 19 0 0 1 0 760 1 8 8 9
3 20 0 0 1 0 760 1 9 9 8
3 21 1 1 0 0 686 1 8 8 9
3 22 1 1 0 0 691 1 9 9 8
3 23 1 0 0 0 760 3 7 7 9
3 24 1 0 0 0 760 2 2 2 7
3 25 1 1 0 0 550 1 7 7 2
