1 1 1 0 0 0 527 1 11 11 0
1 2 1 0 0 0 760 2 3 3 11
1 3 1 0 0 0 760 2 6 6 3
1 4 0 0 1 0 760 1 3 3 6
1 5 1 0 0 0 760 3 10 10 3
1 6 1 0 0 0 760 3 13 13 10
1 7 1 0 0 0 760 2 15 15 13
1 8 1 0 0 0 760 3 14 14 15
1 9 0 0 1 0 760 1 15 15 14
1 10 1 0 0 0 760 3 12 12 15
1 11 1 0 0 0 760 2 8 8 12
1 12 1 0 0 0 760 3 6 6 8
1 13 1 1 0 0 709 1 8 8 6
1 14 0 0 1 0 760 1 6 6 8
1 15 0 0 1 0 760 1 8 8 6
1 16 1 0 0 0 760 2 12 12 8
1 17 1 0 0 0 760 2 5 5 12
1 18 1 0 0 0 760 3 13 13 5
1 19 0 0 1 0 760 1 5 5 13
1 20 1 0 0 0 760 2 5 5 5
1 21 1 0 0 0 760 2 2 2 5
1 22 1 0 0 0 760 3 6 6 2
1 23 0 0 0 1 675 2 6 6 6
1 24 0 0 0 1 714 3 1 1 6
1 25 1 0 0 0 760 3 4 4 1
2 1 1 0 0 0 760 2 6 6 4
2 2 1 0 0 0 760 2 12 12 6
2 3 1 0 0 0 760 2 4 4 12
2 4 0 0 1 0 760 1 12 12 4
2 5 1 0 0 0 760 2 7 7 12
2 6 1 1 0 0 572 1 12 12 7
2 7 1 0 0 0 760 2 13 13 12
2 8 1 0 0 0 760 2 9 9 13
2 9 1 1 0 0 545 1 13 13 9
2 10 1 0 0 0 760 3 14 14 13
2 11 0 0 1 0 760 1 13 13 14
2 12 1 0 0 0 760 2 12 12 13
2 13 1 0 0 0 760 2 5 5 12
2 14 1 1 0 0 686 1 12 12 5
2 15 1 0 0 0 760 2 1 1 12
2 16 1 0 0 0 760 3 15 15 1
2 17 1 1 0 0 633 1 1 1 15
2 18 1 0 0 0 760 3 8 8 1
2 19 1 0 0 0 760 3 6 6 8
2 20 0 0 0 1 716 2 6 6 6
2 21 1 1 0 0 665 1 6 6 6
2 22 1 1 0 0 573 1 6 6 6
2 23 1 0 0 0 760 2 10 10 6
2 24 0 0 1 0 760 1 6 6 10
2 25 1 1 0 0 674 1 10 10 6
3 1 1 0 0 0 760 3 4 4 10
3 2 1 0 0 0 760 3 5 5 4
3 3 1 0 0 0 760 2 5 5 5
3 4 1 0 0 0 760 3 11 11 5
3 5 1 0 0 0 760 3 3 3 11
3 6 1 0 0 0 760 2 1 1 3
3 7 1 0 0 0 760 3 6 6 1
3 8 1 0 0 0 760 3 9 9 6
3 9 1 0 0 0 760 3 5 5 9
3 10 1 0 0 0 760 2 14 14 5
3 11 1 1 0 0 758 1 5 5 14
3 12 0 0 1 0 760 1 14 14 5
3 13 1 0 0 0 760 2 8 8 14
3 14 1 0 0 0 760 2 2 2 8
3 15 1 1 0 0 715 1 8 8 2
3 16 1 0 0 0 760 3 8 8 8
3 17 1 1 0 0 582 1 8 8 8
3 18 1 0 0 0 760 2 2 2 8
3 19 1 0 0 0 760 2 4 4 2
3 20 1 0 0 0 760 3 14 14 4
3 21 1 0 0 0 760 2 3 3 14
3 22 1 0 0 0 760 3 1 1 3
3 23 1 0 0 0 760 2 13 13 1
3 24 1 0 0 0 760 2 7 7 13
3 25 0 0 1 0 760 1 13 13 7
