1 1 1 0 0 0 760 1 3 3 0
1 2 1 0 0 0 760 2 4 4 3
1 3 1 0 0 0 760 3 8 8 4
1 4 0 0 1 0 760 1 4 4 8
1 5 1 0 0 0 760 3 14 14 4
1 6 0 0 1 0 760 1 4 4 14
1 7 1 0 0 0 760 3 4 4 4
1 8 1 0 0 0 760 3 7 7 4
1 9 1 0 0 0 760 3 14 14 7
1 10 1 0 0 0 760 2 13 13 14
1 11 1 0 0 0 760 3 3 3 13
1 12 0 0 1 0 760 1 13 13 3
1 13 0 0 1 0 760 1 3 3 13
1 14 1 1 0 0 718 1 13 13 3
1 15 1 1 0 0 752 1 3 3 13
1 16 1 1 0 0 671 1 13 13 3
1 17 1 1 0 0 634 1 3 3 13
1 18 1 0 0 0 760 3 3 3 3
1 19 1 0 0 0 760 2 1 1 3
1 20 1 0 0 0 760 2 9 9 1
1 21 1 0 0 0 760 3 12 12 9
1 22 0 0 0 1 685 3 12 12 12
1 23 1 0 0 0 760 3 15 15 12
1 24 1 0 0 0 760 2 15 15 15
1 25 1 0 0 0 760 2 9 9 15
2 1 1 0 0 0 760 2 11 11 9
2 2 1 0 0 0 760 1 4 4 11
2 3 1 0 0 0 760 3 9 9 4
2 4 1 0 0 0 760 2 6 6 9
2 5 1 0 0 0 760 3 15 15 6
2 6 1 0 0 0 760 3 12 12 15
2 7 1 0 0 0 760 2 4 4 12
2 8 1 0 0 0 760 3 2 2 4
2 9 1 1 0 0 646 1 4 4 2
2 10 0 0 1 0 760 1 2 2 4
2 11 1 0 0 0 760 2 9 9 2
2 12 0 0 0 1 727 2 9 9 9
2 13 1 0 0 0 760 2 10 10 9
2 14 1 0 0 0 760 2 13 13 10
2 15 1 0 0 0 760 2 5 5 13
2 16 1 0 0 0 760 2 6 6 5
2 17 0 0 1 0 760 1 5 5 6
2 18 1 0 0 0 760 2 4 4 5
2 19 1 0 0 0 760 2 4 4 4
2 20 1 0 0 0 760 2 11 11 4
2 21 1 0 0 0 760 2 12 12 11
2 22 1 0 0 0 760 3 14 14 12
2 23 1 0 0 0 760 2 8 8 14
2 24 0 0 1 0 760 1 14 14 8
2 25 1 0 0 0 760 2 5 5 14
3 1 1 0 0 0 760 3 1 1 5
3 2 1 0 0 0 760 2 2 2 1
3 3 1 1 0 0 644 1 1 1 2
3 4 1 0 0 0 760 3 8 8 1
3 5 0 0 1 0 760 1 1 1 8
3 6 1 1 0 0 750 1 8 8 1
3 7 1 0 0 0 760 2 8 8 8
3 8 1 0 0 0 760 2 11 11 8
3 9 1 0 0 0 760 3 7 7 11
3 10 1 0 0 0 760 3 5 5 7
3 11 1 0 0 0 760 2 11 11 5
3 12 1 0 0 0 760 2 2 2 11
3 13 1 0 0 0 760 3 3 3 2
3 14 1 0 0 0 760 3 10 10 3
3 15 1 0 0 0 760 2 11 11 10
3 16 1 0 0 0 760 2 13 13 11
3 17 0 0 0 1 621 3 13 13 13
3 18 0 0 1 0 760 1 13 13 13
3 19 1 1 0 0 715 1 13 13 13
3 20 1 1 0 0 720 1 13 13 13
3 21 1 1 0 0 604 1 13 13 13
3 22 0 0 1 0 760 1 13 13 13
3 23 1 0 0 0 760 2 7 7 13
3 24 1 0 0 0 760 2 15 15 7
3 25 1 1 0 0 611 1 7 7 15
