1 1 1 0 0 0 760 1 10 10 0
1 2 1 0 0 0 760 1 3 3 10
1 3 1 0 0 0 760 2 14 14 3
1 4 1 0 0 0 760 3 11 11 14
1 5 1 0 0 0 760 3 8 8 11
1 6 0 0 1 0 760 1 11 11 8
1 7 1 0 0 0 760 3 3 3 11
1 8 1 0 0 0 760 3 9 9 3
1 9 1 0 0 0 760 2 7 7 9
1 10 1 1 0 0 676 1 9 9 7
1 11 1 0 0 0 760 2 12 12 9
1 12 1 0 0 0 760 3 11 11 12
1 13 1 0 0 0 760 3 9 9 11
1 14 1 0 0 0 760 2 9 9 9
1 15 0 0 0 1 621 3 6 6 9
1 16 1 0 0 0 760 3 5 5 6
1 17 0 0 1 0 760 1 6 6 5
1 18 0 0 1 0 760 1 5 5 6
1 19 0 0 1 0 760 1 6 6 5
1 20 0 0 1 0 760 1 5 5 6
1 21 1 0 0 0 760 3 11 11 5
1 22 1 0 0 0 760 2 10 10 11
1 23 0 0 1 0 760 1 11 11 10
1 24 1 0 0 0 760 3 13 13 11
1 25 1 0 0 0 760 2 2 2 13
2 1 1 0 0 0 760 3 8 8 2
2 2 1 0 0 0 760 3 7 7 8
2 3 1 0 0 0 760 2 10 10 7
2 4 0 0 1 0 760 1 7 7 10
2 5 1 0 0 0 760 3 6 6 7
2 6 1 0 0 0 760 2 3 3 6
2 7 0 0 1 0 760 1 6 6 3
2 8 1 0 0 0 760 3 2 2 6
2 9 1 0 0 0 760 3 7 7 2
2 10 1 0 0 0 760 2 1 1 7
2 11 1 0 0 0 760 3 4 4 1
2 12 1 0 0 0 760 3 14 14 4
2 13 1 0 0 0 760 3 7 7 14
2 14 1 0 0 0 760 2 1 1 7
2 15 1 0 0 0 760 3 3 3 1
2 16 1 0 0 0 760 2 3 3 3
2 17 1 0 0 0 760 3 5 5 3
2 18 0 0 1 0 760 1 3 3 5
2 19 1 0 0 0 760 2 8 8 3
2 20 1 0 0 0 760 2 5 5 8
2 21 1 0 0 0 760 2 2 2 5
2 22 1 1 0 0 538 1 5 5 2
2 23 1 0 0 0 760 2 9 9 5
2 24 0 0 1 0 760 1 5 5 9
2 25 1 0 0 0 760 3 10 10 5
3 1 1 0 0 0 760 3 11 11 10
3 2 1 0 0 0 760 2 15 15 11
3 3 1 1 0 0 562 1 11 11 15
3 4 1 0 0 0 760 3 14 14 11
3 5 0 0 1 0 760 1 11 11 14
3 6 1 0 0 0 760 3 5 5 11
3 7 1 0 0 0 760 2 2 2 5
3 8 0 0 1 0 760 1 5 5 2
3 9 1 0 0 0 760 3 9 9 5
3 10 1 0 0 0 760 2 13 13 9
3 11 1 0 0 0 760 2 7 7 13
3 12 1 0 0 0 760 3 3 3 7
3 13 1 1 0 0 732 1 7 7 3
3 14 1 0 0 0 760 2 9 9 7
3 15 1 1 0 0 567 1 7 7 9
3 16 0 0 1 0 760 1 9 9 7
3 17 1 0 0 0 760 3 11 11 9
3 18 0 0 1 0 760 1 9 9 11
3 19 1 0 0 0 760 2 12 12 9
3 20 1 0 0 0 760 2 2 2 12
3 21 1 0 0 0 760 2 6 6 2
3 22 1 0 0 0 760 2 10 10 6
3 23 1 0 0 0 760 2 5 5 10
3 24 1 1 0 0 512 1 10 10 5
3 25 0 0 1 0 760 1 5 5 10
