1 1 1 0 0 0 760 3 6 6 0
1 2 1 0 0 0 760 2 11 11 6
1 3 0 0 1 0 760 1 6 6 11
1 4 1 0 0 0 760 2 1 1 6
1 5 0 0 1 0 760 1 6 6 1
1 6 0 0 1 0 760 1 1 1 6
1 7 1 1 0 0 593 1 6 6 1
1 8 1 0 0 0 760 3 11 11 6
1 9 1 0 0 0 760 2 1 1 11
1 10 1 0 0 0 760 2 8 8 1
1 11 1 0 0 0 760 2 13 13 8
1 12 0 0 1 0 760 1 8 8 13
1 13 1 0 0 0 760 2 2 2 8
1 14 0 0 1 0 760 1 8 8 2
1 15 0 0 1 0 760 1 2 2 8
1 16 1 0 0 0 760 2 11 11 2
1 17 0 0 1 0 760 1 2 2 11
1 18 1 0 0 0 760 3 13 13 2
1 19 1 0 0 0 760 2 11 11 13
1 20 0 0 1 0 760 1 13 13 11
1 21 0 0 1 0 760 1 11 11 13
1 22 1 0 0 0 760 3 5 5 11
1 23 1 0 0 0 760 2 2 2 5
1 24 1 0 0 0 760 3 2 2 2
1 25 1 0 0 0 760 2 6 6 2
2 1 1 0 0 0 760 1 14 14 6
2 2 1 0 0 0 760 2 15 15 14
2 3 1 0 0 0 760 3 15 15 15
2 4 1 0 0 0 760 2 8 8 15
2 5 1 0 0 0 760 3 3 3 8
2 6 0 0 1 0 760 1 8 8 3
2 7 1 0 0 0 760 2 13 13 8
2 8 1 0 0 0 760 2 15 15 13
2 9 1 0 0 0 760 3 10 10 15
2 10 1 1 0 0 754 1 15 15 10
2 11 1 0 0 0 760 3 8 8 15
2 12 1 0 0 0 760 3 1 1 8
2 13 1 0 0 0 760 2 15 15 1
2 14 1 0 0 0 760 2 4 4 15
2 15 1 0 0 0 760 2 14 14 4
2 16 1 0 0 0 760 2 14 14 14
2 17 0 0 1 0 760 1 14 14 14
2 18 1 0 0 0 760 3 8 8 14
2 19 0 0 1 0 760 1 14 14 8
2 20 1 0 0 0 760 3 9 9 14
2 21 1 0 0 0 760 2 8 8 9
2 22 1 0 0 0 760 2 3 3 8
2 23 1 0 0 0 760 2 7 7 3
2 24 1 0 0 0 760 3 12 12 7
2 25 1 1 0 0 667 1 7 7 12
3 1 1 0 0 0 760 3 8 8 7
3 2 1 0 0 0 760 1 5 5 8
3 3 1 0 0 0 760 3 13 13 5
3 4 1 1 0 0 248 1 5 5 13
3 5 0 0 1 0 760 1 13 13 5
3 6 1 0 0 0 760 2 4 4 13
3 7 1 0 0 0 760 2 10 10 4
3 8 1 0 0 0 760 3 1 1 10
3 9 1 0 0 0 760 2 6 6 1
3 10 1 0 0 0 760 2 2 2 6
3 11 1 0 0 0 760 2 13 13 2
3 12 1 0 0 0 760 3 5 5 13
3 13 1 0 0 0 760 2 15 15 5
3 14 1 0 0 0 760 3 7 7 15
3 15 1 0 0 0 760 2 10 10 7
3 16 0 0 1 0 760 1 7 7 10
3 17 1 0 0 0 760 3 2 2 7
3 18 1 1 0 0 696 1 7 7 2
3 19 1 0 0 0 760 3 13 13 7
3 20 1 0 0 0 760 2 4 4 13
3 21 1 0 0 0 760 2 6 6 4
3 22 1 0 0 0 760 2 3 3 6
3 23 1 0 0 0 760 2 11 11 3
3 24 1 0 0 0 760 2 4 4 11
3 25 1 0 0 0 760 2 3 3 4
