1 1 1 0 0 0 438 1 8 8 0
1 2 1 0 0 0 760 2 13 13 8
1 3 1 0 0 0 760 3 4 4 13
1 4 0 0 1 0 760 1 13 13 4
1 5 0 0 1 0 760 1 4 4 13
1 6 0 0 0 1 517 2 6 6 4
1 7 1 0 0 0 760 2 9 9 6
1 8 1 0 0 0 760 2 8 8 9
1 9 1 0 0 0 760 3 13 13 8
1 10 1 0 0 0 760 3 3 3 13
1 11 1 0 0 0 760 2 14 14 3
1 12 1 1 0 0 760 1 3 3 14
1 13 0 0 1 0 760 1 14 14 3
1 14 0 0 1 0 760 1 3 3 14
1 15 1 0 0 0 760 2 4 4 3
1 16 1 0 0 0 760 3 7 7 4
1 17 0 0 1 0 760 1 4 4 7
1 18 1 1 0 0 127 1 7 7 4
1 19 1 0 0 0 760 3 10 10 7
1 20 1 0 0 0 760 3 8 8 10
1 21 1 0 0 0 760 2 14 14 8
1 22 1 0 0 0 760 2 10 10 14
1 23 1 0 0 0 760 2 15 15 10
1 24 0 0 1 0 760 1 10 10 15
1 25 1 0 0 0 760 3 1 1 10
2 1 1 0 0 0 760 3 3 3 1
2 2 1 0 0 0 760 1 10 10 3
2 3 1 0 0 0 760 3 13 13 10
2 4 1 0 0 0 760 2 7 7 13
2 5 1 0 0 0 760 3 4 4 7
2 6 1 0 0 0 760 3 3 3 4
2 7 1 0 0 0 760 3 2 2 3
2 8 1 0 0 0 760 3 4 4 2
2 9 1 0 0 0 760 3 15 15 4
2 10 0 0 1 0 760 1 4 4 15
2 11 1 0 0 0 760 2 2 2 4
2 12 1 0 0 0 760 3 9 9 2
2 13 1 0 0 0 760 2 13 13 9
2 14 0 0 1 0 760 1 9 9 13
2 15 0 0 1 0 760 1 13 13 9
2 16 0 0 1 0 760 1 9 9 13
2 17 1 1 0 0 722 1 13 13 9
2 18 1 0 0 0 760 2 1 1 13
2 19 1 1 0 0 587 1 13 13 1
2 20 1 0 0 0 760 3 2 2 13
2 21 0 0 1 0 760 1 13 13 2
2 22 0 0 1 0 760 1 2 2 13
2 23 1 0 0 0 760 3 9 9 2
2 24 1 0 0 0 760 2 3 3 9
2 25 1 0 0 0 760 2 1 1 3
3 1 1 0 0 0 760 2 1 1 1
3 2 1 0 0 0 760 2 15 15 1
3 3 1 0 0 0 760 3 2 2 15
3 4 0 0 0 1 121 2 2 2 2
3 5 1 0 0 0 760 3 12 12 2
3 6 1 0 0 0 760 2 6 6 12
3 7 1 0 0 0 760 2 1 1 6
3 8 1 0 0 0 760 3 4 4 1
3 9 1 0 0 0 760 2 15 15 4
3 10 1 0 0 0 760 3 1 1 15
3 11 1 0 0 0 760 2 5 5 1
3 12 1 0 0 0 760 2 4 4 5
3 13 1 1 0 0 528 1 5 5 4
3 14 0 0 1 0 760 1 4 4 5
3 15 1 1 0 0 645 1 5 5 4
3 16 1 0 0 0 760 2 12 12 5
3 17 1 1 0 0 495 1 5 5 12
3 18 1 1 0 0 661 1 12 12 5
3 19 0 0 1 0 760 1 5 5 12
3 20 0 0 1 0 760 1 12 12 5
3 21 1 0 0 0 760 2 12 12 12
3 22 1 0 0 0 760 3 8 8 12
3 23 1 0 0 0 760 2 1 1 8
3 24 1 0 0 0 760 3 2 2 1
3 25 1 1 0 0 750 1 1 1 2
