1 1 1 0 0 0 760 2 3 3 0
1 2 1 0 0 0 760 2 9 9 3
1 3 1 0 0 0 760 2 9 9 9
1 4 1 0 0 0 760 3 13 13 9
1 5 1 0 0 0 760 2 8 8 13
1 6 1 0 0 0 760 2 6 6 8
1 7 1 0 0 0 760 3 5 5 6
1 8 1 0 0 0 760 2 1 1 5
1 9 1 0 0 0 760 3 11 11 1
1 10 1 0 0 0 760 3 7 7 11
1 11 1 1 0 0 705 1 11 11 7
1 12 1 0 0 0 760 3 6 6 11
1 13 1 0 0 0 760 2 9 9 6
1 14 1 0 0 0 760 2 13 13 9
1 15 1 0 0 0 760 2 11 11 13
1 16 0 0 1 0 760 1 13 13 11
1 17 1 1 0 0 717 1 11 11 13
1 18 1 0 0 0 760 3 10 10 11
1 19 1 0 0 0 760 3 4 4 10
1 20 1 1 0 0 733 1 10 10 4
1 21 1 1 0 0 682 1 4 4 10
1 22 1 0 0 0 760 3 3 3 4
1 23 1 0 0 0 760 3 15 15 3
1 24 1 0 0 0 760 3 14 14 15
1 25 1 1 0 0 663 1 15 15 14
2 1 1 0 0 0 760 1 7 7 15
2 2 1 0 0 0 760 3 2 2 7
2 3 1 0 0 0 760 2 14 14 2
2 4 0 0 1 0 760 1 2 2 14
2 5 0 0 1 0 760 1 14 14 2
2 6 1 0 0 0 760 3 5 5 14
2 7 1 0 0 0 760 3 11 11 5
2 8 1 0 0 0 760 2 3 3 11
2 9 1 0 0 0 760 3 4 4 3
2 10 1 0 0 0 760 2 2 2 4
2 11 1 0 0 0 760 3 8 8 2
2 12 1 1 0 0 582 1 2 2 8
2 13 1 0 0 0 760 2 2 2 2
2 14 1 1 0 0 604 1 2 2 2
2 15 1 0 0 0 760 3 12 12 2
2 16 1 1 0 0 602 1 2 2 12
2 17 0 0 1 0 760 1 12 12 2
2 18 1 0 0 0 760 3 5 5 12
2 19 1 0 0 0 760 2 5 5 5
2 20 1 0 0 0 760 2 3 3 5
2 21 1 0 0 0 760 3 2 2 3
2 22 1 0 0 0 760 2 1 1 2
2 23 0 0 1 0 760 1 2 2 1
2 24 1 1 0 0 517 1 1 1 2
2 25 1 1 0 0 683 1 2 2 1
3 1 1 0 0 0 760 3 2 2 2
3 2 1 0 0 0 760 2 3 3 2
3 3 1 0 0 0 760 2 10 10 3
3 4 1 0 0 0 760 2 1 1 10
3 5 1 0 0 0 760 2 4 4 1
3 6 1 1 0 0 759 1 1 1 4
3 7 1 1 0 0 559 1 4 4 1
3 8 1 0 0 0 760 2 13 13 4
3 9 1 0 0 0 760 3 3 3 13
3 10 1 0 0 0 760 2 10 10 3
3 11 1 0 0 0 760 3 15 15 10
3 12 1 0 0 0 760 3 3 3 15
3 13 1 0 0 0 760 2 11 11 3
3 14 1 0 0 0 760 3 7 7 11
3 15 1 0 0 0 760 3 12 12 7
3 16 1 0 0 0 760 2 14 14 12
3 17 1 0 0 0 760 3 10 10 14
3 18 1 1 0 0 530 1 14 14 10
3 19 1 0 0 0 760 3 3 3 14
3 20 1 0 0 0 760 3 7 7 3
3 21 1 1 0 0 622 1 3 3 7
3 22 1 0 0 0 760 2 5 5 3
3 23 1 0 0 0 760 2 10 10 5
3 24 1 0 0 0 760 2 10 10 10
3 25 1 1 0 0 649 1 10 10 10
