1 1 1 0 0 0 760 2 7 7 0
1 2 1 0 0 0 760 2 5 5 7
1 3 1 1 0 0 619 1 7 7 5
1 4 0 0 1 0 760 1 5 5 7
1 5 1 0 0 0 760 2 8 8 5
1 6 0 0 0 1 734 2 12 12 8
1 7 1 0 0 0 760 3 10 10 12
1 8 0 0 1 0 760 1 12 12 10
1 9 1 0 0 0 760 3 12 12 12
1 10 1 0 0 0 760 3 1 1 12
1 11 1 0 0 0 760 3 1 1 1
1 12 1 0 0 0 760 2 3 3 1
1 13 0 0 1 0 760 1 1 1 3
1 14 0 0 1 0 760 1 3 3 1
1 15 1 0 0 0 760 2 9 9 3
1 16 1 1 0 0 632 1 3 3 9
1 17 1 1 0 0 731 1 9 9 3
1 18 1 1 0 0 517 1 3 3 9
1 19 1 0 0 0 760 2 1 1 3
1 20 1 1 0 0 488 1 3 3 1
1 21 1 1 0 0 522 1 1 1 3
1 22 1 0 0 0 760 2 4 4 1
1 23 1 0 0 0 760 2 12 12 4
1 24 0 0 1 0 760 1 4 4 12
1 25 1 0 0 0 760 3 10 10 4
2 1 1 0 0 0 760 1 13 13 10
2 2 1 0 0 0 760 1 12 12 13
2 3 1 0 0 0 760 2 1 1 12
2 4 1 0 0 0 760 2 8 8 1
2 5 1 0 0 0 760 3 3 3 8
2 6 1 0 0 0 760 3 3 3 3
2 7 1 0 0 0 760 3 7 7 3
2 8 1 1 0 0 567 1 3 3 7
2 9 1 0 0 0 760 2 15 15 3
2 10 1 0 0 0 760 3 14 14 15
2 11 1 1 0 0 494 1 15 15 14
2 12 0 0 1 0 760 1 14 14 15
2 13 1 0 0 0 760 2 7 7 14
2 14 1 0 0 0 760 2 6 6 7
2 15 1 1 0 0 663 1 7 7 6
2 16 0 0 1 0 760 1 6 6 7
2 17 1 1 0 0 484 1 7 7 6
2 18 1 0 0 0 760 2 11 11 7
2 19 1 1 0 0 596 1 7 7 11
2 20 1 1 0 0 579 1 11 11 7
2 21 0 0 0 1 466 3 15 15 11
2 22 1 0 0 0 760 2 8 8 15
2 23 1 1 0 0 647 1 15 15 8
2 24 1 0 0 0 760 3 1 1 15
2 25 1 0 0 0 760 2 4 4 1
3 1 1 0 0 0 760 1 7 7 4
3 2 1 0 0 0 760 2 13 13 7
3 3 1 1 0 0 590 1 7 7 13
3 4 1 0 0 0 760 2 7 7 7
3 5 0 0 1 0 760 1 7 7 7
3 6 1 0 0 0 760 3 12 12 7
3 7 1 0 0 0 760 3 9 9 12
3 8 1 0 0 0 760 2 10 10 9
3 9 1 0 0 0 760 3 11 11 10
3 10 1 0 0 0 760 3 1 1 11
3 11 0 0 1 0 760 1 11 11 1
3 12 1 1 0 0 672 1 1 1 11
3 13 1 0 0 0 760 3 15 15 1
3 14 1 0 0 0 760 3 5 5 15
3 15 1 0 0 0 760 2 8 8 5
3 16 1 0 0 0 760 2 8 8 8
3 17 1 0 0 0 760 3 13 13 8
3 18 1 0 0 0 760 2 2 2 13
3 19 1 0 0 0 760 3 9 9 2
3 20 1 0 0 0 760 3 15 15 9
3 21 0 0 1 0 760 1 9 9 15
3 22 1 0 0 0 760 2 14 14 9
3 23 1 0 0 0 760 3 11 11 14
3 24 1 0 0 0 760 2 15 15 11
3 25 1 0 0 0 760 3 7 7 15
