1 1 1 0 0 0 760 1 2 2 0
1 2 1 0 0 0 760 3 8 8 2
1 3 1 0 0 0 760 2 8 8 8
1 4 1 0 0 0 760 3 6 6 8
1 5 1 0 0 0 760 3 14 14 6
1 6 0 0 1 0 760 1 6 6 14
1 7 1 0 0 0 760 2 4 4 6
1 8 1 0 0 0 760 3 2 2 4
1 9 1 0 0 0 760 3 6 6 2
1 10 0 0 1 0 760 1 2 2 6
1 11 1 1 0 0 709 1 6 6 2
1 12 1 1 0 0 643 1 2 2 6
1 13 1 0 0 0 760 2 14 14 2
1 14 0 0 1 0 760 1 2 2 14
1 15 1 0 0 0 760 3 5 5 2
1 16 1 0 0 0 760 2 6 6 5
1 17 1 0 0 0 760 3 8 8 6
1 18 1 0 0 0 760 2 5 5 8
1 19 1 0 0 0 760 2 11 11 5
1 20 1 0 0 0 760 3 1 1 11
1 21 1 0 0 0 760 3 8 8 1
1 22 1 0 0 0 760 3 5 5 8
1 23 1 0 0 0 760 2 9 9 5
1 24 1 0 0 0 760 2 13 13 9
1 25 1 0 0 0 760 3 3 3 13
2 1 1 0 0 0 760 2 1 1 3
2 2 1 0 0 0 760 1 13 13 1
2 3 1 1 0 0 565 1 1 1 13
2 4 1 0 0 0 760 3 8 8 1
2 5 1 0 0 0 760 3 9 9 8
2 6 1 0 0 0 760 3 2 2 9
2 7 1 1 0 0 586 1 9 9 2
2 8 1 0 0 0 760 3 7 7 9
2 9 1 0 0 0 760 2 10 10 7
2 10 1 0 0 0 760 3 9 9 10
2 11 1 0 0 0 760 2 4 4 9
2 12 1 1 0 0 560 1 9 9 4
2 13 1 1 0 0 520 1 4 4 9
2 14 1 0 0 0 760 3 5 5 4
2 15 1 0 0 0 760 2 2 2 5
2 16 1 0 0 0 760 2 13 13 2
2 17 1 0 0 0 760 3 3 3 13
2 18 1 0 0 0 760 3 1 1 3
2 19 1 1 0 0 624 1 3 3 1
2 20 1 0 0 0 760 3 10 10 3
2 21 1 1 0 0 573 1 3 3 10
2 22 1 1 0 0 529 1 10 10 3
2 23 1 0 0 0 760 3 6 6 10
2 24 1 0 0 0 760 3 6 6 6
2 25 1 0 0 0 760 2 7 7 6
3 1 1 0 0 0 760 3 2 2 7
3 2 1 0 0 0 760 3 8 8 2
3 3 1 0 0 0 760 2 3 3 8
3 4 1 0 0 0 760 3 7 7 3
3 5 1 0 0 0 760 2 6 6 7
3 6 0 0 1 0 760 1 7 7 6
3 7 1 0 0 0 760 3 9 9 7
3 8 1 0 0 0 760 2 3 3 9
3 9 1 1 0 0 584 1 9 9 3
3 10 1 0 0 0 760 2 5 5 9
3 11 1 0 0 0 760 2 1 1 5
3 12 1 0 0 0 760 2 10 10 1
3 13 1 1 0 0 590 1 1 1 10
3 14 1 0 0 0 760 2 8 8 1
3 15 1 1 0 0 657 1 1 1 8
3 16 1 0 0 0 760 3 15 15 1
3 17 1 0 0 0 760 2 14 14 15
3 18 1 1 0 0 560 1 15 15 14
3 19 1 0 0 0 760 2 4 4 15
3 20 1 1 0 0 599 1 15 15 4
3 21 1 1 0 0 707 1 4 4 15
3 22 1 0 0 0 760 2 7 7 4
3 23 1 0 0 0 760 2 3 3 7
3 24 1 0 0 0 760 2 12 12 3
3 25 1 0 0 0 760 2 10 10 12
