1 1 1 0 0 0 760 2 10 10 0
1 2 1 0 0 0 760 3 1 1 10
1 3 1 0 0 0 760 3 15 15 1
1 4 0 0 1 0 760 1 1 1 15
1 5 1 0 0 0 760 2 12 12 1
1 6 1 0 0 0 760 3 12 12 12
1 7 1 0 0 0 760 3 15 15 12
1 8 1 0 0 0 760 2 8 8 15
1 9 1 1 0 0 711 1 15 15 8
1 10 1 1 0 0 677 1 8 8 15
1 11 1 0 0 0 760 3 8 8 8
1 12 1 0 0 0 760 2 15 15 8
1 13 1 0 0 0 760 3 7 7 15
1 14 1 0 0 0 760 2 5 5 7
1 15 1 0 0 0 760 3 12 12 5
1 16 0 0 1 0 760 1 5 5 12
1 17 1 1 0 0 658 1 12 12 5
1 18 1 1 0 0 634 1 5 5 12
1 19 1 0 0 0 760 3 7 7 5
1 20 1 0 0 0 760 3 11 11 7
1 21 1 0 0 0 760 2 5 5 11
1 22 1 1 0 0 690 1 11 11 5
1 23 1 1 0 0 655 1 5 5 11
1 24 1 1 0 0 646 1 11 11 5
1 25 1 0 0 0 760 2 10 10 11
2 1 1 0 0 0 760 1 4 4 10
2 2 1 0 0 0 760 2 2 2 4
2 3 1 0 0 0 760 3 9 9 2
2 4 1 0 0 0 760 3 13 13 9
2 5 1 1 0 0 721 1 9 9 13
2 6 1 1 0 0 756 1 13 13 9
2 7 1 0 0 0 760 3 8 8 13
2 8 1 0 0 0 760 3 12 12 8
2 9 1 0 0 0 760 3 7 7 12
2 10 1 0 0 0 760 2 4 4 7
2 11 1 0 0 0 760 2 2 2 4
2 12 1 0 0 0 760 2 1 1 2
2 13 1 0 0 0 760 3 15 15 1
2 14 1 0 0 0 760 2 14 14 15
2 15 1 0 0 0 760 3 4 4 14
2 16 1 0 0 0 760 2 11 11 4
2 17 1 1 0 0 594 1 4 4 11
2 18 1 0 0 0 760 2 5 5 4
2 19 1 0 0 0 760 3 3 3 5
2 20 1 0 0 0 760 2 12 12 3
2 21 1 0 0 0 760 2 1 1 12
2 22 1 0 0 0 760 2 13 13 1
2 23 1 0 0 0 760 2 10 10 13
2 24 1 0 0 0 760 2 15 15 10
2 25 1 0 0 0 760 2 13 13 15
3 1 1 0 0 0 760 3 8 8 13
3 2 1 0 0 0 760 2 6 6 8
3 3 1 1 0 0 713 1 8 8 6
3 4 1 1 0 0 565 1 6 6 8
3 5 1 0 0 0 760 3 13 13 6
3 6 1 0 0 0 760 3 8 8 13
3 7 1 0 0 0 760 3 11 11 8
3 8 1 1 0 0 534 1 8 8 11
3 9 1 0 0 0 760 3 13 13 8
3 10 1 0 0 0 760 3 14 14 13
3 11 1 0 0 0 760 3 14 14 14
3 12 1 1 0 0 566 1 14 14 14
3 13 1 1 0 0 611 1 14 14 14
3 14 1 0 0 0 760 2 6 6 14
3 15 1 0 0 0 760 2 3 3 6
3 16 1 0 0 0 760 2 3 3 3
3 17 1 0 0 0 760 2 10 10 3
3 18 1 1 0 0 642 1 3 3 10
3 19 1 0 0 0 760 3 8 8 3
3 20 1 1 0 0 596 1 3 3 8
3 21 1 0 0 0 760 3 14 14 3
3 22 1 0 0 0 760 3 7 7 14
3 23 1 0 0 0 760 2 2 2 7
3 24 1 0 0 0 760 2 13 13 2
3 25 0 0 1 0 760 1 2 2 13
