1 1 1 0 0 0 760 2 3 3 0
1 2 1 0 0 0 760 1 1 1 3
1 3 1 0 0 0 760 3 4 4 1
1 4 1 0 0 0 760 3 4 4 4
1 5 1 0 0 0 760 3 9 9 4
1 6 0 0 1 0 760 1 4 4 9
1 7 1 0 0 0 760 3 4 4 4
1 8 1 0 0 0 760 2 15 15 4
1 9 1 0 0 0 760 2 14 14 15
1 10 1 0 0 0 760 3 14 14 14
1 11 1 1 0 0 668 1 14 14 14
1 12 1 0 0 0 760 3 7 7 14
1 13 1 1 0 0 707 1 14 14 7
1 14 1 0 0 0 760 3 11 11 14
1 15 1 0 0 0 760 3 11 11 11
1 16 1 1 0 0 675 1 11 11 11
1 17 1 0 0 0 760 2 12 12 11
1 18 1 0 0 0 760 3 12 12 12
1 19 1 1 0 0 719 1 12 12 12
1 20 1 1 0 0 663 1 12 12 12
1 21 1 0 0 0 760 3 2 2 12
1 22 1 0 0 0 760 2 15 15 2
1 23 1 0 0 0 760 2 6 6 15
1 24 1 0 0 0 760 3 13 13 6
1 25 0 0 1 0 760 1 6 6 13
2 1 1 0 0 0 760 2 3 3 6
2 2 1 0 0 0 760 3 9 9 3
2 3 1 1 0 0 655 1 3 3 9
2 4 1 0 0 0 760 2 11 11 3
2 5 0 0 1 0 760 1 3 3 11
2 6 0 0 0 1 538 3 3 3 3
2 7 1 1 0 0 646 1 3 3 3
2 8 0 0 0 1 705 2 11 11 3
2 9 0 0 1 0 760 1 3 3 11
2 10 1 0 0 0 760 3 2 2 3
2 11 1 1 0 0 558 1 3 3 2
2 12 1 1 0 0 733 1 2 2 3
2 13 1 0 0 0 760 2 12 12 2
2 14 1 0 0 0 760 3 4 4 12
2 15 0 0 1 0 760 1 12 12 4
2 16 1 0 0 0 760 2 1 1 12
2 17 1 0 0 0 760 3 15 15 1
2 18 1 0 0 0 760 3 14 14 15
2 19 1 0 0 0 760 3 8 8 14
2 20 1 0 0 0 760 2 5 5 8
2 21 1 1 0 0 486 1 8 8 5
2 22 1 0 0 0 760 3 8 8 8
2 23 1 0 0 0 760 2 1 1 8
2 24 1 0 0 0 760 3 7 7 1
2 25 1 0 0 0 760 2 11 11 7
3 1 1 0 0 0 760 1 4 4 11
3 2 1 0 0 0 760 1 7 7 4
3 3 1 1 0 0 514 1 4 4 7
3 4 1 0 0 0 760 3 14 14 4
3 5 1 0 0 0 760 2 7 7 14
3 6 1 0 0 0 760 3 15 15 7
3 7 1 0 0 0 760 3 6 6 15
3 8 1 0 0 0 760 3 2 2 6
3 9 1 0 0 0 760 2 8 8 2
3 10 1 0 0 0 760 2 11 11 8
3 11 1 0 0 0 760 2 2 2 11
3 12 1 1 0 0 475 1 11 11 2
3 13 1 0 0 0 760 2 8 8 11
3 14 1 0 0 0 760 2 5 5 8
3 15 1 1 0 0 576 1 8 8 5
3 16 1 1 0 0 485 1 5 5 8
3 17 1 0 0 0 760 3 11 11 5
3 18 1 0 0 0 760 3 10 10 11
3 19 1 0 0 0 760 2 3 3 10
3 20 1 0 0 0 760 2 15 15 3
3 21 1 0 0 0 760 3 13 13 15
3 22 1 0 0 0 760 3 3 3 13
3 23 1 0 0 0 760 3 10 10 3
3 24 1 0 0 0 760 3 15 15 10
3 25 1 1 0 0 487 1 10 10 15
