1 1 1 0 0 0 760 3 6 6 0
1 2 1 0 0 0 760 2 13 13 6
1 3 1 0 0 0 760 2 1 1 13
1 4 1 1 0 0 756 1 13 13 1
1 5 1 1 0 0 633 1 1 1 13
1 6 1 0 0 0 760 2 12 12 1
1 7 1 0 0 0 760 3 7 7 12
1 8 1 0 0 0 760 2 6 6 7
1 9 1 0 0 0 760 3 2 2 6
1 10 1 1 0 0 690 1 6 6 2
1 11 1 0 0 0 760 2 9 9 6
1 12 1 1 0 0 661 1 6 6 9
1 13 1 0 0 0 760 2 5 5 6
1 14 1 0 0 0 760 3 1 1 5
1 15 1 1 0 0 751 1 5 5 1
1 16 1 0 0 0 760 3 2 2 5
1 17 1 1 0 0 621 1 5 5 2
1 18 1 0 0 0 760 2 8 8 5
1 19 1 1 0 0 676 1 5 5 8
1 20 1 0 0 0 760 3 2 2 5
1 21 1 0 0 0 760 2 3 3 2
1 22 0 0 1 0 760 1 2 2 3
1 23 1 0 0 0 760 3 13 13 2
1 24 1 0 0 0 760 3 9 9 13
1 25 1 0 0 0 760 2 8 8 9
2 1 1 0 0 0 760 2 10 10 8
2 2 1 0 0 0 760 1 5 5 10
2 3 1 0 0 0 760 3 5 5 5
2 4 1 0 0 0 760 3 3 3 5
2 5 0 0 1 0 760 1 5 5 3
2 6 1 1 0 0 611 1 3 3 5
2 7 1 1 0 0 552 1 5 5 3
2 8 1 0 0 0 760 2 5 5 5
2 9 1 1 0 0 619 1 5 5 5
2 10 1 0 0 0 760 2 14 14 5
2 11 1 0 0 0 760 2 7 7 14
2 12 1 1 0 0 611 1 14 14 7
2 13 1 0 0 0 760 2 6 6 14
2 14 1 1 0 0 575 1 14 14 6
2 15 1 0 0 0 760 2 2 2 14
2 16 1 0 0 0 760 3 12 12 2
2 17 1 0 0 0 760 2 1 1 12
2 18 0 0 1 0 760 1 12 12 1
2 19 1 0 0 0 760 2 13 13 12
2 20 1 1 0 0 649 1 12 12 13
2 21 1 1 0 0 574 1 13 13 12
2 22 1 0 0 0 760 2 8 8 13
2 23 1 0 0 0 760 2 4 4 8
2 24 1 0 0 0 760 2 13 13 4
2 25 1 0 0 0 760 2 7 7 13
3 1 1 0 0 0 760 3 1 1 7
3 2 1 0 0 0 760 3 1 1 1
3 3 1 1 0 0 539 1 1 1 1
3 4 1 1 0 0 631 1 1 1 1
3 5 1 0 0 0 760 2 3 3 1
3 6 1 1 0 0 503 1 1 1 3
3 7 1 0 0 0 760 3 14 14 1
3 8 1 0 0 0 760 2 6 6 14
3 9 1 0 0 0 760 2 9 9 6
3 10 1 0 0 0 760 2 9 9 9
3 11 1 0 0 0 760 2 13 13 9
3 12 1 0 0 0 760 3 11 11 13
3 13 1 0 0 0 760 2 1 1 11
3 14 1 0 0 0 760 3 13 13 1
3 15 1 1 0 0 746 1 1 1 13
3 16 1 1 0 0 599 1 13 13 1
3 17 1 1 0 0 599 1 1 1 13
3 18 1 0 0 0 760 3 9 9 1
3 19 1 0 0 0 760 3 4 4 9
3 20 1 1 0 0 545 1 9 9 4
3 21 1 0 0 0 760 3 2 2 9
3 22 1 1 0 0 561 1 9 9 2
3 23 1 0 0 0 760 3 1 1 9
3 24 1 1 0 0 667 1 9 9 1
3 25 1 0 0 0 760 2 12 12 9
