1 1 1 0 0 0 760 2 7 7 0
1 2 1 0 0 0 760 1 10 10 7
1 3 1 0 0 0 760 3 2 2 10
1 4 1 0 0 0 760 2 8 8 2
1 5 0 0 1 0 760 1 2 2 8
1 6 0 0 1 0 760 1 8 8 2
1 7 1 0 0 0 760 2 3 3 8
1 8 1 0 0 0 760 2 2 2 3
1 9 1 0 0 0 760 3 8 8 2
1 10 1 0 0 0 760 2 10 10 8
1 11 1 0 0 0 760 3 7 7 10
1 12 1 0 0 0 760 2 8 8 7
1 13 1 0 0 0 760 2 14 14 8
1 14 1 1 0 0 542 1 8 8 14
1 15 1 0 0 0 760 2 4 4 8
1 16 1 0 0 0 760 3 5 5 4
1 17 1 0 0 0 760 2 2 2 5
1 18 1 1 0 0 694 1 5 5 2
1 19 1 0 0 0 760 2 7 7 5
1 20 0 0 0 1 609 3 2 2 7
1 21 1 0 0 0 760 3 6 6 2
1 22 1 0 0 0 760 2 6 6 6
1 23 0 0 1 0 760 1 6 6 6
1 24 1 1 0 0 561 1 6 6 6
1 25 1 0 0 0 760 3 3 3 6
2 1 1 0 0 0 760 3 11 11 3
2 2 1 0 0 0 760 1 11 11 11
2 3 1 0 0 0 760 3 4 4 11
2 4 1 0 0 0 760 3 13 13 4
2 5 1 0 0 0 760 3 2 2 13
2 6 1 0 0 0 760 2 6 6 2
2 7 1 0 0 0 760 3 13 13 6
2 8 1 0 0 0 760 3 3 3 13
2 9 0 0 1 0 760 1 13 13 3
2 10 1 0 0 0 760 3 7 7 13
2 11 1 0 0 0 760 3 5 5 7
2 12 1 0 0 0 760 3 8 8 5
2 13 1 0 0 0 760 3 4 4 8
2 14 1 0 0 0 760 2 9 9 4
2 15 1 0 0 0 760 2 3 3 9
2 16 1 1 0 0 551 1 9 9 3
2 17 0 0 1 0 760 1 3 3 9
2 18 1 0 0 0 760 3 13 13 3
2 19 1 0 0 0 760 3 12 12 13
2 20 1 0 0 0 760 2 10 10 12
2 21 1 0 0 0 760 2 14 14 10
2 22 0 0 1 0 760 1 10 10 14
2 23 1 0 0 0 760 2 4 4 10
2 24 1 0 0 0 760 3 15 15 4
2 25 1 0 0 0 760 3 1 1 15
3 1 1 0 0 0 760 3 14 14 1
3 2 1 0 0 0 760 1 8 8 14
3 3 1 1 0 0 478 1 14 14 8
3 4 1 0 0 0 760 3 15 15 14
3 5 1 0 0 0 760 2 15 15 15
3 6 1 0 0 0 760 3 6 6 15
3 7 1 1 0 0 529 1 15 15 6
3 8 1 1 0 0 453 1 6 6 15
3 9 1 0 0 0 760 2 4 4 6
3 10 1 0 0 0 760 3 5 5 4
3 11 1 0 0 0 760 2 6 6 5
3 12 0 0 0 1 631 2 6 6 6
3 13 1 1 0 0 489 1 6 6 6
3 14 1 1 0 0 582 1 6 6 6
3 15 1 0 0 0 760 3 3 3 6
3 16 1 0 0 0 760 2 9 9 3
3 17 1 0 0 0 760 2 1 1 9
3 18 1 0 0 0 760 3 3 3 1
3 19 0 0 1 0 760 1 1 1 3
3 20 0 0 0 1 589 3 9 9 1
3 21 1 0 0 0 760 2 6 6 9
3 22 1 0 0 0 760 2 12 12 6
3 23 1 0 0 0 760 2 12 12 12
3 24 1 0 0 0 760 2 1 1 12
3 25 1 1 0 0 656 1 12 12 1
