1 1 1 0 0 0 206 1 9 9 0
1 2 1 0 0 0 760 1 13 13 9
1 3 1 0 0 0 760 2 13 13 13
1 4 1 0 0 0 760 3 8 8 13
1 5 1 1 0 0 691 1 13 13 8
1 6 1 0 0 0 760 3 15 15 13
1 7 1 0 0 0 760 3 10 10 15
1 8 1 1 0 0 487 1 15 15 10
1 9 1 0 0 0 760 3 11 11 15
1 10 1 0 0 0 760 2 1 1 11
1 11 1 1 0 0 513 1 11 11 1
1 12 1 1 0 0 527 1 1 1 11
1 13 1 0 0 0 760 2 13 13 1
1 14 1 0 0 0 760 3 13 13 13
1 15 1 0 0 0 760 3 11 11 13
1 16 1 1 0 0 621 1 13 13 11
1 17 1 0 0 0 760 2 2 2 13
1 18 1 0 0 0 760 2 1 1 2
1 19 1 0 0 0 760 2 9 9 1
1 20 1 0 0 0 760 3 3 3 9
1 21 1 1 0 0 706 1 9 9 3
1 22 1 0 0 0 760 3 12 12 9
1 23 1 1 0 0 669 1 9 9 12
1 24 1 1 0 0 546 1 12 12 9
1 25 1 1 0 0 754 1 9 9 12
2 1 0 0 0 1 529 2 10 10 9
2 2 1 0 0 0 760 2 8 8 10
2 3 1 0 0 0 760 3 6 6 8
2 4 1 1 0 0 530 1 8 8 6
2 5 1 1 0 0 506 1 6 6 8
2 6 1 0 0 0 760 3 1 1 6
2 7 1 0 0 0 760 3 10 10 1
2 8 1 0 0 0 760 2 7 7 10
2 9 1 1 0 0 454 1 10 10 7
2 10 1 0 0 0 760 3 9 9 10
2 11 1 0 0 0 760 2 5 5 9
2 12 1 0 0 0 760 3 11 11 5
2 13 1 1 0 0 476 1 5 5 11
2 14 1 0 0 0 760 2 8 8 5
2 15 1 0 0 0 760 2 4 4 8
2 16 1 1 0 0 709 1 8 8 4
2 17 1 0 0 0 760 3 3 3 8
2 18 1 0 0 0 760 2 7 7 3
2 19 1 1 0 0 641 1 3 3 7
2 20 1 1 0 0 658 1 7 7 3
2 21 1 0 0 0 760 3 8 8 7
2 22 1 1 0 0 564 1 7 7 8
2 23 1 0 0 0 760 3 9 9 7
2 24 0 0 1 0 760 1 7 7 9
2 25 1 1 0 0 486 1 9 9 7
3 1 0 0 0 1 416 2 15 15 9
3 2 1 0 0 0 760 1 10 10 15
3 3 1 1 0 0 584 1 15 15 10
3 4 1 0 0 0 760 2 8 8 15
3 5 0 0 1 0 760 1 15 15 8
3 6 0 0 1 0 760 1 8 8 15
3 7 1 1 0 0 536 1 15 15 8
3 8 1 0 0 0 760 3 1 1 15
3 9 1 1 0 0 483 1 15 15 1
3 10 1 0 0 0 760 3 10 10 15
3 11 1 0 0 0 760 3 5 5 10
3 12 1 1 0 0 656 1 10 10 5
3 13 1 1 0 0 551 1 5 5 10
3 14 1 0 0 0 760 2 15 15 5
3 15 1 0 0 0 760 2 3 3 15
3 16 1 1 0 0 518 1 15 15 3
3 17 1 0 0 0 760 3 14 14 15
3 18 1 0 0 0 760 2 6 6 14
3 19 1 0 0 0 760 3 9 9 6
3 20 1 0 0 0 760 3 3 3 9
3 21 1 0 0 0 760 3 15 15 3
3 22 1 0 0 0 760 3 9 9 15
3 23 1 0 0 0 760 3 9 9 9
3 24 1 1 0 0 728 1 9 9 9
3 25 1 1 0 0 565 1 9 9 9
