1 1 1 0 0 0 760 1 7 7 0
1 2 1 0 0 0 760 3 4 4 7
1 3 1 0 0 0 760 3 2 2 4
1 4 1 1 0 0 744 1 4 4 2
1 5 1 1 0 0 654 1 2 2 4
1 6 1 0 0 0 760 3 8 8 2
1 7 1 0 0 0 760 3 11 11 8
1 8 1 0 0 0 760 3 13 13 11
1 9 1 0 0 0 760 2 1 1 13
1 10 1 0 0 0 760 2 10 10 1
1 11 1 0 0 0 760 3 13 13 10
1 12 1 1 0 0 600 1 10 10 13
1 13 1 0 0 0 760 3 3 3 10
1 14 1 0 0 0 760 3 8 8 3
1 15 1 0 0 0 760 2 8 8 8
1 16 1 0 0 0 760 2 14 14 8
1 17 1 1 0 0 730 1 8 8 14
1 18 1 0 0 0 760 2 10 10 8
1 19 1 0 0 0 760 3 2 2 10
1 20 1 0 0 0 760 2 7 7 2
1 21 1 0 0 0 760 3 1 1 7
1 22 1 0 0 0 760 3 2 2 1
1 23 1 1 0 0 659 1 1 1 2
1 24 1 1 0 0 632 1 2 2 1
1 25 1 1 0 0 631 1 1 1 2
2 1 1 0 0 0 760 2 10 10 1
2 2 1 0 0 0 760 1 12 12 10
2 3 1 1 0 0 593 1 10 10 12
2 4 1 0 0 0 760 2 10 10 10
2 5 1 0 0 0 760 3 5 5 10
2 6 1 0 0 0 760 2 2 2 5
2 7 1 1 0 0 527 1 5 5 2
2 8 1 1 0 0 687 1 2 2 5
2 9 1 0 0 0 760 2 6 6 2
2 10 1 0 0 0 760 2 14 14 6
2 11 1 1 0 0 491 1 6 6 14
2 12 1 1 0 0 607 1 14 14 6
2 13 1 1 0 0 609 1 6 6 14
2 14 1 1 0 0 525 1 14 14 6
2 15 1 0 0 0 760 3 5 5 14
2 16 1 1 0 0 596 1 14 14 5
2 17 1 1 0 0 572 1 5 5 14
2 18 1 0 0 0 760 2 9 9 5
2 19 1 1 0 0 648 1 5 5 9
2 20 1 1 0 0 635 1 9 9 5
2 21 1 0 0 0 760 2 4 4 9
2 22 1 0 0 0 760 3 1 1 4
2 23 1 0 0 0 760 2 1 1 1
2 24 1 0 0 0 760 2 8 8 1
2 25 1 0 0 0 760 3 8 8 8
3 1 1 0 0 0 760 2 3 3 8
3 2 1 0 0 0 760 3 10 10 3
3 3 1 0 0 0 760 3 5 5 10
3 4 1 0 0 0 760 3 7 7 5
3 5 1 0 0 0 760 2 2 2 7
3 6 1 0 0 0 760 3 12 12 2
3 7 1 1 0 0 570 1 2 2 12
3 8 1 0 0 0 760 2 10 10 2
3 9 1 0 0 0 760 2 8 8 10
3 10 1 0 0 0 760 3 6 6 8
3 11 1 1 0 0 558 1 8 8 6
3 12 1 0 0 0 760 2 9 9 8
3 13 1 1 0 0 514 1 8 8 9
3 14 1 0 0 0 760 2 7 7 8
3 15 1 0 0 0 760 2 5 5 7
3 16 1 0 0 0 760 2 13 13 5
3 17 1 1 0 0 537 1 5 5 13
3 18 1 0 0 0 760 2 14 14 5
3 19 1 0 0 0 760 2 7 7 14
3 20 1 0 0 0 760 2 13 13 7
3 21 1 1 0 0 488 1 7 7 13
3 22 1 1 0 0 538 1 13 13 7
3 23 1 0 0 0 760 3 3 3 13
3 24 1 0 0 0 760 2 10 10 3
3 25 1 0 0 0 760 3 13 13 10
