1 1 1 0 0 0 23 2 14 14 0
1 2 1 0 0 0 760 3 15 15 14
1 3 1 0 0 0 760 3 4 4 15
1 4 1 0 0 0 760 3 12 12 4
1 5 1 0 0 0 760 3 7 7 12
1 6 1 0 0 0 760 3 5 5 7
1 7 1 0 0 0 760 2 6 6 5
1 8 1 1 0 0 601 1 5 5 6
1 9 1 0 0 0 760 2 12 12 5
1 10 1 1 0 0 654 1 5 5 12
1 11 1 0 0 0 760 2 15 15 5
1 12 1 1 0 0 700 1 5 5 15
1 13 1 0 0 0 760 3 4 4 5
1 14 1 0 0 0 760 3 10 10 4
1 15 1 0 0 0 760 3 10 10 10
1 16 1 0 0 0 760 2 4 4 10
1 17 1 1 0 0 688 1 10 10 4
1 18 1 0 0 0 760 2 11 11 10
1 19 1 0 0 0 760 2 8 8 11
1 20 1 0 0 0 760 3 3 3 8
1 21 1 1 0 0 685 1 8 8 3
1 22 1 1 0 0 708 1 3 3 8
1 23 1 0 0 0 760 3 7 7 3
1 24 1 0 0 0 760 2 2 2 7
1 25 1 1 0 0 749 1 7 7 2
2 1 1 0 0 0 760 2 6 6 7
2 2 1 0 0 0 760 2 5 5 6
2 3 1 1 0 0 520 1 6 6 5
2 4 1 1 0 0 519 1 5 5 6
2 5 1 0 0 0 760 2 14 14 5
2 6 1 1 0 0 507 1 5 5 14
2 7 1 0 0 0 760 3 10 10 5
2 8 1 1 0 0 640 1 5 5 10
2 9 1 0 0 0 760 3 13 13 5
2 10 1 1 0 0 527 1 5 5 13
2 11 1 0 0 0 760 3 9 9 5
2 12 1 0 0 0 760 3 11 11 9
2 13 1 0 0 0 760 2 15 15 11
2 14 1 0 0 0 760 3 12 12 15
2 15 1 0 0 0 760 3 4 4 12
2 16 0 0 0 1 663 3 15 15 4
2 17 1 1 0 0 714 1 4 4 15
2 18 1 0 0 0 760 3 6 6 4
2 19 0 0 1 0 760 1 4 4 6
2 20 1 0 0 0 760 3 11 11 4
2 21 1 0 0 0 760 3 9 9 11
2 22 1 0 0 0 760 2 3 3 9
2 23 1 1 0 0 529 1 9 9 3
2 24 1 1 0 0 596 1 3 3 9
2 25 1 0 0 0 760 2 3 3 3
3 1 1 0 0 0 760 3 1 1 3
3 2 1 0 0 0 760 3 6 6 1
3 3 1 0 0 0 760 3 13 13 6
3 4 1 0 0 0 760 2 2 2 13
3 5 1 0 0 0 760 3 8 8 2
3 6 1 0 0 0 760 3 6 6 8
3 7 1 1 0 0 542 1 8 8 6
3 8 1 0 0 0 760 2 3 3 8
3 9 1 1 0 0 545 1 8 8 3
3 10 1 0 0 0 760 3 6 6 8
3 11 1 0 0 0 760 2 3 3 6
3 12 1 1 0 0 581 1 6 6 3
3 13 1 1 0 0 583 1 3 3 6
3 14 1 0 0 0 760 2 13 13 3
3 15 1 0 0 0 760 2 7 7 13
3 16 1 0 0 0 760 3 4 4 7
3 17 1 0 0 0 760 3 6 6 4
3 18 1 0 0 0 760 2 5 5 6
3 19 1 0 0 0 760 3 15 15 5
3 20 1 0 0 0 760 2 13 13 15
3 21 1 0 0 0 760 3 2 2 13
3 22 1 1 0 0 574 1 13 13 2
3 23 1 1 0 0 543 1 2 2 13
3 24 1 0 0 0 760 2 2 2 2
3 25 1 0 0 0 760 2 6 6 2
