1 1 1 0 0 0 760 3 15 15 0
1 2 1 0 0 0 760 3 2 2 15
1 3 1 0 0 0 760 3 5 5 2
1 4 1 0 0 0 760 2 13 13 5
1 5 1 0 0 0 760 2 15 15 13
1 6 1 0 0 0 760 2 3 3 15
1 7 1 1 0 0 717 1 15 15 3
1 8 1 0 0 0 760 3 13 13 15
1 9 1 0 0 0 760 2 5 5 13
1 10 1 0 0 0 760 3 12 12 5
1 11 1 0 0 0 760 3 13 13 12
1 12 0 0 1 0 760 1 12 12 13
1 13 1 0 0 0 760 2 5 5 12
1 14 1 0 0 0 760 2 10 10 5
1 15 1 0 0 0 760 3 3 3 10
1 16 1 0 0 0 760 3 11 11 3
1 17 1 0 0 0 760 3 1 1 11
1 18 1 0 0 0 760 2 1 1 1
1 19 1 0 0 0 760 2 7 7 1
1 20 1 1 0 0 661 1 1 1 7
1 21 1 0 0 0 760 3 11 11 1
1 22 1 0 0 0 760 3 15 15 11
1 23 1 0 0 0 760 3 3 3 15
1 24 0 0 1 0 760 1 15 15 3
1 25 0 0 1 0 760 1 3 3 15
2 1 1 0 0 0 760 3 12 12 3
2 2 1 0 0 0 760 3 9 9 12
2 3 1 0 0 0 760 2 2 2 9
2 4 1 0 0 0 760 3 4 4 2
2 5 0 0 1 0 760 1 2 2 4
2 6 1 0 0 0 760 2 6 6 2
2 7 1 0 0 0 760 2 7 7 6
2 8 1 1 0 0 706 1 6 6 7
2 9 1 0 0 0 760 3 8 8 6
2 10 0 0 1 0 760 1 6 6 8
2 11 0 0 1 0 760 1 8 8 6
2 12 1 1 0 0 499 1 6 6 8
2 13 0 0 0 1 533 2 6 6 6
2 14 1 1 0 0 583 1 6 6 6
2 15 1 1 0 0 659 1 6 6 6
2 16 1 0 0 0 760 3 3 3 6
2 17 1 1 0 0 617 1 6 6 3
2 18 1 0 0 0 760 2 12 12 6
2 19 1 0 0 0 760 3 9 9 12
2 20 1 0 0 0 760 3 8 8 9
2 21 1 1 0 0 588 1 9 9 8
2 22 1 1 0 0 590 1 8 8 9
2 23 1 0 0 0 760 3 5 5 8
2 24 1 0 0 0 760 3 5 5 5
2 25 1 0 0 0 760 2 12 12 5
3 1 1 0 0 0 760 3 3 3 12
3 2 1 0 0 0 760 2 4 4 3
3 3 1 0 0 0 760 2 4 4 4
3 4 1 0 0 0 760 2 13 13 4
3 5 1 0 0 0 760 3 2 2 13
3 6 0 0 1 0 760 1 13 13 2
3 7 1 0 0 0 760 3 13 13 13
3 8 1 1 0 0 619 1 13 13 13
3 9 1 0 0 0 760 2 10 10 13
3 10 1 1 0 0 758 1 13 13 10
3 11 1 0 0 0 760 3 9 9 13
3 12 1 0 0 0 760 3 10 10 9
3 13 1 1 0 0 743 1 9 9 10
3 14 1 1 0 0 688 1 10 10 9
3 15 1 0 0 0 760 2 3 3 10
3 16 1 0 0 0 760 2 4 4 3
3 17 1 0 0 0 760 2 5 5 4
3 18 1 0 0 0 760 3 1 1 5
3 19 1 0 0 0 760 3 15 15 1
3 20 1 0 0 0 760 3 6 6 15
3 21 0 0 1 0 760 1 15 15 6
3 22 1 0 0 0 760 3 7 7 15
3 23 1 0 0 0 760 3 5 5 7
3 24 0 0 1 0 760 1 7 7 5
3 25 0 0 1 0 760 1 5 5 7
