1 1 1 0 0 0 760 1 2 2 0
1 2 1 0 0 0 760 2 3 3 2
1 3 1 0 0 0 760 3 13 13 3
1 4 1 0 0 0 760 3 7 7 13
1 5 0 0 1 0 760 1 13 13 7
1 6 0 0 1 0 760 1 7 7 13
1 7 1 0 0 0 760 2 9 9 7
1 8 1 0 0 0 760 2 13 13 9
1 9 1 0 0 0 760 2 8 8 13
1 10 1 0 0 0 760 2 8 8 8
1 11 0 0 1 0 760 1 8 8 8
1 12 0 0 1 0 760 1 8 8 8
1 13 1 1 0 0 516 1 8 8 8
1 14 1 0 0 0 760 3 3 3 8
1 15 1 0 0 0 760 2 14 14 3
1 16 1 0 0 0 760 2 9 9 14
1 17 1 0 0 0 760 3 11 11 9
1 18 1 1 0 0 709 1 9 9 11
1 19 1 0 0 0 760 3 13 13 9
1 20 1 1 0 0 735 1 9 9 13
1 21 0 0 1 0 760 1 13 13 9
1 22 1 0 0 0 760 2 8 8 13
1 23 1 0 0 0 760 3 5 5 8
1 24 1 0 0 0 760 2 14 14 5
1 25 1 0 0 0 760 2 8 8 14
2 1 1 0 0 0 760 1 8 8 8
2 2 1 0 0 0 760 2 11 11 8
2 3 1 1 0 0 705 1 8 8 11
2 4 1 0 0 0 760 2 6 6 8
2 5 1 0 0 0 760 2 4 4 6
2 6 0 0 1 0 760 1 6 6 4
2 7 1 0 0 0 760 2 9 9 6
2 8 1 0 0 0 760 2 2 2 9
2 9 1 0 0 0 760 2 14 14 2
2 10 1 0 0 0 760 2 6 6 14
2 11 1 0 0 0 760 3 3 3 6
2 12 1 0 0 0 760 2 9 9 3
2 13 1 0 0 0 760 2 13 13 9
2 14 1 0 0 0 760 2 13 13 13
2 15 1 0 0 0 760 3 4 4 13
2 16 1 1 0 0 468 1 13 13 4
2 17 1 1 0 0 478 1 4 4 13
2 18 1 0 0 0 760 2 1 1 4
2 19 1 0 0 0 760 2 13 13 1
2 20 1 0 0 0 760 2 8 8 13
2 21 1 0 0 0 760 2 14 14 8
2 22 1 1 0 0 645 1 8 8 14
2 23 1 1 0 0 493 1 14 14 8
2 24 1 0 0 0 760 2 1 1 14
2 25 1 1 0 0 491 1 14 14 1
3 1 1 0 0 0 760 1 14 14 14
3 2 1 0 0 0 760 1 3 3 14
3 3 1 1 0 0 543 1 14 14 3
3 4 1 0 0 0 760 2 4 4 14
3 5 1 0 0 0 760 3 6 6 4
3 6 1 0 0 0 760 2 1 1 6
3 7 1 0 0 0 760 2 12 12 1
3 8 1 0 0 0 760 3 2 2 12
3 9 1 0 0 0 760 3 14 14 2
3 10 1 0 0 0 760 2 8 8 14
3 11 1 0 0 0 760 2 8 8 8
3 12 1 0 0 0 760 2 9 9 8
3 13 1 1 0 0 590 1 8 8 9
3 14 1 1 0 0 516 1 9 9 8
3 15 1 0 0 0 760 3 11 11 9
3 16 1 1 0 0 450 1 9 9 11
3 17 1 0 0 0 760 2 9 9 9
3 18 1 0 0 0 760 3 8 8 9
3 19 1 0 0 0 760 2 4 4 8
3 20 1 1 0 0 446 1 8 8 4
3 21 1 0 0 0 760 2 2 2 8
3 22 1 1 0 0 644 1 8 8 2
3 23 0 0 0 1 620 3 8 8 8
3 24 1 0 0 0 760 3 12 12 8
3 25 1 1 0 0 540 1 8 8 12
