1 1 1 0 0 0 760 2 13 13 0
1 2 1 0 0 0 760 2 10 10 13
1 3 1 1 0 0 664 1 13 13 10
1 4 1 1 0 0 648 1 10 10 13
1 5 1 0 0 0 760 2 14 14 10
1 6 1 0 0 0 760 3 14 14 14
1 7 1 0 0 0 760 2 11 11 14
1 8 1 1 0 0 510 1 14 14 11
1 9 1 0 0 0 760 2 1 1 14
1 10 1 1 0 0 516 1 14 14 1
1 11 1 1 0 0 656 1 1 1 14
1 12 1 0 0 0 760 2 9 9 1
1 13 1 0 0 0 760 2 8 8 9
1 14 1 1 0 0 708 1 9 9 8
1 15 1 0 0 0 760 2 7 7 9
1 16 1 1 0 0 613 1 9 9 7
1 17 1 0 0 0 760 3 13 13 9
1 18 1 1 0 0 693 1 9 9 13
1 19 1 1 0 0 540 1 13 13 9
1 20 1 0 0 0 760 2 6 6 13
1 21 1 1 0 0 511 1 13 13 6
1 22 1 0 0 0 760 2 9 9 13
1 23 1 1 0 0 682 1 13 13 9
1 24 0 0 1 0 760 1 9 9 13
1 25 0 0 0 1 458 3 4 4 9
2 1 1 0 0 0 760 3 3 3 4
2 2 1 0 0 0 760 3 10 10 3
2 3 1 1 0 0 657 1 3 3 10
2 4 1 0 0 0 760 3 1 1 3
2 5 0 0 1 0 760 1 3 3 1
2 6 1 0 0 0 760 2 11 11 3
2 7 1 0 0 0 760 3 8 8 11
2 8 1 1 0 0 587 1 11 11 8
2 9 1 0 0 0 760 3 3 3 11
2 10 1 0 0 0 760 2 3 3 3
2 11 1 1 0 0 546 1 3 3 3
2 12 1 0 0 0 760 2 13 13 3
2 13 1 0 0 0 760 3 10 10 13
2 14 1 0 0 0 760 3 6 6 10
2 15 1 0 0 0 760 2 13 13 6
2 16 1 0 0 0 760 2 11 11 13
2 17 1 0 0 0 760 3 3 3 11
2 18 1 0 0 0 760 3 15 15 3
2 19 1 0 0 0 760 3 4 4 15
2 20 1 1 0 0 514 1 15 15 4
2 21 1 0 0 0 760 3 3 3 15
2 22 1 0 0 0 760 3 14 14 3
2 23 0 0 1 0 760 1 3 3 14
2 24 1 0 0 0 760 2 6 6 3
2 25 1 0 0 0 760 2 12 12 6
3 1 0 0 0 1 573 3 11 11 12
3 2 1 0 0 0 760 1 10 10 11
3 3 1 0 0 0 760 3 2 2 10
3 4 1 0 0 0 760 2 4 4 2
3 5 1 1 0 0 559 1 2 2 4
3 6 1 1 0 0 479 1 4 4 2
3 7 1 0 0 0 760 3 4 4 4
3 8 1 0 0 0 760 3 13 13 4
3 9 1 1 0 0 649 1 4 4 13
3 10 0 0 1 0 760 1 13 13 4
3 11 1 0 0 0 760 2 3 3 13
3 12 1 0 0 0 760 2 4 4 3
3 13 1 0 0 0 760 2 14 14 4
3 14 1 0 0 0 760 3 5 5 14
3 15 1 0 0 0 760 3 11 11 5
3 16 1 1 0 0 755 1 5 5 11
3 17 1 1 0 0 622 1 11 11 5
3 18 1 1 0 0 697 1 5 5 11
3 19 1 1 0 0 554 1 11 11 5
3 20 0 0 0 1 670 3 4 4 11
3 21 1 0 0 0 760 3 12 12 4
3 22 1 0 0 0 760 3 1 1 12
3 23 1 0 0 0 760 2 13 13 1
3 24 1 0 0 0 760 2 5 5 13
3 25 1 0 0 0 760 2 11 11 5
