1 1 1 0 0 0 760 1 13 13 0
1 2 1 0 0 0 760 2 15 15 13
1 3 1 1 0 0 521 1 13 13 15
1 4 1 0 0 0 760 2 12 12 13
1 5 1 1 0 0 699 1 13 13 12
1 6 0 0 1 0 760 1 12 12 13
1 7 1 0 0 0 760 3 7 7 12
1 8 1 0 0 0 760 2 10 10 7
1 9 1 1 0 0 627 1 7 7 10
1 10 1 0 0 0 760 2 14 14 7
1 11 1 0 0 0 760 2 3 3 14
1 12 1 1 0 0 660 1 14 14 3
1 13 1 0 0 0 760 3 14 14 14
1 14 1 0 0 0 760 3 9 9 14
1 15 1 0 0 0 760 2 9 9 9
1 16 1 1 0 0 688 1 9 9 9
1 17 1 1 0 0 646 1 9 9 9
1 18 1 0 0 0 760 3 11 11 9
1 19 1 1 0 0 674 1 9 9 11
1 20 1 0 0 0 760 3 7 7 9
1 21 0 0 1 0 760 1 9 9 7
1 22 1 0 0 0 760 2 1 1 9
1 23 1 0 0 0 760 2 8 8 1
1 24 1 0 0 0 760 3 13 13 8
1 25 1 0 0 0 760 2 2 2 13
2 1 1 0 0 0 760 2 10 10 2
2 2 1 0 0 0 760 2 11 11 10
2 3 1 1 0 0 597 1 10 10 11
2 4 1 1 0 0 562 1 11 11 10
2 5 1 0 0 0 760 3 11 11 11
2 6 1 1 0 0 617 1 11 11 11
2 7 1 0 0 0 760 2 9 9 11
2 8 1 0 0 0 760 3 3 3 9
2 9 0 0 1 0 760 1 9 9 3
2 10 0 0 0 1 634 2 9 9 9
2 11 1 0 0 0 760 2 11 11 9
2 12 1 0 0 0 760 2 3 3 11
2 13 1 0 0 0 760 3 12 12 3
2 14 1 0 0 0 760 2 9 9 12
2 15 1 1 0 0 542 1 12 12 9
2 16 1 0 0 0 760 3 5 5 12
2 17 1 0 0 0 760 2 5 5 5
2 18 1 0 0 0 760 3 1 1 5
2 19 1 0 0 0 760 3 4 4 1
2 20 1 0 0 0 760 2 8 8 4
2 21 1 1 0 0 592 1 4 4 8
2 22 1 0 0 0 760 2 1 1 4
2 23 0 0 1 0 760 1 4 4 1
2 24 0 0 1 0 760 1 1 1 4
2 25 1 1 0 0 615 1 4 4 1
3 1 1 0 0 0 760 3 12 12 4
3 2 1 0 0 0 760 1 6 6 12
3 3 1 0 0 0 760 2 11 11 6
3 4 1 1 0 0 624 1 6 6 11
3 5 1 0 0 0 760 3 1 1 6
3 6 1 1 0 0 497 1 6 6 1
3 7 1 0 0 0 760 2 4 4 6
3 8 1 0 0 0 760 3 2 2 4
3 9 1 0 0 0 760 3 1 1 2
3 10 1 0 0 0 760 3 3 3 1
3 11 1 0 0 0 760 3 14 14 3
3 12 1 0 0 0 760 3 12 12 14
3 13 1 0 0 0 760 3 8 8 12
3 14 1 0 0 0 760 2 5 5 8
3 15 1 0 0 0 760 3 6 6 5
3 16 1 0 0 0 760 3 11 11 6
3 17 1 0 0 0 760 3 14 14 11
3 18 1 1 0 0 750 1 11 11 14
3 19 1 0 0 0 760 3 6 6 11
3 20 1 0 0 0 760 2 3 3 6
3 21 1 0 0 0 760 2 15 15 3
3 22 1 0 0 0 760 3 11 11 15
3 23 1 1 0 0 625 1 15 15 11
3 24 1 0 0 0 760 3 13 13 15
3 25 0 0 1 0 760 1 15 15 13
