1 1 1 0 0 0 760 2 8 8 0
1 2 1 0 0 0 760 1 15 15 8
1 3 1 0 0 0 760 3 1 1 15
1 4 1 0 0 0 760 3 1 1 1
1 5 1 0 0 0 760 3 15 15 1
1 6 1 0 0 0 760 3 13 13 15
1 7 1 0 0 0 760 2 11 11 13
1 8 1 0 0 0 760 2 8 8 11
1 9 1 0 0 0 760 3 14 14 8
1 10 1 1 0 0 715 1 8 8 14
1 11 1 0 0 0 760 3 13 13 8
1 12 1 1 0 0 629 1 8 8 13
1 13 0 0 1 0 760 1 13 13 8
1 14 1 0 0 0 760 2 13 13 13
1 15 1 0 0 0 760 2 3 3 13
1 16 1 0 0 0 760 2 10 10 3
1 17 1 0 0 0 760 3 12 12 10
1 18 1 1 0 0 608 1 10 10 12
1 19 1 0 0 0 760 3 8 8 10
1 20 1 0 0 0 760 2 1 1 8
1 21 1 0 0 0 760 2 1 1 1
1 22 1 0 0 0 760 2 7 7 1
1 23 1 0 0 0 760 2 14 14 7
1 24 0 0 1 0 760 1 7 7 14
1 25 1 0 0 0 760 2 12 12 7
2 1 1 0 0 0 760 2 1 1 12
2 2 1 0 0 0 760 1 10 10 1
2 3 1 1 0 0 490 1 1 1 10
2 4 1 1 0 0 481 1 10 10 1
2 5 0 0 1 0 760 1 1 1 10
2 6 1 1 0 0 492 1 10 10 1
2 7 1 0 0 0 760 2 10 10 10
2 8 1 1 0 0 483 1 10 10 10
2 9 1 1 0 0 658 1 10 10 10
2 10 1 0 0 0 760 3 2 2 10
2 11 1 0 0 0 760 2 3 3 2
2 12 1 0 0 0 760 2 14 14 3
2 13 1 1 0 0 581 1 3 3 14
2 14 1 0 0 0 760 2 8 8 3
2 15 1 0 0 0 760 3 15 15 8
2 16 1 0 0 0 760 2 3 3 15
2 17 1 0 0 0 760 2 7 7 3
2 18 1 0 0 0 760 3 2 2 7
2 19 1 1 0 0 532 1 7 7 2
2 20 1 0 0 0 760 3 9 9 7
2 21 1 0 0 0 760 2 8 8 9
2 22 1 0 0 0 760 2 13 13 8
2 23 1 1 0 0 727 1 8 8 13
2 24 1 0 0 0 760 2 10 10 8
2 25 1 1 0 0 583 1 8 8 10
3 1 1 0 0 0 760 1 12 12 8
3 2 1 0 0 0 760 2 14 14 12
3 3 1 0 0 0 760 2 3 3 14
3 4 1 0 0 0 760 2 1 1 3
3 5 1 0 0 0 760 2 12 12 1
3 6 1 0 0 0 760 3 6 6 12
3 7 1 0 0 0 760 2 4 4 6
3 8 1 1 0 0 583 1 6 6 4
3 9 1 1 0 0 610 1 4 4 6
3 10 1 0 0 0 760 3 1 1 4
3 11 1 0 0 0 760 3 15 15 1
3 12 1 0 0 0 760 2 2 2 15
3 13 1 0 0 0 760 3 2 2 2
3 14 1 0 0 0 760 2 7 7 2
3 15 1 0 0 0 760 3 3 3 7
3 16 1 1 0 0 732 1 7 7 3
3 17 1 0 0 0 760 2 7 7 7
3 18 1 0 0 0 760 2 10 10 7
3 19 1 0 0 0 760 3 4 4 10
3 20 1 0 0 0 760 2 13 13 4
3 21 1 0 0 0 760 2 11 11 13
3 22 1 1 0 0 607 1 13 13 11
3 23 1 0 0 0 760 3 4 4 13
3 24 1 0 0 0 760 3 8 8 4
3 25 1 0 0 0 760 2 13 13 8
