1 1 1 0 0 0 760 1 5 5 0
1 2 1 0 0 0 760 3 11 11 5
1 3 1 0 0 0 489 2 3 3 11
1 4 0 0 1 0 760 1 11 11 3
1 5 1 0 0 0 760 2 6 6 11
1 6 1 0 0 0 760 2 10 10 6
1 7 1 0 0 0 760 3 13 13 10
1 8 0 0 1 0 760 1 10 10 13
1 9 1 0 0 0 760 3 10 10 10
1 10 0 0 1 0 760 1 10 10 10
1 11 1 0 0 0 760 3 3 3 10
1 12 1 0 0 0 760 2 11 11 3
1 13 1 1 0 0 533 1 3 3 11
1 14 1 0 0 0 760 2 12 12 3
1 15 0 0 1 0 760 1 3 3 12
1 16 1 0 0 0 760 2 1 1 3
1 17 1 0 0 0 760 3 14 14 1
1 18 1 0 0 0 760 3 15 15 14
1 19 0 0 1 0 760 1 14 14 15
1 20 1 0 0 0 760 2 12 12 14
1 21 1 0 0 0 760 3 4 4 12
1 22 1 0 0 0 760 3 6 6 4
1 23 0 0 1 0 760 1 4 4 6
1 24 0 0 1 0 760 1 6 6 4
1 25 1 0 0 0 760 2 14 14 6
2 1 1 0 0 0 760 2 12 12 14
2 2 1 0 0 0 760 3 12 12 12
2 3 1 1 0 0 624 1 12 12 12
2 4 1 0 0 0 760 3 9 9 12
2 5 1 0 0 0 760 3 1 1 9
2 6 1 0 0 0 760 3 15 15 1
2 7 1 0 0 0 760 3 3 3 15
2 8 1 0 0 0 760 3 13 13 3
2 9 1 0 0 0 760 2 1 1 13
2 10 0 0 1 0 760 1 13 13 1
2 11 0 0 0 1 552 2 13 13 13
2 12 1 0 0 0 760 3 9 9 13
2 13 1 0 0 0 760 3 6 6 9
2 14 1 0 0 0 760 3 2 2 6
2 15 1 1 0 0 622 1 6 6 2
2 16 1 0 0 0 760 3 6 6 6
2 17 1 1 0 0 467 1 6 6 6
2 18 1 1 0 0 602 1 6 6 6
2 19 1 1 0 0 514 1 6 6 6
2 20 1 0 0 0 760 3 3 3 6
2 21 1 1 0 0 522 1 6 6 3
2 22 1 0 0 0 760 2 13 13 6
2 23 1 0 0 0 760 3 15 15 13
2 24 1 0 0 0 760 2 1 1 15
2 25 1 0 0 0 760 2 2 2 1
3 1 1 0 0 0 760 3 9 9 2
3 2 1 0 0 0 760 2 15 15 9
3 3 0 0 1 0 760 1 9 9 15
3 4 1 0 0 0 760 3 5 5 9
3 5 1 1 0 0 541 1 9 9 5
3 6 1 1 0 0 515 1 5 5 9
3 7 1 0 0 0 760 2 1 1 5
3 8 1 1 0 0 486 1 5 5 1
3 9 1 1 0 0 569 1 1 1 5
3 10 1 1 0 0 562 1 5 5 1
3 11 1 1 0 0 443 1 1 1 5
3 12 1 0 0 0 760 3 6 6 1
3 13 1 0 0 0 760 3 4 4 6
3 14 1 1 0 0 688 1 6 6 4
3 15 1 0 0 0 760 2 15 15 6
3 16 0 0 0 1 703 2 4 4 15
3 17 1 0 0 0 760 2 6 6 4
3 18 1 0 0 0 760 3 9 9 6
3 19 1 0 0 0 760 2 9 9 9
3 20 1 0 0 0 760 3 11 11 9
3 21 1 0 0 0 760 3 12 12 11
3 22 0 0 1 0 760 1 11 11 12
3 23 1 1 0 0 715 1 12 12 11
3 24 1 1 0 0 590 1 11 11 12
3 25 1 0 0 0 760 3 11 11 11
