1 1 1 0 0 0 760 3 12 12 0
1 2 1 0 0 0 760 3 2 2 12
1 3 1 0 0 0 760 2 4 4 2
1 4 1 0 0 0 760 3 11 11 4
1 5 1 1 0 0 497 1 4 4 11
1 6 1 0 0 0 760 2 7 7 4
1 7 1 0 0 0 760 3 9 9 7
1 8 1 0 0 0 760 2 4 4 9
1 9 1 0 0 0 760 3 10 10 4
1 10 0 0 1 0 760 1 4 4 10
1 11 1 0 0 0 760 3 6 6 4
1 12 1 0 0 0 760 3 11 11 6
1 13 1 0 0 0 760 3 15 15 11
1 14 1 0 0 0 760 2 14 14 15
1 15 1 1 0 0 671 1 15 15 14
1 16 1 0 0 0 760 3 5 5 15
1 17 1 1 0 0 531 1 15 15 5
1 18 1 0 0 0 760 3 3 3 15
1 19 1 1 0 0 605 1 15 15 3
1 20 1 1 0 0 747 1 3 3 15
1 21 1 0 0 0 760 3 14 14 3
1 22 1 0 0 0 760 3 10 10 14
1 23 1 0 0 0 760 3 2 2 10
1 24 1 0 0 0 760 2 14 14 2
1 25 1 1 0 0 712 1 2 2 14
2 1 1 0 0 0 760 2 15 15 2
2 2 1 0 0 0 760 2 11 11 15
2 3 0 0 0 1 514 3 14 14 11
2 4 1 0 0 0 760 2 8 8 14
2 5 1 1 0 0 643 1 14 14 8
2 6 1 1 0 0 604 1 8 8 14
2 7 1 0 0 0 760 2 10 10 8
2 8 1 0 0 0 760 2 14 14 10
2 9 1 0 0 0 760 3 11 11 14
2 10 1 1 0 0 649 1 14 14 11
2 11 1 0 0 0 760 3 5 5 14
2 12 1 0 0 0 760 2 5 5 5
2 13 1 0 0 0 760 3 9 9 5
2 14 1 0 0 0 760 2 7 7 9
2 15 1 0 0 0 760 3 10 10 7
2 16 1 0 0 0 760 2 10 10 10
2 17 1 0 0 0 760 3 15 15 10
2 18 0 0 1 0 760 1 10 10 15
2 19 1 0 0 0 760 2 7 7 10
2 20 1 1 0 0 627 1 10 10 7
2 21 1 1 0 0 528 1 7 7 10
2 22 1 0 0 0 760 3 6 6 7
2 23 1 1 0 0 639 1 7 7 6
2 24 1 0 0 0 760 3 2 2 7
2 25 1 0 0 0 760 2 14 14 2
3 1 1 0 0 0 760 1 14 14 14
3 2 1 0 0 0 760 2 6 6 14
3 3 1 0 0 0 760 3 8 8 6
3 4 1 0 0 0 760 3 12 12 8
3 5 1 0 0 0 760 3 10 10 12
3 6 1 0 0 0 760 2 5 5 10
3 7 1 0 0 0 760 2 5 5 5
3 8 1 1 0 0 631 1 5 5 5
3 9 1 1 0 0 652 1 5 5 5
3 10 1 0 0 0 760 3 4 4 5
3 11 1 0 0 0 760 3 11 11 4
3 12 1 0 0 0 760 2 13 13 11
3 13 1 0 0 0 760 3 1 1 13
3 14 1 0 0 0 760 3 3 3 1
3 15 0 0 1 0 760 1 1 1 3
3 16 1 0 0 0 760 3 11 11 1
3 17 1 0 0 0 760 2 12 12 11
3 18 0 0 1 0 760 1 11 11 12
3 19 0 0 1 0 760 1 12 12 11
3 20 0 0 1 0 760 1 11 11 12
3 21 1 0 0 0 760 3 13 13 11
3 22 1 0 0 0 760 3 9 9 13
3 23 0 0 1 0 760 1 13 13 9
3 24 1 1 0 0 616 1 9 9 13
3 25 1 1 0 0 591 1 13 13 9
