1 1 1 0 0 0 760 3 2 2 0
1 2 1 0 0 0 760 1 11 11 2
1 3 1 0 0 0 760 3 11 11 11
1 4 0 0 1 0 760 1 11 11 11
1 5 1 0 0 0 760 2 3 3 11
1 6 1 0 0 0 760 3 12 12 3
1 7 1 0 0 0 760 3 1 1 12
1 8 1 0 0 0 760 3 11 11 1
1 9 0 0 1 0 760 1 1 1 11
1 10 1 0 0 0 760 3 10 10 1
1 11 1 0 0 0 760 3 10 10 10
1 12 1 0 0 0 760 3 5 5 10
1 13 0 0 1 0 760 1 10 10 5
1 14 1 0 0 0 760 2 10 10 10
1 15 1 0 0 0 760 2 11 11 10
1 16 1 0 0 0 760 2 4 4 11
1 17 1 0 0 0 760 2 4 4 4
1 18 1 0 0 0 760 2 15 15 4
1 19 1 1 0 0 654 1 4 4 15
1 20 1 1 0 0 640 1 15 15 4
1 21 1 0 0 0 760 3 10 10 15
1 22 1 0 0 0 760 3 10 10 10
1 23 1 0 0 0 760 3 6 6 10
1 24 1 0 0 0 760 3 15 15 6
1 25 1 1 0 0 713 1 6 6 15
2 1 1 0 0 0 760 1 5 5 6
2 2 1 0 0 0 760 1 8 8 5
2 3 1 0 0 0 760 3 2 2 8
2 4 1 0 0 0 760 2 12 12 2
2 5 1 1 0 0 589 1 2 2 12
2 6 1 1 0 0 543 1 12 12 2
2 7 1 1 0 0 573 1 2 2 12
2 8 1 1 0 0 548 1 12 12 2
2 9 1 0 0 0 760 2 7 7 12
2 10 1 0 0 0 760 2 11 11 7
2 11 1 1 0 0 747 1 7 7 11
2 12 1 0 0 0 760 2 4 4 7
2 13 1 1 0 0 557 1 7 7 4
2 14 1 0 0 0 760 3 15 15 7
2 15 1 0 0 0 760 3 9 9 15
2 16 1 0 0 0 760 3 9 9 9
2 17 1 1 0 0 607 1 9 9 9
2 18 0 0 1 0 760 1 9 9 9
2 19 1 0 0 0 760 2 5 5 9
2 20 1 0 0 0 760 3 15 15 5
2 21 1 0 0 0 760 2 9 9 15
2 22 1 1 0 0 583 1 15 15 9
2 23 1 1 0 0 612 1 9 9 15
2 24 1 0 0 0 760 2 13 13 9
2 25 1 1 0 0 691 1 9 9 13
3 1 1 0 0 0 760 2 2 2 9
3 2 1 0 0 0 760 3 12 12 2
3 3 1 0 0 0 760 2 9 9 12
3 4 1 0 0 0 760 3 1 1 9
3 5 1 0 0 0 760 2 15 15 1
3 6 1 1 0 0 684 1 1 1 15
3 7 1 0 0 0 760 3 9 9 1
3 8 1 0 0 0 760 3 5 5 9
3 9 1 0 0 0 760 2 14 14 5
3 10 1 0 0 0 760 2 2 2 14
3 11 1 0 0 0 760 3 2 2 2
3 12 1 0 0 0 760 3 15 15 2
3 13 0 0 0 1 731 3 14 14 15
3 14 0 0 1 0 760 1 15 15 14
3 15 1 0 0 0 760 3 5 5 15
3 16 1 0 0 0 760 2 5 5 5
3 17 1 0 0 0 760 2 9 9 5
3 18 1 0 0 0 760 3 10 10 9
3 19 1 1 0 0 684 1 9 9 10
3 20 1 0 0 0 760 3 7 7 9
3 21 1 0 0 0 760 3 15 15 7
3 22 1 0 0 0 760 3 14 14 15
3 23 1 0 0 0 760 3 9 9 14
3 24 1 1 0 0 742 1 14 14 9
3 25 1 0 0 0 760 2 4 4 14
