1 1 1 0 0 0 760 3 9 9 0
1 2 1 0 0 0 760 3 11 11 9
1 3 1 1 0 0 487 1 9 9 11
1 4 0 0 1 0 760 1 11 11 9
1 5 1 0 0 0 760 2 1 1 11
1 6 1 0 0 0 760 3 7 7 1
1 7 1 1 0 0 650 1 1 1 7
1 8 1 0 0 0 760 3 4 4 1
1 9 1 1 0 0 575 1 1 1 4
1 10 1 1 0 0 638 1 4 4 1
1 11 1 0 0 0 760 3 2 2 4
1 12 1 1 0 0 664 1 4 4 2
1 13 1 1 0 0 603 1 2 2 4
1 14 1 1 0 0 586 1 4 4 2
1 15 1 0 0 0 760 2 7 7 4
1 16 1 0 0 0 760 3 7 7 7
1 17 1 0 0 0 760 2 11 11 7
1 18 1 1 0 0 608 1 7 7 11
1 19 1 0 0 0 760 2 7 7 7
1 20 1 0 0 0 760 3 4 4 7
1 21 1 0 0 0 760 2 6 6 4
1 22 1 1 0 0 705 1 4 4 6
1 23 1 1 0 0 648 1 6 6 4
1 24 1 0 0 0 760 2 10 10 6
1 25 1 0 0 0 760 2 13 13 10
2 1 1 0 0 0 760 1 9 9 13
2 2 1 0 0 0 760 3 9 9 9
2 3 1 1 0 0 496 1 9 9 9
2 4 1 0 0 0 760 3 12 12 9
2 5 0 0 0 1 608 3 12 12 12
2 6 1 1 0 0 511 1 12 12 12
2 7 1 0 0 0 760 3 9 9 12
2 8 1 0 0 0 760 2 8 8 9
2 9 1 0 0 0 760 2 5 5 8
2 10 1 0 0 0 760 2 10 10 5
2 11 1 0 0 0 760 3 9 9 10
2 12 1 0 0 0 760 2 1 1 9
2 13 1 1 0 0 735 1 9 9 1
2 14 1 0 0 0 760 3 13 13 9
2 15 1 1 0 0 531 1 9 9 13
2 16 1 0 0 0 760 2 10 10 9
2 17 1 1 0 0 634 1 9 9 10
2 18 1 1 0 0 568 1 10 10 9
2 19 1 0 0 0 760 3 5 5 10
2 20 1 1 0 0 624 1 10 10 5
2 21 1 0 0 0 760 3 6 6 10
2 22 1 1 0 0 508 1 10 10 6
2 23 1 1 0 0 458 1 6 6 10
2 24 1 0 0 0 760 2 4 4 6
2 25 1 0 0 0 760 3 7 7 4
3 1 1 0 0 0 760 3 15 15 7
3 2 1 0 0 0 760 1 4 4 15
3 3 1 0 0 0 760 3 12 12 4
3 4 1 0 0 0 760 3 14 14 12
3 5 1 0 0 0 760 3 11 11 14
3 6 1 0 0 0 760 2 1 1 11
3 7 0 0 1 0 760 1 11 11 1
3 8 0 0 1 0 760 1 1 1 11
3 9 1 0 0 0 760 2 12 12 1
3 10 1 0 0 0 760 2 8 8 12
3 11 1 0 0 0 760 3 8 8 8
3 12 1 0 0 0 760 3 11 11 8
3 13 1 0 0 0 760 2 13 13 11
3 14 1 1 0 0 547 1 11 11 13
3 15 1 0 0 0 760 2 14 14 11
3 16 1 0 0 0 760 2 13 13 14
3 17 1 0 0 0 760 2 1 1 13
3 18 1 1 0 0 484 1 13 13 1
3 19 1 0 0 0 760 2 14 14 13
3 20 1 0 0 0 760 3 6 6 14
3 21 1 0 0 0 760 2 4 4 6
3 22 1 0 0 0 760 2 10 10 4
3 23 1 0 0 0 760 3 14 14 10
3 24 1 0 0 0 760 3 7 7 14
3 25 1 0 0 0 760 3 15 15 7
