1 1 1 0 0 0 760 2 4 4 0
1 2 1 0 0 0 760 3 8 8 4
1 3 1 0 0 0 760 3 1 1 8
1 4 1 0 0 0 760 2 6 6 1
1 5 1 0 0 0 760 2 8 8 6
1 6 0 0 1 0 760 1 6 6 8
1 7 1 1 0 0 711 1 8 8 6
1 8 1 0 0 0 760 3 13 13 8
1 9 1 0 0 0 760 2 5 5 13
1 10 1 0 0 0 760 3 12 12 5
1 11 1 0 0 0 760 3 15 15 12
1 12 1 0 0 0 760 2 4 4 15
1 13 1 0 0 0 760 2 11 11 4
1 14 1 1 0 0 515 1 4 4 11
1 15 1 1 0 0 722 1 11 11 4
1 16 1 1 0 0 530 1 4 4 11
1 17 1 0 0 0 760 3 7 7 4
1 18 1 0 0 0 760 2 11 11 7
1 19 1 1 0 0 530 1 7 7 11
1 20 1 1 0 0 547 1 11 11 7
1 21 1 0 0 0 760 3 10 10 11
1 22 1 0 0 0 760 2 7 7 10
1 23 1 0 0 0 760 2 1 1 7
1 24 1 0 0 0 760 2 12 12 1
1 25 1 0 0 0 760 3 5 5 12
2 1 1 0 0 0 760 3 10 10 5
2 2 1 0 0 0 760 1 12 12 10
2 3 0 0 1 0 760 1 10 10 12
2 4 1 1 0 0 592 1 12 12 10
2 5 1 0 0 0 760 2 4 4 12
2 6 1 0 0 0 760 2 3 3 4
2 7 1 1 0 0 559 1 4 4 3
2 8 1 1 0 0 516 1 3 3 4
2 9 1 0 0 0 760 3 14 14 3
2 10 1 0 0 0 760 3 11 11 14
2 11 1 0 0 0 760 3 9 9 11
2 12 0 0 1 0 760 1 11 11 9
2 13 1 0 0 0 760 2 10 10 11
2 14 1 0 0 0 760 3 10 10 10
2 15 1 0 0 0 760 2 8 8 10
2 16 1 0 0 0 760 3 5 5 8
2 17 1 0 0 0 760 2 12 12 5
2 18 1 1 0 0 745 1 5 5 12
2 19 1 0 0 0 760 2 3 3 5
2 20 1 0 0 0 760 2 8 8 3
2 21 1 1 0 0 722 1 3 3 8
2 22 1 1 0 0 559 1 8 8 3
2 23 0 0 1 0 760 1 3 3 8
2 24 0 0 0 1 678 3 15 15 3
2 25 1 1 0 0 752 1 3 3 15
3 1 1 0 0 0 760 1 11 11 3
3 2 1 0 0 0 760 3 12 12 11
3 3 1 0 0 0 760 3 5 5 12
3 4 1 0 0 0 760 2 7 7 5
3 5 1 0 0 0 760 3 3 3 7
3 6 1 0 0 0 760 2 3 3 3
3 7 1 0 0 0 760 2 14 14 3
3 8 1 0 0 0 760 2 11 11 14
3 9 1 1 0 0 740 1 14 14 11
3 10 1 0 0 0 760 3 2 2 14
3 11 1 0 0 0 760 3 13 13 2
3 12 1 0 0 0 760 2 8 8 13
3 13 1 0 0 0 760 2 4 4 8
3 14 1 0 0 0 760 2 4 4 4
3 15 1 0 0 0 760 3 1 1 4
3 16 1 0 0 0 760 3 7 7 1
3 17 1 0 0 0 760 2 3 3 7
3 18 1 0 0 0 760 2 9 9 3
3 19 1 0 0 0 760 3 1 1 9
3 20 0 0 1 0 760 1 9 9 1
3 21 1 0 0 0 760 3 6 6 9
3 22 1 1 0 0 479 1 9 9 6
3 23 1 0 0 0 760 2 12 12 9
3 24 1 0 0 0 760 2 4 4 12
3 25 1 0 0 0 760 3 8 8 4
