1 1 1 0 0 0 760 2 14 14 0
1 2 1 0 0 0 760 2 4 4 14
1 3 1 0 0 0 760 3 8 8 4
1 4 0 0 1 0 760 1 4 4 8
1 5 1 0 0 0 760 2 10 10 4
1 6 1 0 0 0 760 2 9 9 10
1 7 1 0 0 0 760 3 13 13 9
1 8 1 1 0 0 586 1 9 9 13
1 9 1 0 0 0 760 2 1 1 9
1 10 1 0 0 0 760 2 8 8 1
1 11 1 1 0 0 519 1 1 1 8
1 12 1 0 0 0 760 2 1 1 1
1 13 1 0 0 0 760 2 12 12 1
1 14 1 1 0 0 508 1 1 1 12
1 15 1 0 0 0 760 2 13 13 1
1 16 1 1 0 0 757 1 1 1 13
1 17 1 1 0 0 541 1 13 13 1
1 18 1 0 0 0 760 2 14 14 13
1 19 1 0 0 0 760 3 10 10 14
1 20 1 0 0 0 760 3 9 9 10
1 21 1 0 0 0 760 3 13 13 9
1 22 1 1 0 0 505 1 9 9 13
1 23 1 1 0 0 581 1 13 13 9
1 24 1 0 0 0 760 3 11 11 13
1 25 1 1 0 0 538 1 13 13 11
2 1 1 0 0 0 760 2 1 1 13
2 2 1 0 0 0 760 3 8 8 1
2 3 0 0 1 0 760 1 1 1 8
2 4 1 0 0 0 760 2 13 13 1
2 5 1 0 0 0 760 2 3 3 13
2 6 1 0 0 0 760 3 2 2 3
2 7 1 0 0 0 760 3 14 14 2
2 8 1 0 0 0 760 2 1 1 14
2 9 1 0 0 0 760 3 10 10 1
2 10 1 0 0 0 760 2 2 2 10
2 11 1 0 0 0 760 2 15 15 2
2 12 1 0 0 0 760 3 13 13 15
2 13 1 1 0 0 558 1 15 15 13
2 14 1 1 0 0 568 1 13 13 15
2 15 1 0 0 0 760 3 7 7 13
2 16 1 1 0 0 574 1 13 13 7
2 17 1 0 0 0 760 3 2 2 13
2 18 1 0 0 0 760 2 9 9 2
2 19 1 1 0 0 642 1 2 2 9
2 20 1 1 0 0 541 1 9 9 2
2 21 1 1 0 0 608 1 2 2 9
2 22 1 0 0 0 760 2 3 3 2
2 23 1 0 0 0 760 3 15 15 3
2 24 1 1 0 0 477 1 3 3 15
2 25 1 0 0 0 760 3 12 12 3
3 1 1 0 0 0 760 1 13 13 12
3 2 1 0 0 0 760 3 9 9 13
3 3 1 0 0 0 760 2 8 8 9
3 4 1 0 0 0 760 2 11 11 8
3 5 1 0 0 0 760 2 5 5 11
3 6 1 0 0 0 760 2 7 7 5
3 7 1 1 0 0 649 1 5 5 7
3 8 1 1 0 0 526 1 7 7 5
3 9 1 0 0 0 760 2 6 6 7
3 10 1 1 0 0 497 1 7 7 6
3 11 1 1 0 0 665 1 6 6 7
3 12 1 0 0 0 760 3 13 13 6
3 13 1 0 0 0 760 3 10 10 13
3 14 1 1 0 0 549 1 13 13 10
3 15 1 1 0 0 614 1 10 10 13
3 16 1 0 0 0 760 2 12 12 10
3 17 1 0 0 0 760 3 11 11 12
3 18 1 1 0 0 536 1 12 12 11
3 19 1 0 0 0 760 3 7 7 12
3 20 1 0 0 0 760 3 13 13 7
3 21 1 1 0 0 510 1 7 7 13
3 22 1 0 0 0 760 3 7 7 7
3 23 1 0 0 0 760 3 8 8 7
3 24 1 0 0 0 760 3 9 9 8
3 25 1 0 0 0 760 2 3 3 9
