1 1 1 0 0 0 760 2 14 14 0
1 2 1 0 0 0 760 2 14 14 14
1 3 1 0 0 0 760 3 11 11 14
1 4 1 0 0 0 760 2 10 10 11
1 5 1 0 0 0 760 2 14 14 10
1 6 1 1 0 0 502 1 10 10 14
1 7 1 0 0 0 760 2 9 9 10
1 8 1 0 0 0 760 3 4 4 9
1 9 1 1 0 0 459 1 9 9 4
1 10 1 0 0 0 760 2 2 2 9
1 11 1 0 0 0 760 3 8 8 2
1 12 1 1 0 0 475 1 2 2 8
1 13 1 1 0 0 525 1 8 8 2
1 14 1 0 0 0 760 2 15 15 8
1 15 1 0 0 0 760 3 2 2 15
1 16 1 1 0 0 465 1 15 15 2
1 17 1 0 0 0 760 2 10 10 15
1 18 1 0 0 0 760 2 8 8 10
1 19 1 1 0 0 462 1 10 10 8
1 20 1 0 0 0 760 2 13 13 10
1 21 1 1 0 0 488 1 10 10 13
1 22 1 0 0 0 760 2 15 15 10
1 23 1 1 0 0 685 1 10 10 15
1 24 1 1 0 0 485 1 15 15 10
1 25 1 0 0 0 760 3 5 5 15
2 1 1 0 0 0 760 3 10 10 5
2 2 1 0 0 0 760 3 2 2 10
2 3 1 0 0 0 760 3 7 7 2
2 4 1 0 0 0 760 2 7 7 7
2 5 1 0 0 0 760 2 14 14 7
2 6 1 0 0 0 760 2 5 5 14
2 7 1 0 0 0 760 2 5 5 5
2 8 1 0 0 0 760 3 13 13 5
2 9 1 0 0 0 760 3 12 12 13
2 10 0 0 1 0 760 1 13 13 12
2 11 0 0 1 0 760 1 12 12 13
2 12 1 0 0 0 760 3 12 12 12
2 13 1 0 0 0 760 2 11 11 12
2 14 1 0 0 0 760 2 6 6 11
2 15 1 0 0 0 760 2 15 15 6
2 16 1 1 0 0 532 1 6 6 15
2 17 1 0 0 0 760 2 12 12 6
2 18 1 0 0 0 760 2 3 3 12
2 19 0 0 1 0 760 1 12 12 3
2 20 1 0 0 0 760 3 1 1 12
2 21 1 1 0 0 498 1 12 12 1
2 22 1 0 0 0 760 2 6 6 12
2 23 1 0 0 0 760 2 5 5 6
2 24 1 0 0 0 760 2 2 2 5
2 25 1 0 0 0 760 3 3 3 2
3 1 1 0 0 0 760 3 5 5 3
3 2 1 0 0 0 760 1 11 11 5
3 3 1 0 0 0 760 2 3 3 11
3 4 1 0 0 0 760 2 2 2 3
3 5 1 1 0 0 531 1 3 3 2
3 6 1 0 0 0 760 3 15 15 3
3 7 1 0 0 0 760 2 4 4 15
3 8 1 0 0 0 760 3 13 13 4
3 9 1 0 0 0 760 3 5 5 13
3 10 1 0 0 0 760 2 6 6 5
3 11 1 0 0 0 760 3 15 15 6
3 12 1 0 0 0 760 2 14 14 15
3 13 1 0 0 0 760 3 7 7 14
3 14 1 1 0 0 486 1 14 14 7
3 15 0 0 1 0 760 1 7 7 14
3 16 1 1 0 0 554 1 14 14 7
3 17 1 1 0 0 516 1 7 7 14
3 18 1 1 0 0 512 1 14 14 7
3 19 1 0 0 0 760 2 12 12 14
3 20 1 0 0 0 760 3 5 5 12
3 21 1 0 0 0 760 3 7 7 5
3 22 1 0 0 0 760 2 6 6 7
3 23 1 0 0 0 760 3 8 8 6
3 24 1 0 0 0 760 2 15 15 8
3 25 1 0 0 0 760 2 10 10 15
