1 1 1 0 0 0 760 3 4 4 0
1 2 1 0 0 0 760 2 4 4 4
1 3 1 0 0 0 760 3 14 14 4
1 4 1 0 0 0 760 3 13 13 14
1 5 1 1 0 0 516 1 14 14 13
1 6 1 0 0 0 760 2 3 3 14
1 7 1 0 0 0 760 2 10 10 3
1 8 1 0 0 0 760 2 12 12 10
1 9 1 0 0 0 760 3 7 7 12
1 10 0 0 1 0 760 1 12 12 7
1 11 1 0 0 0 760 2 15 15 12
1 12 1 1 0 0 622 1 12 12 15
1 13 1 1 0 0 689 1 15 15 12
1 14 1 0 0 0 760 3 7 7 15
1 15 1 0 0 0 760 2 1 1 7
1 16 1 0 0 0 760 2 6 6 1
1 17 1 1 0 0 537 1 1 1 6
1 18 1 0 0 0 760 2 9 9 1
1 19 1 1 0 0 520 1 1 1 9
1 20 1 1 0 0 528 1 9 9 1
1 21 1 1 0 0 545 1 1 1 9
1 22 1 0 0 0 760 2 2 2 1
1 23 1 1 0 0 550 1 1 1 2
1 24 1 0 0 0 760 2 14 14 1
1 25 1 0 0 0 760 3 9 9 14
2 1 1 0 0 0 760 3 6 6 9
2 2 1 0 0 0 760 2 15 15 6
2 3 1 0 0 0 760 3 7 7 15
2 4 1 0 0 0 760 3 3 3 7
2 5 0 0 1 0 760 1 7 7 3
2 6 1 0 0 0 760 2 2 2 7
2 7 1 0 0 0 760 3 1 1 2
2 8 1 0 0 0 760 2 10 10 1
2 9 1 1 0 0 590 1 1 1 10
2 10 1 0 0 0 760 2 8 8 1
2 11 1 1 0 0 622 1 1 1 8
2 12 1 1 0 0 618 1 8 8 1
2 13 1 0 0 0 760 3 7 7 8
2 14 1 0 0 0 760 2 14 14 7
2 15 1 0 0 0 760 2 4 4 14
2 16 1 0 0 0 760 3 10 10 4
2 17 1 1 0 0 553 1 4 4 10
2 18 1 0 0 0 760 2 15 15 4
2 19 1 0 0 0 760 2 10 10 15
2 20 1 0 0 0 760 2 7 7 10
2 21 0 0 1 0 760 1 10 10 7
2 22 1 0 0 0 760 2 5 5 10
2 23 1 1 0 0 617 1 10 10 5
2 24 1 1 0 0 693 1 5 5 10
2 25 1 0 0 0 760 3 3 3 5
3 1 1 0 0 0 760 1 3 3 3
3 2 1 0 0 0 760 3 13 13 3
3 3 1 0 0 0 760 2 1 1 13
3 4 1 0 0 0 760 2 3 3 1
3 5 1 0 0 0 760 2 4 4 3
3 6 1 0 0 0 760 3 2 2 4
3 7 1 0 0 0 760 3 12 12 2
3 8 1 1 0 0 693 1 2 2 12
3 9 1 0 0 0 760 3 6 6 2
3 10 1 0 0 0 760 2 10 10 6
3 11 1 1 0 0 643 1 6 6 10
3 12 1 0 0 0 760 2 11 11 6
3 13 1 0 0 0 760 2 12 12 11
3 14 1 0 0 0 760 3 1 1 12
3 15 1 1 0 0 533 1 12 12 1
3 16 1 1 0 0 601 1 1 1 12
3 17 1 0 0 0 760 2 14 14 1
3 18 1 1 0 0 599 1 1 1 14
3 19 1 0 0 0 760 2 13 13 1
3 20 1 0 0 0 760 3 8 8 13
3 21 1 0 0 0 760 2 10 10 8
3 22 1 0 0 0 760 3 1 1 10
3 23 1 0 0 0 760 2 11 11 1
3 24 1 0 0 0 760 2 6 6 11
3 25 1 0 0 0 760 3 8 8 6
