1 1 1 0 0 0 760 2 2 2 0
1 2 1 0 0 0 760 1 10 10 2
1 3 1 0 0 0 760 3 14 14 10
1 4 1 0 0 0 760 2 6 6 14
1 5 0 0 1 0 760 1 14 14 6
1 6 1 0 0 0 760 2 3 3 14
1 7 1 0 0 0 760 2 7 7 3
1 8 0 0 1 0 760 1 3 3 7
1 9 1 0 0 0 760 3 15 15 3
1 10 1 1 0 0 750 1 3 3 15
1 11 1 0 0 0 760 3 7 7 3
1 12 1 0 0 0 760 2 10 10 7
1 13 1 0 0 0 760 3 11 11 10
1 14 1 0 0 0 760 3 13 13 11
1 15 1 0 0 0 760 2 8 8 13
1 16 1 0 0 0 760 3 3 3 8
1 17 0 0 1 0 760 1 8 8 3
1 18 0 0 1 0 760 1 3 3 8
1 19 1 1 0 0 713 1 8 8 3
1 20 1 0 0 0 760 2 11 11 8
1 21 1 1 0 0 605 1 8 8 11
1 22 1 0 0 0 760 2 1 1 8
1 23 1 0 0 0 760 2 11 11 1
1 24 1 0 0 0 760 3 14 14 11
1 25 0 0 1 0 760 1 11 11 14
2 1 1 0 0 0 760 3 11 11 11
2 2 1 0 0 0 760 3 5 5 11
2 3 0 0 1 0 760 1 11 11 5
2 4 1 0 0 0 760 2 6 6 11
2 5 1 0 0 0 760 2 14 14 6
2 6 1 0 0 0 760 2 5 5 14
2 7 1 0 0 0 760 2 10 10 5
2 8 1 0 0 0 760 3 6 6 10
2 9 1 0 0 0 760 3 13 13 6
2 10 1 0 0 0 760 3 8 8 13
2 11 1 1 0 0 501 1 13 13 8
2 12 0 0 1 0 760 1 8 8 13
2 13 1 0 0 0 760 2 15 15 8
2 14 1 0 0 0 760 3 1 1 15
2 15 1 1 0 0 445 1 15 15 1
2 16 1 1 0 0 670 1 1 1 15
2 17 1 0 0 0 760 3 12 12 1
2 18 0 0 1 0 760 1 1 1 12
2 19 1 1 0 0 451 1 12 12 1
2 20 1 0 0 0 760 3 11 11 12
2 21 0 0 0 1 482 3 9 9 11
2 22 1 1 0 0 684 1 11 11 9
2 23 0 0 1 0 760 1 9 9 11
2 24 1 1 0 0 623 1 11 11 9
2 25 1 0 0 0 760 3 2 2 11
3 1 1 0 0 0 760 2 9 9 2
3 2 1 0 0 0 760 2 9 9 9
3 3 1 0 0 0 760 2 8 8 9
3 4 0 0 1 0 760 1 9 9 8
3 5 1 0 0 0 760 2 12 12 9
3 6 1 1 0 0 444 1 9 9 12
3 7 1 0 0 0 760 2 15 15 9
3 8 1 1 0 0 519 1 9 9 15
3 9 1 1 0 0 626 1 15 15 9
3 10 1 0 0 0 760 3 11 11 15
3 11 1 1 0 0 572 1 15 15 11
3 12 1 0 0 0 760 2 6 6 15
3 13 1 0 0 0 760 2 1 1 6
3 14 1 1 0 0 434 1 6 6 1
3 15 1 1 0 0 409 1 1 1 6
3 16 1 1 0 0 741 1 6 6 1
3 17 1 0 0 0 760 3 3 3 6
3 18 1 1 0 0 456 1 6 6 3
3 19 1 0 0 0 760 2 14 14 6
3 20 1 0 0 0 760 3 11 11 14
3 21 1 0 0 0 760 2 5 5 11
3 22 1 1 0 0 672 1 11 11 5
3 23 0 0 0 1 614 2 11 11 11
3 24 1 0 0 0 760 3 12 12 11
3 25 1 0 0 0 760 3 5 5 12
