1 1 1 0 0 0 760 3 8 8 0
1 2 1 0 0 0 760 1 11 11 8
1 3 1 0 0 0 760 3 12 12 11
1 4 0 0 1 0 692 1 11 11 12
1 5 1 0 0 0 760 3 9 9 11
1 6 1 0 0 0 760 3 3 3 9
1 7 1 0 0 0 760 3 15 15 3
1 8 1 0 0 0 760 2 10 10 15
1 9 1 0 0 0 760 2 7 7 10
1 10 1 0 0 0 760 3 3 3 7
1 11 0 0 1 0 760 1 7 7 3
1 12 1 0 0 0 760 3 6 6 7
1 13 1 0 0 0 760 3 5 5 6
1 14 1 0 0 0 760 2 3 3 5
1 15 1 0 0 0 760 2 15 15 3
1 16 1 0 0 0 760 3 1 1 15
1 17 1 0 0 0 760 3 13 13 1
1 18 1 0 0 0 760 2 4 4 13
1 19 1 0 0 0 760 3 7 7 4
1 20 1 0 0 0 760 3 12 12 7
1 21 0 0 1 0 760 1 7 7 12
1 22 1 0 0 0 760 3 4 4 7
1 23 1 0 0 0 760 2 14 14 4
1 24 1 1 0 0 665 1 4 4 14
1 25 0 0 1 0 760 1 14 14 4
2 1 1 0 0 0 760 2 10 10 14
2 2 1 0 0 0 760 3 4 4 10
2 3 1 1 0 0 716 1 10 10 4
2 4 1 1 0 0 674 1 4 4 10
2 5 1 1 0 0 593 1 10 10 4
2 6 1 0 0 0 760 2 7 7 10
2 7 1 0 0 0 760 2 5 5 7
2 8 1 0 0 0 760 2 10 10 5
2 9 1 1 0 0 615 1 5 5 10
2 10 1 0 0 0 760 3 7 7 5
2 11 1 0 0 0 760 3 8 8 7
2 12 0 0 1 0 760 1 7 7 8
2 13 1 1 0 0 717 1 8 8 7
2 14 1 1 0 0 629 1 7 7 8
2 15 1 0 0 0 760 3 13 13 7
2 16 1 0 0 0 760 3 13 13 13
2 17 1 0 0 0 760 2 12 12 13
2 18 1 0 0 0 760 3 6 6 12
2 19 0 0 1 0 760 1 12 12 6
2 20 1 0 0 0 760 3 4 4 12
2 21 1 1 0 0 584 1 12 12 4
2 22 1 0 0 0 760 2 9 9 12
2 23 1 1 0 0 749 1 12 12 9
2 24 1 1 0 0 701 1 9 9 12
2 25 1 1 0 0 536 1 12 12 9
3 1 1 0 0 0 760 2 2 2 12
3 2 1 0 0 0 760 2 3 3 2
3 3 1 0 0 0 760 3 13 13 3
3 4 1 0 0 0 760 3 11 11 13
3 5 0 0 1 0 760 1 13 13 11
3 6 1 0 0 0 760 3 10 10 13
3 7 0 0 1 0 760 1 13 13 10
3 8 0 0 0 1 621 2 13 13 13
3 9 1 0 0 0 760 3 14 14 13
3 10 1 0 0 0 760 3 7 7 14
3 11 1 1 0 0 635 1 14 14 7
3 12 1 0 0 0 760 2 10 10 14
3 13 1 1 0 0 599 1 14 14 10
3 14 1 0 0 0 760 3 2 2 14
3 15 1 0 0 0 760 3 1 1 2
3 16 0 0 1 0 760 1 2 2 1
3 17 1 1 0 0 572 1 1 1 2
3 18 1 0 0 0 760 2 10 10 1
3 19 1 0 0 0 760 2 9 9 10
3 20 1 0 0 0 760 2 2 2 9
3 21 1 0 0 0 760 3 6 6 2
3 22 1 1 0 0 629 1 2 2 6
3 23 1 0 0 0 760 3 14 14 2
3 24 1 1 0 0 504 1 2 2 14
3 25 0 0 0 1 544 3 9 9 2
