1 1 1 0 0 0 760 2 14 14 0
1 2 1 0 0 0 760 3 2 2 14
1 3 1 0 0 0 760 3 7 7 2
1 4 0 0 1 0 760 1 2 2 7
1 5 0 0 1 0 760 1 7 7 2
1 6 1 0 0 0 760 3 11 11 7
1 7 1 0 0 0 760 2 5 5 11
1 8 1 1 0 0 457 1 11 11 5
1 9 1 1 0 0 484 1 5 5 11
1 10 1 0 0 0 760 2 5 5 5
1 11 1 1 0 0 457 1 5 5 5
1 12 1 1 0 0 565 1 5 5 5
1 13 1 0 0 0 760 2 7 7 5
1 14 1 0 0 0 760 3 13 13 7
1 15 1 1 0 0 452 1 7 7 13
1 16 1 1 0 0 446 1 13 13 7
1 17 1 0 0 0 760 3 8 8 13
1 18 1 1 0 0 610 1 13 13 8
1 19 1 0 0 0 760 3 14 14 13
1 20 1 1 0 0 492 1 13 13 14
1 21 1 1 0 0 461 1 14 14 13
1 22 1 1 0 0 495 1 13 13 14
1 23 1 0 0 0 760 3 3 3 13
1 24 1 0 0 0 760 3 11 11 3
1 25 1 0 0 0 760 3 10 10 11
2 1 1 0 0 0 760 1 12 12 10
2 2 1 0 0 0 760 1 12 12 12
2 3 1 0 0 0 760 3 9 9 12
2 4 1 0 0 0 760 2 15 15 9
2 5 1 0 0 0 760 2 7 7 15
2 6 1 0 0 0 760 3 2 2 7
2 7 1 0 0 0 760 3 9 9 2
2 8 1 0 0 0 760 2 3 3 9
2 9 1 0 0 0 760 3 1 1 3
2 10 1 1 0 0 474 1 3 3 1
2 11 1 1 0 0 551 1 1 1 3
2 12 1 0 0 0 760 3 13 13 1
2 13 1 0 0 0 760 2 2 2 13
2 14 1 0 0 0 760 3 10 10 2
2 15 1 0 0 0 760 3 1 1 10
2 16 1 0 0 0 760 2 12 12 1
2 17 1 0 0 0 760 3 4 4 12
2 18 1 0 0 0 760 3 6 6 4
2 19 1 1 0 0 430 1 4 4 6
2 20 1 0 0 0 760 2 15 15 4
2 21 1 0 0 0 760 3 2 2 15
2 22 1 1 0 0 404 1 15 15 2
2 23 1 0 0 0 760 3 15 15 15
2 24 1 0 0 0 760 2 13 13 15
2 25 1 0 0 0 760 3 2 2 13
3 1 1 0 0 0 760 3 15 15 2
3 2 1 0 0 0 760 3 5 5 15
3 3 1 0 0 0 760 3 8 8 5
3 4 1 1 0 0 455 1 5 5 8
3 5 1 0 0 0 760 3 6 6 5
3 6 0 0 1 0 760 1 5 5 6
3 7 0 0 1 0 760 1 6 6 5
3 8 1 1 0 0 472 1 5 5 6
3 9 1 1 0 0 557 1 6 6 5
3 10 1 1 0 0 438 1 5 5 6
3 11 1 0 0 0 760 2 14 14 5
3 12 1 0 0 0 760 3 4 4 14
3 13 1 0 0 0 760 3 13 13 4
3 14 1 0 0 0 760 3 15 15 13
3 15 1 0 0 0 760 2 6 6 15
3 16 1 0 0 0 760 3 2 2 6
3 17 1 0 0 0 760 3 5 5 2
3 18 1 0 0 0 760 2 3 3 5
3 19 1 1 0 0 452 1 5 5 3
3 20 1 1 0 0 477 1 3 3 5
3 21 1 1 0 0 427 1 5 5 3
3 22 1 0 0 0 760 3 6 6 5
3 23 1 0 0 0 760 3 10 10 6
3 24 1 1 0 0 504 1 6 6 10
3 25 1 0 0 0 760 3 3 3 6
