1 1 1 0 0 0 760 2 14 14 0
1 2 1 0 0 0 760 1 12 12 14
1 3 1 1 0 0 557 1 14 14 12
1 4 1 0 0 0 760 3 10 10 14
1 5 1 0 0 0 760 3 12 12 10
1 6 1 0 0 0 760 2 13 13 12
1 7 1 0 0 0 760 2 1 1 13
1 8 1 0 0 0 760 3 8 8 1
1 9 1 0 0 0 760 2 10 10 8
1 10 1 0 0 0 760 3 1 1 10
1 11 1 0 0 0 760 3 3 3 1
1 12 0 0 1 0 760 1 1 1 3
1 13 0 0 1 0 760 1 3 3 1
1 14 1 0 0 0 760 2 12 12 3
1 15 1 0 0 0 760 2 13 13 12
1 16 1 0 0 0 760 2 9 9 13
1 17 1 0 0 0 760 2 8 8 9
1 18 1 0 0 0 760 2 7 7 8
1 19 1 1 0 0 580 1 8 8 7
1 20 0 0 1 0 760 1 7 7 8
1 21 1 1 0 0 638 1 8 8 7
1 22 1 0 0 0 760 3 6 6 8
1 23 1 1 0 0 488 1 8 8 6
1 24 0 0 1 0 760 1 6 6 8
1 25 1 0 0 0 760 2 13 13 6
2 1 1 0 0 0 760 2 3 3 13
2 2 1 0 0 0 760 3 8 8 3
2 3 1 0 0 0 760 3 12 12 8
2 4 1 0 0 0 760 2 15 15 12
2 5 0 0 0 1 620 2 15 15 15
2 6 1 1 0 0 623 1 15 15 15
2 7 1 0 0 0 760 2 11 11 15
2 8 1 0 0 0 760 3 14 14 11
2 9 1 0 0 0 760 3 7 7 14
2 10 1 1 0 0 653 1 14 14 7
2 11 1 0 0 0 760 2 12 12 14
2 12 1 0 0 0 760 3 4 4 12
2 13 0 0 1 0 760 1 12 12 4
2 14 1 0 0 0 760 3 1 1 12
2 15 1 0 0 0 760 2 14 14 1
2 16 0 0 0 1 658 3 12 12 14
2 17 1 0 0 0 760 2 12 12 12
2 18 1 0 0 0 760 2 5 5 12
2 19 0 0 1 0 760 1 12 12 5
2 20 1 0 0 0 760 3 3 3 12
2 21 1 0 0 0 760 2 9 9 3
2 22 1 0 0 0 760 2 1 1 9
2 23 1 0 0 0 760 3 6 6 1
2 24 1 0 0 0 760 2 2 2 6
2 25 1 0 0 0 760 2 10 10 2
3 1 1 0 0 0 760 2 15 15 10
3 2 1 0 0 0 760 3 3 3 15
3 3 1 0 0 0 760 3 2 2 3
3 4 1 0 0 0 760 3 14 14 2
3 5 1 1 0 0 677 1 2 2 14
3 6 1 0 0 0 760 3 1 1 2
3 7 1 0 0 0 760 3 14 14 1
3 8 1 1 0 0 550 1 1 1 14
3 9 0 0 1 0 760 1 14 14 1
3 10 0 0 0 1 626 2 2 2 14
3 11 1 0 0 0 760 3 12 12 2
3 12 1 0 0 0 760 3 5 5 12
3 13 1 0 0 0 760 2 8 8 5
3 14 1 0 0 0 760 3 4 4 8
3 15 1 0 0 0 760 2 4 4 4
3 16 1 1 0 0 524 1 4 4 4
3 17 1 0 0 0 760 2 10 10 4
3 18 0 0 1 0 760 1 4 4 10
3 19 1 0 0 0 760 2 15 15 4
3 20 1 0 0 0 760 3 12 12 15
3 21 1 0 0 0 760 2 3 3 12
3 22 0 0 1 0 760 1 12 12 3
3 23 1 0 0 0 760 2 11 11 12
3 24 1 0 0 0 760 2 13 13 11
3 25 1 0 0 0 760 3 15 15 13
