1 1 1 0 0 0 760 3 11 11 0
1 2 1 0 0 0 760 1 2 2 11
1 3 1 1 0 0 481 1 11 11 2
1 4 1 0 0 0 760 2 3 3 11
1 5 1 0 0 0 760 3 3 3 3
1 6 1 0 0 0 760 2 10 10 3
1 7 1 0 0 0 760 2 15 15 10
1 8 1 0 0 0 760 3 3 3 15
1 9 1 0 0 0 760 3 14 14 3
1 10 1 0 0 0 760 2 11 11 14
1 11 0 0 1 0 760 1 14 14 11
1 12 1 0 0 0 760 2 7 7 14
1 13 1 0 0 0 760 3 1 1 7
1 14 1 1 0 0 517 1 7 7 1
1 15 1 0 0 0 760 3 8 8 7
1 16 1 0 0 0 760 2 13 13 8
1 17 1 0 0 0 760 2 5 5 13
1 18 1 0 0 0 760 3 15 15 5
1 19 1 0 0 0 760 3 1 1 15
1 20 1 0 0 0 760 2 12 12 1
1 21 0 0 1 0 760 1 1 1 12
1 22 1 0 0 0 760 3 5 5 1
1 23 0 0 1 0 760 1 1 1 5
1 24 0 0 1 0 760 1 5 5 1
1 25 1 0 0 0 760 2 4 4 5
2 1 1 0 0 0 760 1 12 12 4
2 2 1 0 0 0 760 2 7 7 12
2 3 1 0 0 0 760 2 10 10 7
2 4 1 0 0 0 760 3 4 4 10
2 5 1 0 0 0 760 3 3 3 4
2 6 1 1 0 0 419 1 4 4 3
2 7 1 0 0 0 760 2 6 6 4
2 8 1 0 0 0 760 3 5 5 6
2 9 0 0 1 0 760 1 6 6 5
2 10 1 1 0 0 494 1 5 5 6
2 11 1 0 0 0 760 3 4 4 5
2 12 1 0 0 0 760 2 10 10 4
2 13 1 0 0 0 760 3 13 13 10
2 14 1 1 0 0 509 1 10 10 13
2 15 1 0 0 0 760 2 4 4 10
2 16 1 1 0 0 449 1 10 10 4
2 17 1 1 0 0 450 1 4 4 10
2 18 1 0 0 0 760 2 14 14 4
2 19 1 0 0 0 760 2 5 5 14
2 20 1 0 0 0 760 3 2 2 5
2 21 1 0 0 0 760 3 11 11 2
2 22 1 0 0 0 760 3 10 10 11
2 23 1 0 0 0 760 2 8 8 10
2 24 1 0 0 0 760 2 2 2 8
2 25 1 0 0 0 760 2 2 2 2
3 1 1 0 0 0 760 1 7 7 2
3 2 1 0 0 0 760 3 7 7 7
3 3 1 0 0 0 760 3 2 2 7
3 4 1 0 0 0 760 2 4 4 2
3 5 1 0 0 0 760 3 10 10 4
3 6 1 0 0 0 760 2 1 1 10
3 7 0 0 1 0 760 1 10 10 1
3 8 1 0 0 0 760 2 4 4 10
3 9 1 0 0 0 760 2 13 13 4
3 10 1 0 0 0 760 3 10 10 13
3 11 1 0 0 0 760 3 12 12 10
3 12 1 0 0 0 760 3 15 15 12
3 13 1 1 0 0 700 1 12 12 15
3 14 1 0 0 0 760 2 5 5 12
3 15 0 0 1 0 760 1 12 12 5
3 16 1 0 0 0 760 2 2 2 12
3 17 1 0 0 0 760 3 5 5 2
3 18 1 1 0 0 691 1 2 2 5
3 19 1 0 0 0 760 2 14 14 2
3 20 1 0 0 0 760 2 3 3 14
3 21 0 0 1 0 760 1 14 14 3
3 22 1 1 0 0 682 1 3 3 14
3 23 1 0 0 0 760 3 2 2 3
3 24 1 0 0 0 760 3 9 9 2
3 25 1 0 0 0 760 3 9 9 9
