1 1 1 0 0 0 760 2 1 1 0
1 2 1 0 0 0 760 1 7 7 1
1 3 1 0 0 0 760 2 7 7 7
1 4 1 0 0 0 760 3 8 8 7
1 5 1 0 0 0 760 2 11 11 8
1 6 1 0 0 0 760 2 1 1 11
1 7 0 0 1 0 760 1 11 11 1
1 8 0 0 1 0 760 1 1 1 11
1 9 1 0 0 0 760 3 8 8 1
1 10 0 0 1 0 735 1 1 1 8
1 11 1 0 0 0 760 3 5 5 1
1 12 1 0 0 0 459 2 13 13 5
1 13 1 1 0 0 710 1 5 5 13
1 14 0 0 1 0 760 1 13 13 5
1 15 0 0 0 1 527 2 13 13 13
1 16 1 0 0 0 760 2 9 9 13
1 17 1 1 0 0 726 1 13 13 9
1 18 1 0 0 0 760 2 3 3 13
1 19 1 0 0 0 760 2 15 15 3
1 20 1 0 0 0 760 3 6 6 15
1 21 1 0 0 0 760 3 13 13 6
1 22 1 0 0 0 760 3 1 1 13
1 23 1 0 0 0 760 3 3 3 1
1 24 0 0 1 0 699 1 1 1 3
1 25 1 0 0 0 760 2 15 15 1
2 1 1 0 0 0 760 2 2 2 15
2 2 1 0 0 0 760 3 12 12 2
2 3 1 0 0 0 760 3 4 4 12
2 4 1 0 0 0 760 3 4 4 4
2 5 1 0 0 0 760 2 14 14 4
2 6 1 0 0 0 760 2 7 7 14
2 7 1 0 0 0 760 2 12 12 7
2 8 1 0 0 0 760 3 3 3 12
2 9 1 0 0 0 760 2 15 15 3
2 10 1 0 0 0 760 2 6 6 15
2 11 0 0 1 0 760 1 15 15 6
2 12 1 0 0 0 760 2 15 15 15
2 13 1 0 0 0 760 2 12 12 15
2 14 1 0 0 0 760 3 2 2 12
2 15 1 1 0 0 639 1 12 12 2
2 16 0 0 1 0 760 1 2 2 12
2 17 1 0 0 0 760 2 8 8 2
2 18 0 0 1 0 760 1 2 2 8
2 19 0 0 1 0 760 1 8 8 2
2 20 1 0 0 0 760 2 6 6 8
2 21 1 0 0 0 760 2 12 12 6
2 22 1 0 0 0 760 3 5 5 12
2 23 1 0 0 0 760 2 1 1 5
2 24 1 1 0 0 702 1 5 5 1
2 25 0 0 1 0 760 1 1 1 5
3 1 1 0 0 0 760 2 6 6 1
3 2 1 0 0 0 760 1 12 12 6
3 3 1 0 0 0 760 3 12 12 12
3 4 1 0 0 0 760 2 13 13 12
3 5 0 0 1 0 760 1 12 12 13
3 6 1 0 0 0 760 2 7 7 12
3 7 1 0 0 0 760 2 14 14 7
3 8 0 0 1 0 760 1 7 7 14
3 9 1 0 0 0 760 3 15 15 7
3 10 1 1 0 0 661 1 7 7 15
3 11 0 0 1 0 760 1 15 15 7
3 12 0 0 1 0 760 1 7 7 15
3 13 1 0 0 0 760 2 2 2 7
3 14 1 1 0 0 673 1 7 7 2
3 15 1 0 0 0 760 2 15 15 7
3 16 1 0 0 0 760 3 2 2 15
3 17 0 0 1 0 760 1 15 15 2
3 18 0 0 1 0 760 1 2 2 15
3 19 0 0 1 0 760 1 15 15 2
3 20 1 0 0 0 760 3 7 7 15
3 21 0 0 1 0 760 1 15 15 7
3 22 1 0 0 0 760 3 5 5 15
3 23 1 1 0 0 697 1 15 15 5
3 24 1 0 0 0 760 2 3 3 15
3 25 1 0 0 0 760 3 8 8 3
