1 1 1 0 0 0 760 2 7 7 0
1 2 1 0 0 0 760 3 8 8 7
1 3 1 0 0 0 760 2 1 1 8
1 4 1 0 0 0 760 3 4 4 1
1 5 1 0 0 0 760 3 7 7 4
1 6 1 1 0 0 468 1 4 4 7
1 7 1 0 0 0 760 2 4 4 4
1 8 1 0 0 0 760 2 13 13 4
1 9 1 0 0 0 760 3 5 5 13
1 10 1 0 0 0 760 3 2 2 5
1 11 1 0 0 0 760 2 15 15 2
1 12 1 0 0 0 760 3 9 9 15
1 13 1 0 0 0 760 2 10 10 9
1 14 1 1 0 0 490 1 9 9 10
1 15 1 1 0 0 541 1 10 10 9
1 16 1 1 0 0 663 1 9 9 10
1 17 1 1 0 0 649 1 10 10 9
1 18 1 0 0 0 760 3 12 12 10
1 19 1 0 0 0 760 3 7 7 12
1 20 1 1 0 0 471 1 12 12 7
1 21 1 0 0 0 760 2 13 13 12
1 22 1 0 0 0 760 2 13 13 13
1 23 1 1 0 0 478 1 13 13 13
1 24 1 0 0 0 760 3 7 7 13
1 25 1 0 0 0 760 3 1 1 7
2 1 1 0 0 0 760 3 1 1 1
2 2 1 0 0 0 760 2 6 6 1
2 3 1 0 0 0 760 3 14 14 6
2 4 1 0 0 0 760 2 14 14 14
2 5 1 1 0 0 571 1 14 14 14
2 6 1 0 0 0 760 2 7 7 14
2 7 1 0 0 0 760 2 11 11 7
2 8 1 1 0 0 521 1 7 7 11
2 9 1 0 0 0 760 3 12 12 7
2 10 0 0 0 1 519 2 11 11 12
2 11 1 1 0 0 729 1 12 12 11
2 12 1 0 0 0 760 3 10 10 12
2 13 1 0 0 0 760 2 7 7 10
2 14 1 0 0 0 760 2 1 1 7
2 15 0 0 1 0 760 1 7 7 1
2 16 1 0 0 0 760 2 4 4 7
2 17 1 1 0 0 700 1 7 7 4
2 18 1 1 0 0 485 1 4 4 7
2 19 1 0 0 0 760 3 6 6 4
2 20 0 0 1 0 760 1 4 4 6
2 21 1 1 0 0 641 1 6 6 4
2 22 1 1 0 0 458 1 4 4 6
2 23 1 0 0 0 760 2 12 12 4
2 24 1 1 0 0 473 1 4 4 12
2 25 1 0 0 0 760 2 9 9 4
3 1 1 0 0 0 760 2 7 7 9
3 2 1 0 0 0 760 3 12 12 7
3 3 1 0 0 0 760 2 3 3 12
3 4 1 1 0 0 484 1 12 12 3
3 5 1 0 0 0 760 3 15 15 12
3 6 1 0 0 0 760 2 7 7 15
3 7 1 0 0 0 760 3 8 8 7
3 8 1 0 0 0 760 2 12 12 8
3 9 1 0 0 0 760 3 9 9 12
3 10 1 0 0 0 760 2 3 3 9
3 11 1 0 0 0 760 3 4 4 3
3 12 1 0 0 0 760 3 2 2 4
3 13 1 0 0 0 760 2 12 12 2
3 14 0 0 0 1 655 2 4 4 12
3 15 1 0 0 0 760 2 5 5 4
3 16 1 0 0 0 760 3 1 1 5
3 17 1 0 0 0 760 2 13 13 1
3 18 1 0 0 0 760 2 13 13 13
3 19 1 1 0 0 471 1 13 13 13
3 20 1 0 0 0 760 3 1 1 13
3 21 1 0 0 0 760 2 3 3 1
3 22 1 1 0 0 486 1 1 1 3
3 23 1 1 0 0 495 1 3 3 1
3 24 1 1 0 0 535 1 1 1 3
3 25 1 0 0 0 760 3 11 11 1
