1 1 1 0 0 0 760 2 2 2 0
1 2 1 0 0 0 760 3 10 10 2
1 3 1 0 0 0 760 2 7 7 10
1 4 1 0 0 0 760 3 9 9 7
1 5 1 0 0 0 760 2 9 9 9
1 6 1 0 0 0 760 2 11 11 9
1 7 1 0 0 0 760 2 5 5 11
1 8 1 0 0 0 760 3 7 7 5
1 9 1 0 0 0 760 2 6 6 7
1 10 1 0 0 0 760 2 8 8 6
1 11 1 0 0 0 760 3 8 8 8
1 12 1 0 0 0 760 2 7 7 8
1 13 1 0 0 0 760 2 9 9 7
1 14 1 1 0 0 475 1 7 7 9
1 15 1 0 0 0 760 2 7 7 7
1 16 1 1 0 0 482 1 7 7 7
1 17 1 1 0 0 548 1 7 7 7
1 18 1 1 0 0 550 1 7 7 7
1 19 1 1 0 0 548 1 7 7 7
1 20 1 0 0 0 760 3 2 2 7
1 21 1 0 0 0 760 3 4 4 2
1 22 1 1 0 0 504 1 2 2 4
1 23 1 0 0 0 760 3 7 7 2
1 24 1 1 0 0 653 1 2 2 7
1 25 1 0 0 0 760 3 2 2 2
2 1 1 0 0 0 760 1 14 14 2
2 2 1 0 0 0 760 3 10 10 14
2 3 1 1 0 0 458 1 14 14 10
2 4 0 0 1 0 760 1 10 10 14
2 5 1 0 0 0 760 2 1 1 10
2 6 1 0 0 0 760 2 9 9 1
2 7 1 0 0 0 760 2 6 6 9
2 8 1 0 0 0 760 3 13 13 6
2 9 1 1 0 0 474 1 6 6 13
2 10 1 0 0 0 760 3 4 4 6
2 11 1 0 0 0 760 2 2 2 4
2 12 1 0 0 0 760 2 1 1 2
2 13 1 0 0 0 760 2 8 8 1
2 14 1 0 0 0 760 3 7 7 8
2 15 1 0 0 0 760 2 5 5 7
2 16 1 0 0 0 760 3 10 10 5
2 17 1 0 0 0 760 3 7 7 10
2 18 0 0 1 0 760 1 10 10 7
2 19 0 0 1 0 760 1 7 7 10
2 20 0 0 1 0 760 1 10 10 7
2 21 1 0 0 0 760 3 2 2 10
2 22 1 1 0 0 487 1 10 10 2
2 23 1 1 0 0 497 1 2 2 10
2 24 1 1 0 0 480 1 10 10 2
2 25 1 1 0 0 536 1 2 2 10
3 1 1 0 0 0 760 2 11 11 2
3 2 1 0 0 0 760 1 7 7 11
3 3 1 0 0 0 760 2 3 3 7
3 4 0 0 1 0 760 1 7 7 3
3 5 1 0 0 0 760 3 14 14 7
3 6 1 1 0 0 471 1 7 7 14
3 7 1 1 0 0 503 1 14 14 7
3 8 1 1 0 0 487 1 7 7 14
3 9 1 1 0 0 485 1 14 14 7
3 10 1 0 0 0 760 2 4 4 14
3 11 1 1 0 0 475 1 14 14 4
3 12 1 0 0 0 760 2 13 13 14
3 13 1 0 0 0 760 3 10 10 13
3 14 1 0 0 0 760 2 9 9 10
3 15 1 1 0 0 507 1 10 10 9
3 16 1 0 0 0 760 3 15 15 10
3 17 1 0 0 0 760 2 5 5 15
3 18 1 0 0 0 760 2 9 9 5
3 19 1 0 0 0 760 3 3 3 9
3 20 1 0 0 0 760 3 4 4 3
3 21 1 0 0 0 760 3 8 8 4
3 22 0 0 1 0 760 1 4 4 8
3 23 0 0 1 0 760 1 8 8 4
3 24 1 1 0 0 504 1 4 4 8
3 25 1 0 0 0 760 2 13 13 4
