1 1 1 0 0 0 760 2 9 9 0
1 2 1 0 0 0 760 1 15 15 9
1 3 1 0 0 0 760 2 11 11 15
1 4 1 1 0 0 543 1 15 15 11
1 5 1 0 0 0 760 3 1 1 15
1 6 1 0 0 0 760 2 1 1 1
1 7 0 0 1 0 760 1 1 1 1
1 8 0 0 1 0 760 1 1 1 1
1 9 1 1 0 0 602 1 1 1 1
1 10 1 0 0 0 760 2 4 4 1
1 11 1 0 0 0 760 2 3 3 4
1 12 0 0 1 0 760 1 4 4 3
1 13 1 0 0 0 760 3 2 2 4
1 14 1 0 0 0 760 2 15 15 2
1 15 1 0 0 0 760 3 11 11 15
1 16 1 0 0 0 760 2 3 3 11
1 17 1 0 0 0 760 2 13 13 3
1 18 1 0 0 0 760 2 9 9 13
1 19 1 0 0 0 760 2 11 11 9
1 20 1 0 0 0 760 2 7 7 11
1 21 1 0 0 0 760 2 13 13 7
1 22 1 1 0 0 631 1 7 7 13
1 23 1 0 0 0 760 3 2 2 7
1 24 1 0 0 0 760 2 14 14 2
1 25 0 0 1 0 760 1 2 2 14
2 1 1 0 0 0 760 3 11 11 2
2 2 1 0 0 0 760 2 4 4 11
2 3 1 1 0 0 522 1 11 11 4
2 4 1 1 0 0 648 1 4 4 11
2 5 1 0 0 0 760 2 6 6 4
2 6 1 0 0 0 760 3 8 8 6
2 7 1 0 0 0 760 2 3 3 8
2 8 1 0 0 0 760 2 7 7 3
2 9 1 0 0 0 760 3 9 9 7
2 10 1 0 0 0 760 2 9 9 9
2 11 1 0 0 0 760 2 8 8 9
2 12 1 0 0 0 760 3 14 14 8
2 13 1 0 0 0 760 2 3 3 14
2 14 1 0 0 0 760 3 8 8 3
2 15 0 0 1 0 760 1 3 3 8
2 16 1 0 0 0 760 3 15 15 3
2 17 1 0 0 0 760 2 2 2 15
2 18 1 0 0 0 760 3 14 14 2
2 19 1 0 0 0 760 3 15 15 14
2 20 1 0 0 0 760 3 12 12 15
2 21 0 0 1 0 760 1 15 15 12
2 22 1 0 0 0 760 3 1 1 15
2 23 1 0 0 0 760 3 3 3 1
2 24 1 0 0 0 760 3 3 3 3
2 25 1 0 0 0 760 3 7 7 3
3 1 1 0 0 0 760 1 10 10 7
3 2 1 0 0 0 760 1 2 2 10
3 3 0 0 1 0 760 1 10 10 2
3 4 0 0 1 0 760 1 2 2 10
3 5 1 0 0 0 760 3 15 15 2
3 6 1 0 0 0 760 3 10 10 15
3 7 1 0 0 0 760 2 3 3 10
3 8 0 0 1 0 760 1 10 10 3
3 9 1 0 0 0 760 3 15 15 10
3 10 1 0 0 0 760 3 14 14 15
3 11 0 0 0 1 367 2 9 9 14
3 12 1 0 0 0 760 3 7 7 9
3 13 1 0 0 0 760 3 11 11 7
3 14 1 1 0 0 478 1 7 7 11
3 15 1 1 0 0 556 1 11 11 7
3 16 1 1 0 0 500 1 7 7 11
3 17 1 0 0 0 760 2 7 7 7
3 18 0 0 0 1 645 3 11 11 7
3 19 1 0 0 0 760 2 1 1 11
3 20 1 0 0 0 760 3 13 13 1
3 21 1 0 0 0 760 2 11 11 13
3 22 1 0 0 0 760 2 7 7 11
3 23 1 1 0 0 485 1 11 11 7
3 24 1 0 0 0 760 3 1 1 11
3 25 1 0 0 0 760 2 9 9 1
