1 1 1 0 0 0 760 3 15 15 0
1 2 1 0 0 0 760 1 1 1 15
1 3 1 0 0 0 760 3 5 5 1
1 4 1 0 0 0 760 2 2 2 5
1 5 1 0 0 0 760 2 7 7 2
1 6 1 0 0 0 760 3 4 4 7
1 7 1 0 0 0 760 2 11 11 4
1 8 1 0 0 0 760 3 10 10 11
1 9 0 0 1 0 553 1 11 11 10
1 10 0 0 1 0 760 1 10 10 11
1 11 1 1 0 0 695 1 11 11 10
1 12 1 1 0 0 760 1 10 10 11
1 13 1 1 0 0 669 1 11 11 10
1 14 1 0 0 0 760 3 15 15 11
1 15 1 1 0 0 510 1 11 11 15
1 16 0 0 1 0 760 1 15 15 11
1 17 1 0 0 0 760 2 3 3 15
1 18 1 0 0 0 760 3 1 1 3
1 19 1 1 0 0 524 1 3 3 1
1 20 1 1 0 0 740 1 1 1 3
1 21 1 0 0 0 760 3 15 15 1
1 22 0 0 0 1 508 3 8 8 15
1 23 1 0 0 0 760 2 5 5 8
1 24 0 0 1 0 760 1 8 8 5
1 25 1 0 0 0 760 3 7 7 8
2 1 1 0 0 0 760 3 2 2 7
2 2 1 0 0 0 760 2 10 10 2
2 3 1 0 0 0 760 3 11 11 10
2 4 1 1 0 0 710 1 10 10 11
2 5 1 0 0 0 760 2 8 8 10
2 6 1 0 0 0 760 3 3 3 8
2 7 1 0 0 0 760 2 5 5 3
2 8 1 0 0 0 760 3 12 12 5
2 9 1 0 0 0 760 2 11 11 12
2 10 1 0 0 0 760 3 5 5 11
2 11 1 0 0 0 760 3 14 14 5
2 12 1 0 0 0 760 2 11 11 14
2 13 0 0 1 0 760 1 14 14 11
2 14 1 0 0 0 760 2 10 10 14
2 15 0 0 1 0 760 1 14 14 10
2 16 1 0 0 0 760 3 2 2 14
2 17 1 0 0 0 760 2 10 10 2
2 18 1 0 0 0 760 2 9 9 10
2 19 1 0 0 0 760 3 13 13 9
2 20 1 0 0 0 760 2 4 4 13
2 21 1 1 0 0 637 1 13 13 4
2 22 0 0 1 0 760 1 4 4 13
2 23 1 0 0 0 760 3 12 12 4
2 24 1 0 0 0 760 3 11 11 12
2 25 1 0 0 0 760 2 1 1 11
3 1 1 0 0 0 760 1 12 12 1
3 2 1 0 0 0 760 3 4 4 12
3 3 1 1 0 0 546 1 12 12 4
3 4 1 0 0 0 760 2 11 11 12
3 5 1 0 0 0 760 2 10 10 11
3 6 1 0 0 0 760 2 12 12 10
3 7 1 0 0 0 760 3 8 8 12
3 8 1 0 0 0 760 2 13 13 8
3 9 1 0 0 0 760 2 15 15 13
3 10 1 0 0 0 760 2 1 1 15
3 11 1 0 0 0 760 2 4 4 1
3 12 1 1 0 0 516 1 1 1 4
3 13 1 0 0 0 760 2 1 1 1
3 14 1 1 0 0 509 1 1 1 1
3 15 1 0 0 0 760 3 7 7 1
3 16 0 0 1 0 760 1 1 1 7
3 17 1 0 0 0 760 3 14 14 1
3 18 1 1 0 0 730 1 1 1 14
3 19 1 0 0 0 760 3 10 10 1
3 20 0 0 1 0 760 1 1 1 10
3 21 1 0 0 0 760 3 5 5 1
3 22 1 0 0 0 760 2 10 10 5
3 23 1 0 0 0 760 3 11 11 10
3 24 1 1 0 0 628 1 10 10 11
3 25 1 1 0 0 745 1 11 11 10
