1 1 1 0 0 0 760 1 14 14 0
1 2 1 0 0 0 760 2 1 1 14
1 3 1 0 0 0 760 2 15 15 1
1 4 1 1 0 0 567 1 1 1 15
1 5 1 0 0 0 760 2 10 10 1
1 6 1 0 0 0 760 2 12 12 10
1 7 1 0 0 0 760 3 1 1 12
1 8 1 0 0 0 760 3 3 3 1
1 9 1 1 0 0 475 1 1 1 3
1 10 1 1 0 0 524 1 3 3 1
1 11 1 0 0 0 760 3 3 3 3
1 12 1 1 0 0 506 1 3 3 3
1 13 1 0 0 0 760 3 6 6 3
1 14 1 1 0 0 520 1 3 3 6
1 15 1 0 0 0 760 3 9 9 3
1 16 1 1 0 0 486 1 3 3 9
1 17 1 0 0 0 760 2 11 11 3
1 18 1 0 0 0 760 2 6 6 11
1 19 1 1 0 0 519 1 11 11 6
1 20 1 1 0 0 552 1 6 6 11
1 21 1 0 0 0 760 2 2 2 6
1 22 1 1 0 0 511 1 6 6 2
1 23 1 0 0 0 760 3 7 7 6
1 24 1 0 0 0 760 2 11 11 7
1 25 1 0 0 0 760 3 1 1 11
2 1 1 0 0 0 760 1 14 14 1
2 2 1 0 0 0 760 3 3 3 14
2 3 1 0 0 0 760 2 7 7 3
2 4 1 0 0 0 760 3 11 11 7
2 5 1 0 0 0 760 2 15 15 11
2 6 1 0 0 0 760 2 9 9 15
2 7 1 1 0 0 499 1 15 15 9
2 8 1 0 0 0 760 2 6 6 15
2 9 1 0 0 0 760 2 12 12 6
2 10 1 0 0 0 760 2 15 15 12
2 11 1 0 0 0 760 3 6 6 15
2 12 0 0 0 1 752 3 6 6 6
2 13 1 0 0 0 760 2 9 9 6
2 14 1 0 0 0 760 3 7 7 9
2 15 1 0 0 0 760 3 13 13 7
2 16 1 0 0 0 760 3 6 6 13
2 17 1 0 0 0 760 2 2 2 6
2 18 1 0 0 0 760 2 10 10 2
2 19 1 0 0 0 760 2 1 1 10
2 20 0 0 1 0 760 1 10 10 1
2 21 1 1 0 0 695 1 1 1 10
2 22 1 0 0 0 760 3 11 11 1
2 23 1 0 0 0 760 2 4 4 11
2 24 1 1 0 0 692 1 11 11 4
2 25 1 1 0 0 502 1 4 4 11
3 1 1 0 0 0 760 3 13 13 4
3 2 1 0 0 0 760 3 8 8 13
3 3 1 0 0 0 760 2 15 15 8
3 4 1 0 0 0 760 3 9 9 15
3 5 1 0 0 0 760 2 2 2 9
3 6 1 0 0 0 760 2 13 13 2
3 7 1 0 0 0 760 2 7 7 13
3 8 1 1 0 0 543 1 13 13 7
3 9 1 0 0 0 760 3 12 12 13
3 10 1 0 0 0 760 3 11 11 12
3 11 1 0 0 0 760 3 7 7 11
3 12 1 0 0 0 760 2 5 5 7
3 13 1 1 0 0 549 1 7 7 5
3 14 1 1 0 0 568 1 5 5 7
3 15 1 1 0 0 634 1 7 7 5
3 16 1 0 0 0 760 2 7 7 7
3 17 1 0 0 0 760 2 11 11 7
3 18 1 1 0 0 706 1 7 7 11
3 19 1 0 0 0 760 2 10 10 7
3 20 1 0 0 0 760 3 11 11 10
3 21 1 0 0 0 760 3 1 1 11
3 22 1 1 0 0 513 1 11 11 1
3 23 1 0 0 0 760 2 10 10 11
3 24 1 0 0 0 760 2 3 3 10
3 25 1 1 0 0 568 1 10 10 3
