1 1 1 0 0 0 760 1 10 10 0
1 2 1 0 0 0 760 2 8 8 10
1 3 1 1 0 0 476 1 10 10 8
1 4 1 0 0 0 760 2 15 15 10
1 5 1 0 0 0 760 2 2 2 15
1 6 1 1 0 0 516 1 15 15 2
1 7 1 0 0 0 760 3 12 12 15
1 8 1 0 0 0 760 2 5 5 12
1 9 1 0 0 0 760 2 15 15 5
1 10 1 0 0 0 760 2 10 10 15
1 11 1 0 0 0 760 3 10 10 10
1 12 1 0 0 0 760 2 11 11 10
1 13 1 0 0 0 760 2 13 13 11
1 14 1 1 0 0 446 1 11 11 13
1 15 1 0 0 0 760 2 11 11 11
1 16 1 1 0 0 474 1 11 11 11
1 17 1 1 0 0 612 1 11 11 11
1 18 1 0 0 0 760 2 6 6 11
1 19 1 1 0 0 462 1 11 11 6
1 20 1 1 0 0 569 1 6 6 11
1 21 1 0 0 0 760 2 15 15 6
1 22 1 0 0 0 760 2 3 3 15
1 23 1 0 0 0 760 3 13 13 3
1 24 1 1 0 0 501 1 3 3 13
1 25 1 0 0 0 760 2 10 10 3
2 1 1 0 0 0 760 2 9 9 10
2 2 1 0 0 0 760 3 13 13 9
2 3 1 1 0 0 755 1 9 9 13
2 4 1 0 0 0 760 2 8 8 9
2 5 1 0 0 0 760 2 11 11 8
2 6 1 1 0 0 444 1 8 8 11
2 7 1 0 0 0 760 3 9 9 8
2 8 1 1 0 0 750 1 8 8 9
2 9 1 0 0 0 760 2 7 7 8
2 10 1 0 0 0 760 3 6 6 7
2 11 1 0 0 0 760 2 15 15 6
2 12 1 1 0 0 475 1 6 6 15
2 13 1 1 0 0 542 1 15 15 6
2 14 1 0 0 0 760 2 13 13 15
2 15 1 1 0 0 474 1 15 15 13
2 16 0 0 0 1 524 3 15 15 15
2 17 1 0 0 0 760 2 9 9 15
2 18 1 0 0 0 760 2 10 10 9
2 19 1 1 0 0 447 1 9 9 10
2 20 1 1 0 0 466 1 10 10 9
2 21 1 1 0 0 450 1 9 9 10
2 22 1 0 0 0 760 2 3 3 9
2 23 1 0 0 0 760 3 4 4 3
2 24 1 0 0 0 760 2 1 1 4
2 25 1 1 0 0 470 1 4 4 1
3 1 1 0 0 0 760 3 15 15 4
3 2 1 0 0 0 760 3 7 7 15
3 3 1 0 0 0 760 3 11 11 7
3 4 1 0 0 0 760 2 6 6 11
3 5 0 0 1 0 760 1 11 11 6
3 6 1 0 0 0 760 2 9 9 11
3 7 1 0 0 0 760 2 2 2 9
3 8 1 0 0 0 760 2 2 2 2
3 9 1 0 0 0 760 2 8 8 2
3 10 1 0 0 0 760 2 10 10 8
3 11 1 0 0 0 760 3 6 6 10
3 12 1 1 0 0 449 1 10 10 6
3 13 1 0 0 0 760 2 15 15 10
3 14 1 0 0 0 760 3 14 14 15
3 15 1 0 0 0 760 2 8 8 14
3 16 1 1 0 0 671 1 14 14 8
3 17 1 0 0 0 760 3 15 15 14
3 18 1 0 0 0 760 3 9 9 15
3 19 1 1 0 0 448 1 15 15 9
3 20 1 0 0 0 760 2 3 3 15
3 21 0 0 1 0 760 1 15 15 3
3 22 1 1 0 0 452 1 3 3 15
3 23 1 1 0 0 570 1 15 15 3
3 24 1 0 0 0 760 3 4 4 15
3 25 1 0 0 0 760 2 11 11 4
