1 1 1 0 0 0 760 2 6 6 0
1 2 1 0 0 0 760 1 11 11 6
1 3 1 0 0 0 760 3 8 8 11
1 4 1 1 0 0 506 1 11 11 8
1 5 0 0 1 0 760 1 8 8 11
1 6 1 0 0 0 760 2 6 6 8
1 7 1 0 0 0 760 3 11 11 6
1 8 1 0 0 0 760 2 7 7 11
1 9 1 0 0 0 760 3 7 7 7
1 10 1 1 0 0 465 1 7 7 7
1 11 1 1 0 0 574 1 7 7 7
1 12 1 0 0 0 760 3 11 11 7
1 13 1 0 0 0 760 3 8 8 11
1 14 1 1 0 0 495 1 11 11 8
1 15 1 1 0 0 495 1 8 8 11
1 16 1 1 0 0 578 1 11 11 8
1 17 1 0 0 0 760 3 14 14 11
1 18 1 0 0 0 760 3 9 9 14
1 19 1 1 0 0 492 1 14 14 9
1 20 1 0 0 0 760 3 6 6 14
1 21 1 1 0 0 443 1 14 14 6
1 22 1 1 0 0 468 1 6 6 14
1 23 1 0 0 0 760 2 8 8 6
1 24 1 0 0 0 760 2 12 12 8
1 25 1 0 0 0 760 3 13 13 12
2 1 1 0 0 0 760 2 9 9 13
2 2 1 0 0 0 760 2 4 4 9
2 3 1 1 0 0 475 1 9 9 4
2 4 1 0 0 0 760 3 8 8 9
2 5 1 0 0 0 760 3 1 1 8
2 6 1 0 0 0 760 2 12 12 1
2 7 1 1 0 0 450 1 1 1 12
2 8 1 0 0 0 760 2 9 9 1
2 9 1 1 0 0 532 1 1 1 9
2 10 1 0 0 0 760 3 12 12 1
2 11 1 1 0 0 505 1 1 1 12
2 12 1 0 0 0 760 2 5 5 1
2 13 1 0 0 0 760 3 9 9 5
2 14 1 0 0 0 760 3 8 8 9
2 15 1 0 0 0 760 2 2 2 8
2 16 0 0 1 0 760 1 8 8 2
2 17 0 0 0 1 636 3 8 8 8
2 18 0 0 1 0 760 1 8 8 8
2 19 1 0 0 0 760 2 10 10 8
2 20 1 0 0 0 760 2 14 14 10
2 21 1 0 0 0 760 2 1 1 14
2 22 1 0 0 0 760 2 15 15 1
2 23 0 0 1 0 760 1 1 1 15
2 24 1 1 0 0 551 1 15 15 1
2 25 1 1 0 0 662 1 1 1 15
3 1 1 0 0 0 760 2 1 1 1
3 2 1 0 0 0 760 1 14 14 1
3 3 1 0 0 0 760 2 2 2 14
3 4 0 0 0 1 542 3 2 2 2
3 5 0 0 1 0 760 1 2 2 2
3 6 1 0 0 0 760 3 8 8 2
3 7 1 0 0 0 760 2 4 4 8
3 8 0 0 1 0 760 1 8 8 4
3 9 1 0 0 0 760 2 11 11 8
3 10 0 0 1 0 760 1 8 8 11
3 11 1 0 0 0 760 2 2 2 8
3 12 1 0 0 0 760 3 15 15 2
3 13 1 1 0 0 600 1 2 2 15
3 14 1 0 0 0 760 2 7 7 2
3 15 1 0 0 0 760 3 8 8 7
3 16 1 1 0 0 475 1 7 7 8
3 17 1 0 0 0 760 3 4 4 7
3 18 1 0 0 0 760 3 1 1 4
3 19 1 0 0 0 760 2 13 13 1
3 20 1 0 0 0 760 3 7 7 13
3 21 0 0 1 0 760 1 13 13 7
3 22 1 1 0 0 588 1 7 7 13
3 23 1 0 0 0 760 3 3 3 7
3 24 1 0 0 0 760 2 12 12 3
3 25 1 0 0 0 760 2 10 10 12
