1 1 1 0 0 0 760 2 8 8 0
1 2 1 0 0 0 760 2 14 14 8
1 3 0 0 1 0 666 1 8 8 14
1 4 0 0 1 0 760 1 14 14 8
1 5 1 0 0 0 760 2 14 14 14
1 6 1 0 0 0 760 2 12 12 14
1 7 1 0 0 0 760 2 9 9 12
1 8 1 0 0 0 760 2 14 14 9
1 9 0 0 1 0 760 1 9 9 14
1 10 1 0 0 0 760 3 1 1 9
1 11 0 0 1 0 760 1 9 9 1
1 12 1 0 0 0 760 2 10 10 9
1 13 1 0 0 0 760 3 12 12 10
1 14 1 0 0 0 760 2 13 13 12
1 15 0 0 1 0 760 1 12 12 13
1 16 1 0 0 0 760 2 6 6 12
1 17 1 0 0 0 760 2 1 1 6
1 18 0 0 1 0 760 1 6 6 1
1 19 0 0 1 0 760 1 1 1 6
1 20 1 0 0 0 760 2 5 5 1
1 21 1 0 0 0 760 3 7 7 5
1 22 1 0 0 0 760 3 13 13 7
1 23 0 0 1 0 760 1 7 7 13
1 24 1 0 0 0 760 3 6 6 7
1 25 1 0 0 0 760 3 8 8 6
2 1 1 0 0 0 760 2 12 12 8
2 2 1 0 0 0 760 3 12 12 12
2 3 1 0 0 0 760 3 4 4 12
2 4 1 0 0 0 760 3 1 1 4
2 5 1 1 0 0 613 1 4 4 1
2 6 1 0 0 0 760 2 14 14 4
2 7 1 0 0 0 760 2 10 10 14
2 8 1 0 0 0 760 2 10 10 10
2 9 0 0 0 1 323 3 4 4 10
2 10 1 0 0 0 760 2 8 8 4
2 11 1 0 0 0 760 2 10 10 8
2 12 1 0 0 0 760 2 5 5 10
2 13 1 0 0 0 760 3 9 9 5
2 14 1 1 0 0 669 1 5 5 9
2 15 1 0 0 0 760 2 10 10 5
2 16 1 0 0 0 760 2 10 10 10
2 17 1 0 0 0 760 3 4 4 10
2 18 1 0 0 0 760 2 6 6 4
2 19 1 0 0 0 760 2 7 7 6
2 20 1 1 0 0 625 1 6 6 7
2 21 1 0 0 0 760 2 5 5 6
2 22 0 0 1 0 760 1 6 6 5
2 23 1 0 0 0 760 3 3 3 6
2 24 1 0 0 0 760 3 13 13 3
2 25 1 0 0 0 760 2 1 1 13
3 1 1 0 0 0 760 1 15 15 1
3 2 1 0 0 0 760 1 11 11 15
3 3 0 0 1 0 760 1 15 15 11
3 4 1 0 0 0 760 2 9 9 15
3 5 0 0 1 0 760 1 15 15 9
3 6 1 0 0 0 760 3 7 7 15
3 7 1 1 0 0 601 1 15 15 7
3 8 0 0 1 0 760 1 7 7 15
3 9 1 0 0 0 760 2 8 8 7
3 10 0 0 1 0 760 1 7 7 8
3 11 1 0 0 0 760 3 14 14 7
3 12 1 0 0 0 760 3 9 9 14
3 13 1 0 0 0 760 3 9 9 9
3 14 1 0 0 0 760 2 3 3 9
3 15 1 0 0 0 760 2 2 2 3
3 16 0 0 1 0 760 1 3 3 2
3 17 1 0 0 0 760 2 5 5 3
3 18 1 0 0 0 760 3 8 8 5
3 19 0 0 1 0 760 1 5 5 8
3 20 1 0 0 0 760 2 12 12 5
3 21 1 1 0 0 639 1 5 5 12
3 22 1 0 0 0 760 2 8 8 5
3 23 1 0 0 0 760 2 7 7 8
3 24 1 1 0 0 566 1 8 8 7
3 25 1 0 0 0 760 3 3 3 8
