1 1 1 0 0 0 760 1 3 3 0
1 2 1 0 0 0 760 2 12 12 3
1 3 1 1 0 0 559 1 3 3 12
1 4 0 0 1 0 760 1 12 12 3
1 5 1 1 0 0 612 1 3 3 12
1 6 1 0 0 0 760 3 11 11 3
1 7 1 0 0 0 760 2 2 2 11
1 8 1 0 0 0 760 3 3 3 2
1 9 1 0 0 0 760 3 5 5 3
1 10 1 0 0 0 760 3 8 8 5
1 11 1 1 0 0 419 1 5 5 8
1 12 1 0 0 0 760 3 9 9 5
1 13 1 0 0 0 760 2 8 8 9
1 14 1 0 0 0 760 3 4 4 8
1 15 1 0 0 0 760 3 1 1 4
1 16 1 0 0 0 760 2 1 1 1
1 17 1 0 0 0 760 3 5 5 1
1 18 1 0 0 0 760 3 3 3 5
1 19 1 1 0 0 450 1 5 5 3
1 20 1 1 0 0 457 1 3 3 5
1 21 1 1 0 0 480 1 5 5 3
1 22 1 1 0 0 455 1 3 3 5
1 23 1 0 0 0 760 3 6 6 3
1 24 1 0 0 0 760 3 4 4 6
1 25 1 0 0 0 760 2 12 12 4
2 1 1 0 0 0 760 1 2 2 12
2 2 1 0 0 0 760 3 2 2 2
2 3 1 0 0 0 760 3 15 15 2
2 4 1 0 0 0 760 2 13 13 15
2 5 1 1 0 0 432 1 15 15 13
2 6 1 0 0 0 760 2 15 15 15
2 7 1 0 0 0 760 2 9 9 15
2 8 1 0 0 0 760 3 7 7 9
2 9 1 0 0 0 760 3 14 14 7
2 10 1 1 0 0 456 1 7 7 14
2 11 1 1 0 0 489 1 14 14 7
2 12 1 0 0 0 760 3 1 1 14
2 13 1 0 0 0 760 3 7 7 1
2 14 1 0 0 0 760 2 14 14 7
2 15 1 1 0 0 427 1 7 7 14
2 16 1 0 0 0 760 2 1 1 7
2 17 1 0 0 0 760 2 4 4 1
2 18 1 0 0 0 760 3 5 5 4
2 19 1 1 0 0 509 1 4 4 5
2 20 1 0 0 0 760 3 7 7 4
2 21 1 0 0 0 760 3 14 14 7
2 22 1 1 0 0 419 1 7 7 14
2 23 1 1 0 0 487 1 14 14 7
2 24 1 0 0 0 760 3 13 13 14
2 25 1 0 0 0 760 3 2 2 13
3 1 1 0 0 0 760 3 11 11 2
3 2 1 0 0 0 760 1 12 12 11
3 3 1 0 0 0 760 2 15 15 12
3 4 0 0 1 0 760 1 12 12 15
3 5 1 0 0 0 760 2 2 2 12
3 6 1 0 0 0 760 3 9 9 2
3 7 1 0 0 0 760 3 8 8 9
3 8 1 1 0 0 482 1 9 9 8
3 9 1 0 0 0 760 3 15 15 9
3 10 1 0 0 0 760 2 7 7 15
3 11 1 0 0 0 760 3 5 5 7
3 12 1 0 0 0 760 2 1 1 5
3 13 1 1 0 0 628 1 5 5 1
3 14 1 0 0 0 760 2 2 2 5
3 15 1 1 0 0 528 1 5 5 2
3 16 1 0 0 0 760 2 9 9 5
3 17 0 0 1 0 760 1 5 5 9
3 18 1 0 0 0 760 2 3 3 5
3 19 1 0 0 0 760 3 10 10 3
3 20 1 0 0 0 760 2 15 15 10
3 21 1 1 0 0 486 1 10 10 15
3 22 1 0 0 0 760 3 4 4 10
3 23 1 0 0 0 760 3 2 2 4
3 24 1 0 0 0 760 2 5 5 2
3 25 1 0 0 0 760 3 3 3 5
