1 1 1 0 0 0 760 3 8 8 0
1 2 1 0 0 0 760 2 13 13 8
1 3 1 0 0 0 760 3 15 15 13
1 4 1 1 0 0 626 1 13 13 15
1 5 1 0 0 0 760 2 3 3 13
1 6 1 0 0 0 760 2 11 11 3
1 7 1 0 0 0 760 3 9 9 11
1 8 1 0 0 0 760 2 10 10 9
1 9 1 1 0 0 536 1 9 9 10
1 10 1 1 0 0 534 1 10 10 9
1 11 1 0 0 0 760 3 10 10 10
1 12 1 0 0 0 760 3 3 3 10
1 13 1 1 0 0 508 1 10 10 3
1 14 1 0 0 0 760 3 13 13 10
1 15 1 1 0 0 541 1 10 10 13
1 16 1 0 0 0 760 3 6 6 10
1 17 1 1 0 0 553 1 10 10 6
1 18 1 0 0 0 760 3 8 8 10
1 19 1 0 0 0 760 3 12 12 8
1 20 1 1 0 0 587 1 8 8 12
1 21 1 1 0 0 532 1 12 12 8
1 22 1 0 0 0 760 3 15 15 12
1 23 1 0 0 0 760 3 2 2 15
1 24 1 0 0 0 760 3 4 4 2
1 25 1 1 0 0 573 1 2 2 4
2 1 1 0 0 0 760 2 7 7 2
2 2 1 0 0 0 760 1 11 11 7
2 3 1 0 0 0 760 2 14 14 11
2 4 1 1 0 0 697 1 11 11 14
2 5 1 0 0 0 760 2 8 8 11
2 6 1 1 0 0 654 1 11 11 8
2 7 1 1 0 0 646 1 8 8 11
2 8 1 0 0 0 760 2 7 7 8
2 9 1 0 0 0 760 3 2 2 7
2 10 1 0 0 0 760 3 9 9 2
2 11 1 1 0 0 586 1 2 2 9
2 12 1 0 0 0 760 3 7 7 2
2 13 1 0 0 0 760 3 3 3 7
2 14 1 1 0 0 750 1 7 7 3
2 15 1 0 0 0 760 2 15 15 7
2 16 0 0 1 0 760 1 7 7 15
2 17 1 0 0 0 760 2 5 5 7
2 18 0 0 1 0 760 1 7 7 5
2 19 1 0 0 0 760 2 9 9 7
2 20 1 0 0 0 760 2 15 15 9
2 21 1 0 0 0 760 3 8 8 15
2 22 1 0 0 0 760 2 6 6 8
2 23 1 0 0 0 760 2 1 1 6
2 24 1 0 0 0 760 2 12 12 1
2 25 1 0 0 0 760 3 8 8 12
3 1 1 0 0 0 760 3 15 15 8
3 2 1 0 0 0 760 2 15 15 15
3 3 1 1 0 0 701 1 15 15 15
3 4 1 0 0 0 760 2 9 9 15
3 5 1 0 0 0 760 2 3 3 9
3 6 1 0 0 0 760 3 7 7 3
3 7 1 0 0 0 760 3 12 12 7
3 8 1 1 0 0 535 1 7 7 12
3 9 1 0 0 0 760 3 13 13 7
3 10 0 0 0 1 698 2 13 13 13
3 11 1 0 0 0 760 3 8 8 13
3 12 1 1 0 0 674 1 13 13 8
3 13 1 0 0 0 760 3 4 4 13
3 14 1 0 0 0 760 2 3 3 4
3 15 1 0 0 0 760 3 2 2 3
3 16 1 1 0 0 565 1 3 3 2
3 17 1 1 0 0 723 1 2 2 3
3 18 0 0 1 0 760 1 3 3 2
3 19 1 0 0 0 760 2 14 14 3
3 20 0 0 0 1 646 2 14 14 14
3 21 0 0 1 0 760 1 14 14 14
3 22 1 0 0 0 760 2 2 2 14
3 23 1 0 0 0 760 3 5 5 2
3 24 0 0 0 1 480 2 5 5 5
3 25 1 0 0 0 760 3 6 6 5
