1 1 1 0 0 0 760 1 1 1 0
1 2 1 0 0 0 760 2 5 5 1
1 3 1 1 0 0 547 1 1 1 5
1 4 1 0 0 0 760 2 11 11 1
1 5 1 0 0 0 760 3 10 10 11
1 6 1 0 0 0 760 2 6 6 10
1 7 0 0 1 0 760 1 10 10 6
1 8 1 1 0 0 723 1 6 6 10
1 9 0 0 0 1 679 2 6 6 6
1 10 1 0 0 0 760 3 15 15 6
1 11 1 0 0 0 760 2 15 15 15
1 12 1 0 0 0 760 3 13 13 15
1 13 1 1 0 0 652 1 15 15 13
1 14 0 0 1 0 695 1 13 13 15
1 15 1 1 0 0 588 1 15 15 13
1 16 0 0 1 0 760 1 13 13 15
1 17 0 0 1 0 760 1 15 15 13
1 18 0 0 1 0 760 1 13 13 15
1 19 0 0 1 0 760 1 15 15 13
1 20 1 0 0 0 760 3 15 15 15
1 21 1 0 0 0 760 3 14 14 15
1 22 1 0 0 0 760 2 2 2 14
1 23 1 0 0 0 760 3 15 15 2
1 24 1 0 0 0 760 3 13 13 15
1 25 0 0 1 0 760 1 15 15 13
2 1 1 0 0 0 760 3 5 5 15
2 2 1 0 0 0 760 1 14 14 5
2 3 0 0 1 0 760 1 5 5 14
2 4 1 0 0 0 760 2 4 4 5
2 5 1 0 0 0 760 3 10 10 4
2 6 1 1 0 0 725 1 4 4 10
2 7 1 1 0 0 558 1 10 10 4
2 8 1 0 0 0 760 2 1 1 10
2 9 1 0 0 0 760 3 9 9 1
2 10 0 0 1 0 760 1 1 1 9
2 11 1 0 0 0 760 3 13 13 1
2 12 0 0 1 0 760 1 1 1 13
2 13 1 1 0 0 640 1 13 13 1
2 14 1 0 0 0 760 3 3 3 13
2 15 0 0 1 0 760 1 13 13 3
2 16 1 0 0 0 760 2 13 13 13
2 17 1 0 0 0 760 3 3 3 13
2 18 1 0 0 0 760 2 10 10 3
2 19 0 0 1 0 760 1 3 3 10
2 20 0 0 1 0 760 1 10 10 3
2 21 1 1 0 0 706 1 3 3 10
2 22 1 0 0 0 760 3 2 2 3
2 23 1 0 0 0 760 2 1 1 2
2 24 1 1 0 0 672 1 2 2 1
2 25 1 0 0 0 760 3 6 6 2
3 1 1 0 0 0 760 1 6 6 6
3 2 1 0 0 0 760 2 1 1 6
3 3 1 0 0 0 760 2 4 4 1
3 4 1 1 0 0 604 1 1 1 4
3 5 1 0 0 0 760 2 14 14 1
3 6 1 0 0 0 760 2 8 8 14
3 7 1 1 0 0 554 1 14 14 8
3 8 1 0 0 0 760 2 11 11 14
3 9 0 0 1 0 760 1 14 14 11
3 10 1 0 0 0 760 3 9 9 14
3 11 1 0 0 0 760 2 10 10 9
3 12 1 0 0 0 760 3 8 8 10
3 13 1 0 0 0 760 3 3 3 8
3 14 0 0 1 0 760 1 8 8 3
3 15 1 0 0 0 760 3 4 4 8
3 16 1 0 0 0 760 2 4 4 4
3 17 1 0 0 0 760 3 1 1 4
3 18 1 0 0 0 760 3 5 5 1
3 19 1 0 0 0 760 2 12 12 5
3 20 1 1 0 0 616 1 5 5 12
3 21 1 0 0 0 760 2 2 2 5
3 22 1 1 0 0 709 1 5 5 2
3 23 1 1 0 0 741 1 2 2 5
3 24 1 0 0 0 760 2 10 10 2
3 25 1 0 0 0 760 3 9 9 10
