1 1 1 0 0 0 214 3 4 4 0
1 2 1 0 0 0 760 1 2 2 4
1 3 1 1 0 0 539 1 4 4 2
1 4 1 0 0 0 760 3 5 5 4
1 5 1 0 0 0 760 3 1 1 5
1 6 1 0 0 0 760 2 3 3 1
1 7 1 0 0 0 760 3 5 5 3
1 8 1 1 0 0 680 1 3 3 5
1 9 1 0 0 0 760 3 2 2 3
1 10 1 0 0 0 760 3 2 2 2
1 11 1 0 0 0 760 2 12 12 2
1 12 1 0 0 0 760 3 1 1 12
1 13 1 0 0 0 760 3 9 9 1
1 14 1 0 0 0 760 2 15 15 9
1 15 1 0 0 0 760 2 8 8 15
1 16 1 0 0 0 760 2 13 13 8
1 17 1 0 0 0 760 2 15 15 13
1 18 1 0 0 0 760 3 7 7 15
1 19 0 0 1 0 760 1 15 15 7
1 20 1 0 0 0 760 3 4 4 15
1 21 1 0 0 0 760 2 3 3 4
1 22 1 1 0 0 574 1 4 4 3
1 23 1 0 0 0 760 3 13 13 4
1 24 1 0 0 0 760 3 2 2 13
1 25 1 0 0 0 760 2 11 11 2
2 1 0 0 0 1 228 3 3 3 11
2 2 1 0 0 0 760 1 14 14 3
2 3 1 0 0 0 760 2 13 13 14
2 4 1 1 0 0 586 1 14 14 13
2 5 1 0 0 0 760 2 3 3 14
2 6 1 0 0 0 760 2 5 5 3
2 7 1 0 0 0 760 3 1 1 5
2 8 1 0 0 0 760 2 13 13 1
2 9 1 0 0 0 760 2 9 9 13
2 10 1 0 0 0 760 2 4 4 9
2 11 1 1 0 0 547 1 9 9 4
2 12 1 0 0 0 760 3 11 11 9
2 13 1 1 0 0 524 1 9 9 11
2 14 1 1 0 0 558 1 11 11 9
2 15 1 0 0 0 760 2 13 13 11
2 16 1 0 0 0 760 2 5 5 13
2 17 1 0 0 0 760 2 6 6 5
2 18 1 0 0 0 760 2 3 3 6
2 19 1 1 0 0 563 1 6 6 3
2 20 1 1 0 0 548 1 3 3 6
2 21 1 0 0 0 760 2 11 11 3
2 22 1 0 0 0 760 3 9 9 11
2 23 1 0 0 0 760 3 5 5 9
2 24 1 0 0 0 760 3 10 10 5
2 25 1 0 0 0 760 3 15 15 10
3 1 1 0 0 0 760 1 6 6 15
3 2 1 0 0 0 760 2 12 12 6
3 3 1 0 0 0 760 3 5 5 12
3 4 1 1 0 0 573 1 12 12 5
3 5 1 1 0 0 689 1 5 5 12
3 6 1 0 0 0 760 3 1 1 5
3 7 1 0 0 0 760 3 11 11 1
3 8 1 1 0 0 555 1 1 1 11
3 9 1 1 0 0 540 1 11 11 1
3 10 1 0 0 0 760 3 8 8 11
3 11 1 0 0 0 760 3 2 2 8
3 12 1 1 0 0 550 1 8 8 2
3 13 1 0 0 0 760 3 5 5 8
3 14 1 1 0 0 691 1 8 8 5
3 15 1 0 0 0 760 3 14 14 8
3 16 1 1 0 0 542 1 8 8 14
3 17 0 0 0 1 568 3 2 2 8
3 18 1 1 0 0 732 1 8 8 2
3 19 1 0 0 0 760 2 10 10 8
3 20 1 0 0 0 760 3 14 14 10
3 21 0 0 0 1 680 3 8 8 14
3 22 1 0 0 0 760 2 2 2 8
3 23 1 0 0 0 760 2 3 3 2
3 24 1 0 0 0 760 3 13 13 3
3 25 1 0 0 0 760 3 1 1 13
