1 1 1 0 0 0 760 1 1 1 0
1 2 1 0 0 0 760 1 4 4 1
1 3 1 1 0 0 729 1 1 1 4
1 4 1 1 0 0 660 1 4 4 1
1 5 1 0 0 0 760 2 2 2 4
1 6 1 0 0 0 760 3 5 5 2
1 7 1 0 0 0 760 3 7 7 5
1 8 1 0 0 0 760 3 14 14 7
1 9 0 0 1 0 760 1 7 7 14
1 10 0 0 1 0 760 1 14 14 7
1 11 0 0 0 1 642 2 12 12 14
1 12 0 0 1 0 566 1 14 14 12
1 13 0 0 1 0 589 1 12 12 14
1 14 1 0 0 0 572 3 8 8 12
1 15 1 0 0 0 760 2 5 5 8
1 16 1 0 0 0 760 2 5 5 5
1 17 1 0 0 0 760 3 10 10 5
1 18 1 0 0 0 760 3 3 3 10
1 19 1 0 0 0 760 2 7 7 3
1 20 0 0 1 0 760 1 3 3 7
1 21 1 1 0 0 529 1 7 7 3
1 22 1 1 0 0 562 1 3 3 7
1 23 1 0 0 0 760 3 13 13 3
1 24 1 1 0 0 599 1 3 3 13
1 25 1 0 0 0 760 3 12 12 3
2 1 1 0 0 0 760 1 1 1 12
2 2 1 0 0 0 760 2 11 11 1
2 3 1 0 0 0 760 2 11 11 11
2 4 1 0 0 0 760 2 8 8 11
2 5 1 1 0 0 510 1 11 11 8
2 6 1 1 0 0 520 1 8 8 11
2 7 1 0 0 0 760 2 2 2 8
2 8 1 0 0 0 760 2 10 10 2
2 9 1 1 0 0 516 1 2 2 10
2 10 1 0 0 0 760 3 9 9 2
2 11 0 0 1 0 760 1 2 2 9
2 12 0 0 1 0 760 1 9 9 2
2 13 1 0 0 0 760 2 7 7 9
2 14 1 1 0 0 532 1 9 9 7
2 15 1 1 0 0 631 1 7 7 9
2 16 1 1 0 0 648 1 9 9 7
2 17 1 0 0 0 760 2 12 12 9
2 18 1 1 0 0 520 1 9 9 12
2 19 1 0 0 0 760 3 11 11 9
2 20 0 0 1 0 760 1 9 9 11
2 21 1 0 0 0 760 2 15 15 9
2 22 1 0 0 0 760 2 15 15 15
2 23 1 0 0 0 760 2 7 7 15
2 24 0 0 0 1 685 3 7 7 7
2 25 0 0 0 1 621 3 15 15 7
3 1 1 0 0 0 760 1 4 4 15
3 2 1 0 0 0 760 1 8 8 4
3 3 0 0 1 0 760 1 4 4 8
3 4 1 0 0 0 760 3 13 13 4
3 5 1 0 0 0 760 2 7 7 13
3 6 1 0 0 0 760 3 11 11 7
3 7 1 0 0 0 760 2 6 6 11
3 8 0 0 1 0 760 1 11 11 6
3 9 1 0 0 0 760 2 2 2 11
3 10 1 0 0 0 760 3 6 6 2
3 11 1 1 0 0 739 1 2 2 6
3 12 1 0 0 0 760 2 14 14 2
3 13 1 0 0 0 760 2 5 5 14
3 14 1 0 0 0 760 3 6 6 5
3 15 1 0 0 0 760 3 9 9 6
3 16 1 1 0 0 712 1 6 6 9
3 17 0 0 1 0 760 1 9 9 6
3 18 1 0 0 0 760 2 12 12 9
3 19 1 0 0 0 760 3 8 8 12
3 20 1 0 0 0 760 3 8 8 8
3 21 1 0 0 0 760 3 1 1 8
3 22 0 0 1 0 760 1 8 8 1
3 23 0 0 0 1 356 3 3 3 8
3 24 0 0 1 0 760 1 8 8 3
3 25 1 0 0 0 760 3 13 13 8
