1 1 1 0 0 0 760 1 3 3 0
1 2 1 0 0 0 760 3 9 9 3
1 3 0 0 0 1 547 2 11 11 9
1 4 0 0 1 0 760 1 9 9 11
1 5 1 0 0 0 760 2 9 9 9
1 6 1 0 0 0 760 3 2 2 9
1 7 1 0 0 0 760 2 11 11 2
1 8 1 0 0 0 760 3 7 7 11
1 9 1 0 0 0 760 2 1 1 7
1 10 1 0 0 0 760 2 5 5 1
1 11 1 0 0 0 760 2 2 2 5
1 12 1 0 0 0 760 3 3 3 2
1 13 0 0 1 0 760 1 2 2 3
1 14 1 0 0 0 760 3 14 14 2
1 15 1 0 0 0 760 3 3 3 14
1 16 1 0 0 0 760 3 2 2 3
1 17 1 0 0 0 760 2 14 14 2
1 18 1 0 0 0 760 2 5 5 14
1 19 1 0 0 0 760 2 4 4 5
1 20 1 0 0 0 760 2 11 11 4
1 21 1 0 0 0 760 2 2 2 11
1 22 1 0 0 0 760 2 7 7 2
1 23 1 0 0 0 760 3 7 7 7
1 24 1 1 0 0 700 1 7 7 7
1 25 0 0 1 0 760 1 7 7 7
2 1 1 0 0 0 760 2 11 11 7
2 2 1 0 0 0 760 1 13 13 11
2 3 1 1 0 0 570 1 11 11 13
2 4 1 0 0 0 760 2 9 9 11
2 5 1 0 0 0 760 3 8 8 9
2 6 0 0 1 0 760 1 9 9 8
2 7 1 0 0 0 760 2 9 9 9
2 8 1 0 0 0 760 3 15 15 9
2 9 1 1 0 0 548 1 9 9 15
2 10 1 0 0 0 760 3 2 2 9
2 11 1 0 0 0 760 3 8 8 2
2 12 1 0 0 0 760 2 13 13 8
2 13 1 0 0 0 760 2 1 1 13
2 14 0 0 1 0 760 1 13 13 1
2 15 1 1 0 0 594 1 1 1 13
2 16 0 0 1 0 760 1 13 13 1
2 17 1 0 0 0 760 2 4 4 13
2 18 1 1 0 0 593 1 13 13 4
2 19 1 0 0 0 760 3 6 6 13
2 20 1 1 0 0 545 1 13 13 6
2 21 1 0 0 0 760 2 8 8 13
2 22 1 0 0 0 760 2 15 15 8
2 23 1 0 0 0 760 3 3 3 15
2 24 1 0 0 0 760 2 11 11 3
2 25 1 0 0 0 760 3 7 7 11
3 1 1 0 0 0 760 3 14 14 7
3 2 1 0 0 0 760 3 1 1 14
3 3 1 1 0 0 534 1 14 14 1
3 4 1 0 0 0 760 2 10 10 14
3 5 1 0 0 0 760 2 15 15 10
3 6 1 1 0 0 616 1 10 10 15
3 7 1 1 0 0 514 1 15 15 10
3 8 1 0 0 0 760 3 6 6 15
3 9 1 1 0 0 538 1 15 15 6
3 10 1 1 0 0 579 1 6 6 15
3 11 1 1 0 0 521 1 15 15 6
3 12 1 0 0 0 760 2 14 14 15
3 13 1 0 0 0 760 2 8 8 14
3 14 1 0 0 0 760 2 10 10 8
3 15 1 0 0 0 760 3 1 1 10
3 16 1 0 0 0 760 2 9 9 1
3 17 1 1 0 0 558 1 1 1 9
3 18 1 0 0 0 760 2 8 8 1
3 19 1 0 0 0 760 3 11 11 8
3 20 1 1 0 0 559 1 8 8 11
3 21 1 0 0 0 760 2 5 5 8
3 22 1 1 0 0 549 1 8 8 5
3 23 1 0 0 0 760 2 3 3 8
3 24 1 1 0 0 682 1 8 8 3
3 25 1 0 0 0 760 2 15 15 8
