1 1 1 0 0 0 415 3 1 1 0
1 2 1 0 0 0 760 2 10 10 1
1 3 1 0 0 0 760 3 10 10 10
1 4 1 1 0 0 699 1 10 10 10
1 5 0 0 1 0 760 1 10 10 10
1 6 1 1 0 0 673 1 10 10 10
1 7 0 0 1 0 760 1 10 10 10
1 8 1 0 0 0 760 2 8 8 10
1 9 1 1 0 0 712 1 10 10 8
1 10 1 0 0 0 760 3 11 11 10
1 11 1 0 0 0 760 2 4 4 11
1 12 0 0 1 0 760 1 11 11 4
1 13 0 0 1 0 760 1 4 4 11
1 14 1 0 0 0 760 3 9 9 4
1 15 0 0 1 0 760 1 4 4 9
1 16 1 0 0 0 760 2 5 5 4
1 17 1 0 0 0 760 2 9 9 5
1 18 0 0 1 0 760 1 5 5 9
1 19 1 0 0 0 760 3 14 14 5
1 20 0 0 1 0 577 1 5 5 14
1 21 1 0 0 0 760 2 10 10 5
1 22 1 0 0 0 760 3 12 12 10
1 23 1 0 0 0 760 3 11 11 12
1 24 1 0 0 0 760 3 2 2 11
1 25 1 0 0 0 760 2 7 7 2
2 1 1 0 0 0 760 3 7 7 7
2 2 1 0 0 0 760 3 13 13 7
2 3 1 0 0 0 760 2 1 1 13
2 4 1 0 0 0 760 2 9 9 1
2 5 1 1 0 0 598 1 1 1 9
2 6 1 0 0 0 760 3 4 4 1
2 7 0 0 1 0 760 1 1 1 4
2 8 0 0 1 0 760 1 4 4 1
2 9 1 1 0 0 748 1 1 1 4
2 10 1 0 0 0 760 2 7 7 1
2 11 1 0 0 0 760 3 15 15 7
2 12 0 0 1 0 760 1 7 7 15
2 13 1 0 0 0 760 2 1 1 7
2 14 1 0 0 0 760 3 11 11 1
2 15 1 0 0 0 760 2 8 8 11
2 16 1 0 0 0 760 2 10 10 8
2 17 0 0 1 0 760 1 8 8 10
2 18 1 0 0 0 760 2 12 12 8
2 19 1 0 0 0 760 2 11 11 12
2 20 1 1 0 0 616 1 12 12 11
2 21 1 0 0 0 760 3 8 8 12
2 22 1 1 0 0 660 1 12 12 8
2 23 0 0 1 0 760 1 8 8 12
2 24 1 0 0 0 760 2 11 11 8
2 25 1 0 0 0 760 3 9 9 11
3 1 1 0 0 0 760 3 4 4 9
3 2 1 0 0 0 760 1 13 13 4
3 3 1 0 0 0 760 2 11 11 13
3 4 1 0 0 0 760 3 8 8 11
3 5 1 0 0 0 760 2 5 5 8
3 6 1 1 0 0 591 1 8 8 5
3 7 1 0 0 0 760 2 4 4 8
3 8 0 0 1 0 760 1 8 8 4
3 9 1 0 0 0 760 3 2 2 8
3 10 1 0 0 0 760 2 10 10 2
3 11 0 0 1 0 760 1 2 2 10
3 12 0 0 1 0 760 1 10 10 2
3 13 1 1 0 0 630 1 2 2 10
3 14 1 1 0 0 582 1 10 10 2
3 15 1 0 0 0 760 3 7 7 10
3 16 1 0 0 0 760 3 8 8 7
3 17 0 0 0 1 755 2 8 8 8
3 18 1 0 0 0 760 3 6 6 8
3 19 1 0 0 0 760 3 15 15 6
3 20 1 0 0 0 760 3 10 10 15
3 21 1 0 0 0 760 3 9 9 10
3 22 0 0 1 0 760 1 10 10 9
3 23 0 0 1 0 760 1 9 9 10
3 24 1 1 0 0 722 1 10 10 9
3 25 1 0 0 0 760 3 13 13 10
