1 1 1 0 0 0 760 2 13 13 0
1 2 1 0 0 0 760 2 1 1 13
1 3 1 0 0 0 760 3 7 7 1
1 4 1 0 0 0 760 3 8 8 7
1 5 1 0 0 0 760 2 3 3 8
1 6 1 0 0 0 760 2 13 13 3
1 7 1 0 0 0 760 2 15 15 13
1 8 1 1 0 0 696 1 13 13 15
1 9 1 0 0 0 760 3 14 14 13
1 10 0 0 1 0 760 1 13 13 14
1 11 1 1 0 0 477 1 14 14 13
1 12 1 0 0 0 760 2 9 9 14
1 13 1 0 0 0 760 2 1 1 9
1 14 0 0 0 1 402 2 1 1 1
1 15 0 0 0 1 702 3 8 8 1
1 16 0 0 0 1 586 2 12 12 8
1 17 0 0 0 1 700 2 13 13 12
1 18 1 1 0 0 676 1 12 12 13
1 19 0 0 0 1 466 3 2 2 12
1 20 0 0 0 1 591 2 14 14 2
1 21 0 0 1 0 461 1 2 2 14
1 22 1 0 0 0 760 2 10 10 2
1 23 1 0 0 0 409 3 8 8 10
1 24 0 0 0 1 532 3 9 9 8
1 25 1 0 0 0 760 3 14 14 9
2 1 1 0 0 0 760 2 6 6 14
2 2 1 0 0 0 760 1 8 8 6
2 3 0 0 1 0 760 1 6 6 8
2 4 1 0 0 0 760 2 7 7 6
2 5 1 0 0 0 760 2 13 13 7
2 6 1 0 0 0 760 2 6 6 13
2 7 0 0 1 0 760 1 13 13 6
2 8 1 0 0 0 760 3 11 11 13
2 9 1 1 0 0 622 1 13 13 11
2 10 1 1 0 0 579 1 11 11 13
2 11 1 1 0 0 679 1 13 13 11
2 12 1 0 0 0 760 2 14 14 13
2 13 0 0 1 0 760 1 13 13 14
2 14 1 1 0 0 677 1 14 14 13
2 15 1 1 0 0 613 1 13 13 14
2 16 1 0 0 0 760 3 12 12 13
2 17 1 0 0 0 760 2 4 4 12
2 18 0 0 1 0 760 1 12 12 4
2 19 1 1 0 0 483 1 4 4 12
2 20 1 0 0 0 760 2 6 6 4
2 21 0 0 0 1 609 3 12 12 6
2 22 1 0 0 0 760 3 10 10 12
2 23 1 0 0 0 760 2 15 15 10
2 24 1 0 0 0 760 3 4 4 15
2 25 1 0 0 0 760 3 4 4 4
3 1 1 0 0 0 760 1 6 6 4
3 2 1 0 0 0 760 2 10 10 6
3 3 1 1 0 0 687 1 6 6 10
3 4 0 0 1 0 760 1 10 10 6
3 5 1 1 0 0 627 1 6 6 10
3 6 1 1 0 0 484 1 10 10 6
3 7 1 0 0 0 760 2 15 15 10
3 8 1 0 0 0 760 2 7 7 15
3 9 0 0 1 0 760 1 15 15 7
3 10 0 0 0 1 536 2 10 10 15
3 11 1 0 0 0 760 3 4 4 10
3 12 1 0 0 0 760 2 6 6 4
3 13 1 0 0 0 760 2 3 3 6
3 14 1 0 0 0 760 3 15 15 3
3 15 1 0 0 0 760 2 14 14 15
3 16 0 0 1 0 760 1 15 15 14
3 17 1 0 0 0 760 3 5 5 15
3 18 1 1 0 0 475 1 15 15 5
3 19 1 0 0 0 760 2 7 7 15
3 20 1 0 0 0 760 3 2 2 7
3 21 1 0 0 0 760 3 8 8 2
3 22 1 0 0 0 760 2 6 6 8
3 23 1 0 0 0 760 2 10 10 6
3 24 1 0 0 0 760 2 12 12 10
3 25 1 0 0 0 760 3 4 4 12
