1 1 1 0 0 0 391 3 3 3 0
1 2 1 0 0 0 760 2 7 7 3
1 3 0 0 1 0 760 1 3 3 7
1 4 1 0 0 0 760 2 3 3 3
1 5 0 0 1 0 760 1 3 3 3
1 6 1 1 0 0 666 1 3 3 3
1 7 0 0 1 0 760 1 3 3 3
1 8 0 0 1 0 739 1 3 3 3
1 9 1 0 0 0 760 3 6 6 3
1 10 0 0 1 0 572 1 3 3 6
1 11 1 0 0 0 760 3 8 8 3
1 12 0 0 1 0 563 1 3 3 8
1 13 0 0 1 0 760 1 8 8 3
1 14 1 0 0 0 760 3 12 12 8
1 15 1 0 0 0 760 3 14 14 12
1 16 1 0 0 0 760 2 11 11 14
1 17 1 0 0 0 760 2 11 11 11
1 18 1 0 0 0 760 2 12 12 11
1 19 1 0 0 0 760 3 9 9 12
1 20 1 1 0 0 734 1 12 12 9
1 21 0 0 1 0 760 1 9 9 12
1 22 1 0 0 0 760 3 5 5 9
1 23 1 0 0 0 760 3 6 6 5
1 24 1 1 0 0 626 1 5 5 6
1 25 1 0 0 0 760 3 9 9 5
2 1 1 0 0 0 760 1 6 6 9
2 2 1 0 0 0 760 2 10 10 6
2 3 1 0 0 0 760 2 15 15 10
2 4 1 0 0 0 760 3 2 2 15
2 5 0 0 1 0 760 1 15 15 2
2 6 1 1 0 0 515 1 2 2 15
2 7 1 0 0 0 760 2 13 13 2
2 8 1 0 0 0 760 2 4 4 13
2 9 1 0 0 0 760 3 4 4 4
2 10 1 0 0 0 760 3 14 14 4
2 11 1 0 0 0 760 3 13 13 14
2 12 1 0 0 0 760 3 1 1 13
2 13 0 0 1 0 760 1 13 13 1
2 14 0 0 1 0 760 1 1 1 13
2 15 1 0 0 0 760 2 14 14 1
2 16 1 1 0 0 708 1 1 1 14
2 17 1 0 0 0 760 3 13 13 1
2 18 1 0 0 0 760 3 12 12 13
2 19 1 0 0 0 760 3 5 5 12
2 20 1 0 0 0 760 2 4 4 5
2 21 1 1 0 0 572 1 5 5 4
2 22 1 1 0 0 622 1 4 4 5
2 23 1 0 0 0 760 3 11 11 4
2 24 1 0 0 0 760 3 11 11 11
2 25 1 0 0 0 760 2 1 1 11
3 1 1 0 0 0 760 2 3 3 1
3 2 1 0 0 0 760 2 5 5 3
3 3 1 1 0 0 550 1 3 3 5
3 4 1 0 0 0 760 3 13 13 3
3 5 0 0 0 1 665 2 5 5 13
3 6 1 0 0 0 760 3 14 14 5
3 7 1 0 0 0 760 2 15 15 14
3 8 1 0 0 0 760 2 7 7 15
3 9 1 0 0 0 760 3 3 3 7
3 10 1 0 0 0 760 2 1 1 3
3 11 1 0 0 0 760 3 10 10 1
3 12 1 0 0 0 760 3 14 14 10
3 13 0 0 0 1 654 3 14 14 14
3 14 1 0 0 0 760 3 6 6 14
3 15 1 0 0 0 760 3 2 2 6
3 16 1 0 0 0 760 2 1 1 2
3 17 1 0 0 0 760 2 15 15 1
3 18 1 0 0 0 760 2 5 5 15
3 19 1 1 0 0 743 1 15 15 5
3 20 1 0 0 0 760 3 8 8 15
3 21 1 0 0 0 760 2 13 13 8
3 22 1 0 0 0 760 3 12 12 13
3 23 1 0 0 0 760 3 15 15 12
3 24 1 1 0 0 701 1 12 12 15
3 25 1 0 0 0 760 2 1 1 12
