1 1 1 0 0 0 416 1 1 1 0
1 2 1 0 0 0 760 3 8 8 1
1 3 1 0 0 0 760 2 8 8 8
1 4 1 0 0 0 760 3 1 1 8
1 5 1 0 0 0 760 3 7 7 1
1 6 1 0 0 0 760 2 14 14 7
1 7 1 0 0 0 760 2 8 8 14
1 8 1 0 0 0 760 2 10 10 8
1 9 0 0 1 0 760 1 8 8 10
1 10 0 0 1 0 616 1 10 10 8
1 11 1 1 0 0 724 1 8 8 10
1 12 1 0 0 0 760 2 11 11 8
1 13 1 0 0 0 760 3 4 4 11
1 14 0 0 1 0 760 1 11 11 4
1 15 1 0 0 0 760 2 10 10 11
1 16 1 1 0 0 637 1 11 11 10
1 17 1 0 0 0 12 2 11 11 11
1 18 1 0 0 0 760 2 15 15 11
1 19 1 0 0 0 760 3 15 15 15
1 20 1 0 0 0 600 3 11 11 15
1 21 1 0 0 0 760 3 11 11 11
1 22 0 0 1 0 713 1 11 11 11
1 23 1 0 0 0 760 2 5 5 11
1 24 0 0 1 0 760 1 11 11 5
1 25 1 0 0 0 760 2 2 2 11
2 1 0 0 0 1 631 3 7 7 2
2 2 1 0 0 0 760 2 5 5 7
2 3 1 0 0 0 760 2 5 5 5
2 4 1 0 0 0 760 2 7 7 5
2 5 1 0 0 0 760 2 13 13 7
2 6 1 0 0 0 760 2 11 11 13
2 7 1 0 0 0 760 2 7 7 11
2 8 1 0 0 0 760 3 8 8 7
2 9 1 0 0 0 760 2 9 9 8
2 10 0 0 1 0 760 1 8 8 9
2 11 0 0 1 0 760 1 9 9 8
2 12 0 0 1 0 760 1 8 8 9
2 13 0 0 1 0 760 1 9 9 8
2 14 1 1 0 0 746 1 8 8 9
2 15 1 0 0 0 760 2 8 8 8
2 16 1 0 0 0 760 2 14 14 8
2 17 0 0 1 0 760 1 8 8 14
2 18 1 0 0 0 760 2 7 7 8
2 19 0 0 1 0 760 1 8 8 7
2 20 1 0 0 0 760 2 13 13 8
2 21 0 0 1 0 760 1 8 8 13
2 22 1 0 0 0 760 3 15 15 8
2 23 1 0 0 0 760 3 11 11 15
2 24 1 1 0 0 594 1 15 15 11
2 25 1 0 0 0 760 2 13 13 15
3 1 1 0 0 0 760 3 11 11 13
3 2 1 0 0 0 760 3 2 2 11
3 3 0 0 1 0 760 1 11 11 2
3 4 0 0 1 0 760 1 2 2 11
3 5 1 0 0 0 760 2 4 4 2
3 6 1 1 0 0 532 1 2 2 4
3 7 1 0 0 0 760 2 2 2 2
3 8 1 0 0 0 760 2 13 13 2
3 9 1 0 0 0 760 2 9 9 13
3 10 0 0 1 0 760 1 13 13 9
3 11 1 0 0 0 760 3 6 6 13
3 12 1 1 0 0 406 1 13 13 6
3 13 0 0 1 0 760 1 6 6 13
3 14 1 0 0 0 760 2 5 5 6
3 15 1 0 0 0 760 3 3 3 5
3 16 0 0 1 0 760 1 5 5 3
3 17 0 0 1 0 760 1 3 3 5
3 18 0 0 1 0 760 1 5 5 3
3 19 1 0 0 0 760 2 9 9 5
3 20 1 0 0 0 760 2 11 11 9
3 21 0 0 1 0 760 1 9 9 11
3 22 0 0 1 0 760 1 11 11 9
3 23 1 0 0 0 760 2 3 3 11
3 24 0 0 1 0 760 1 11 11 3
3 25 1 0 0 0 760 2 6 6 11
