1 1 1 0 0 0 760 1 13 13 0
1 2 1 0 0 0 760 1 11 11 13
1 3 1 0 0 0 760 3 5 5 11
1 4 1 0 0 0 760 3 1 1 5
1 5 0 0 1 0 664 1 5 5 1
1 6 1 0 0 0 760 3 15 15 5
1 7 1 0 0 0 760 3 14 14 15
1 8 0 0 1 0 713 1 15 15 14
1 9 1 1 0 0 654 1 14 14 15
1 10 0 0 1 0 760 1 15 15 14
1 11 1 1 0 0 612 1 14 14 15
1 12 0 0 1 0 655 1 15 15 14
1 13 0 0 0 1 613 3 9 9 15
1 14 1 0 0 0 760 2 5 5 9
1 15 0 0 1 0 760 1 9 9 5
1 16 1 0 0 0 760 3 3 3 9
1 17 1 0 0 0 687 2 14 14 3
1 18 1 0 0 0 760 2 4 4 14
1 19 1 1 0 0 724 1 14 14 4
1 20 0 0 0 1 639 3 7 7 14
1 21 1 0 0 0 760 2 9 9 7
1 22 1 0 0 0 760 2 3 3 9
1 23 1 0 0 0 756 3 3 3 3
1 24 1 0 0 0 760 2 13 13 3
1 25 1 0 0 0 760 3 10 10 13
2 1 0 0 0 1 571 2 6 6 10
2 2 1 0 0 0 760 3 7 7 6
2 3 0 0 1 0 760 1 6 6 7
2 4 1 0 0 0 760 2 8 8 6
2 5 1 0 0 0 760 2 11 11 8
2 6 1 0 0 0 760 3 6 6 11
2 7 1 1 0 0 648 1 11 11 6
2 8 0 0 0 1 388 3 9 9 11
2 9 0 0 0 1 481 2 6 6 9
2 10 0 0 0 1 421 2 8 8 6
2 11 1 1 0 0 654 1 6 6 8
2 12 0 0 0 1 444 2 15 15 6
2 13 1 1 0 0 577 1 6 6 15
2 14 1 0 0 0 760 3 5 5 6
2 15 0 0 1 0 760 1 6 6 5
2 16 1 0 0 0 760 2 1 1 6
2 17 1 0 0 0 760 3 4 4 1
2 18 1 0 0 0 760 2 12 12 4
2 19 1 0 0 0 760 2 6 6 12
2 20 1 1 0 0 687 1 12 12 6
2 21 0 0 1 0 760 1 6 6 12
2 22 1 0 0 0 760 3 2 2 6
2 23 1 0 0 0 760 3 1 1 2
2 24 1 0 0 0 760 3 12 12 1
2 25 1 1 0 0 596 1 1 1 12
3 1 1 0 0 0 760 3 14 14 1
3 2 1 0 0 0 760 3 10 10 14
3 3 1 0 0 0 760 3 3 3 10
3 4 1 0 0 0 760 2 3 3 3
3 5 1 0 0 0 760 3 5 5 3
3 6 1 0 0 0 760 2 8 8 5
3 7 1 0 0 0 760 2 13 13 8
3 8 1 0 0 0 760 3 15 15 13
3 9 0 0 1 0 760 1 13 13 15
3 10 0 0 1 0 760 1 15 15 13
3 11 0 0 1 0 760 1 13 13 15
3 12 1 1 0 0 570 1 15 15 13
3 13 1 0 0 0 760 3 2 2 15
3 14 1 0 0 0 760 2 1 1 2
3 15 0 0 1 0 760 1 2 2 1
3 16 1 0 0 0 760 3 3 3 2
3 17 0 0 0 1 541 2 1 1 3
3 18 0 0 0 1 535 3 1 1 1
3 19 1 1 0 0 583 1 1 1 1
3 20 1 1 0 0 473 1 1 1 1
3 21 1 0 0 0 760 2 14 14 1
3 22 1 1 0 0 457 1 1 1 14
3 23 0 0 0 1 483 3 9 9 1
3 24 0 0 0 1 548 2 10 10 9
3 25 1 1 0 0 447 1 9 9 10
