1 1 1 0 0 0 760 1 6 6 0
1 2 1 0 0 0 760 1 1 1 6
1 3 1 0 0 0 760 3 12 12 1
1 4 1 0 0 0 760 2 15 15 12
1 5 1 0 0 0 760 2 2 2 15
1 6 1 0 0 0 760 3 12 12 2
1 7 1 0 0 0 760 2 14 14 12
1 8 1 0 0 0 760 3 11 11 14
1 9 0 0 0 1 663 3 3 3 11
1 10 1 0 0 0 760 3 9 9 3
1 11 1 0 0 0 760 2 9 9 9
1 12 0 0 1 0 760 1 9 9 9
1 13 0 0 1 0 760 1 9 9 9
1 14 1 1 0 0 564 1 9 9 9
1 15 1 0 0 0 760 3 14 14 9
1 16 1 1 0 0 636 1 9 9 14
1 17 0 0 1 0 760 1 14 14 9
1 18 1 1 0 0 722 1 9 9 14
1 19 1 0 0 0 760 3 8 8 9
1 20 1 0 0 0 760 2 12 12 8
1 21 0 0 1 0 760 1 8 8 12
1 22 1 0 0 0 760 3 15 15 8
1 23 0 0 1 0 760 1 8 8 15
1 24 1 0 0 0 760 2 5 5 8
1 25 0 0 1 0 760 1 8 8 5
2 1 1 0 0 0 760 2 15 15 8
2 2 1 0 0 0 760 3 2 2 15
2 3 1 1 0 0 658 1 15 15 2
2 4 1 0 0 0 760 3 6 6 15
2 5 1 0 0 0 760 2 5 5 6
2 6 1 0 0 0 760 2 14 14 5
2 7 1 0 0 0 760 2 3 3 14
2 8 0 0 1 0 760 1 14 14 3
2 9 1 1 0 0 658 1 3 3 14
2 10 1 1 0 0 516 1 14 14 3
2 11 0 0 0 1 639 2 14 14 14
2 12 0 0 1 0 760 1 14 14 14
2 13 1 0 0 0 760 2 2 2 14
2 14 1 0 0 0 760 3 11 11 2
2 15 0 0 1 0 760 1 2 2 11
2 16 1 1 0 0 655 1 11 11 2
2 17 1 0 0 0 760 2 14 14 11
2 18 1 0 0 0 760 2 5 5 14
2 19 1 0 0 0 760 2 2 2 5
2 20 1 0 0 0 760 3 3 3 2
2 21 1 0 0 0 760 3 7 7 3
2 22 0 0 1 0 760 1 3 3 7
2 23 1 0 0 0 760 3 6 6 3
2 24 0 0 1 0 760 1 3 3 6
2 25 1 0 0 0 760 2 12 12 3
3 1 1 0 0 0 760 3 14 14 12
3 2 1 0 0 0 760 3 1 1 14
3 3 1 0 0 0 760 3 13 13 1
3 4 1 0 0 0 760 3 11 11 13
3 5 1 0 0 0 760 2 7 7 11
3 6 1 0 0 0 760 3 1 1 7
3 7 1 1 0 0 659 1 7 7 1
3 8 1 1 0 0 665 1 1 1 7
3 9 0 0 1 0 760 1 7 7 1
3 10 0 0 0 1 579 3 4 4 7
3 11 0 0 1 0 760 1 7 7 4
3 12 0 0 1 0 760 1 4 4 7
3 13 0 0 1 0 760 1 7 7 4
3 14 1 0 0 0 760 2 11 11 7
3 15 0 0 0 1 688 3 9 9 11
3 16 1 1 0 0 615 1 11 11 9
3 17 0 0 0 1 672 2 7 7 11
3 18 1 0 0 0 760 2 10 10 7
3 19 1 0 0 0 760 3 2 2 10
3 20 1 0 0 0 760 3 9 9 2
3 21 0 0 1 0 760 1 2 2 9
3 22 1 0 0 0 760 3 7 7 2
3 23 0 0 1 0 760 1 2 2 7
3 24 1 1 0 0 619 1 7 7 2
3 25 0 0 0 1 562 2 1 1 7
