1 1 1 0 0 0 760 3 9 9 0
1 2 1 0 0 0 760 2 7 7 9
1 3 1 0 0 0 760 2 15 15 7
1 4 1 0 0 0 760 2 10 10 15
1 5 1 0 0 0 760 3 11 11 10
1 6 1 0 0 0 760 3 13 13 11
1 7 1 0 0 0 760 3 3 3 13
1 8 1 0 0 0 760 2 5 5 3
1 9 1 1 0 0 659 1 3 3 5
1 10 1 0 0 0 760 3 13 13 3
1 11 1 1 0 0 625 1 3 3 13
1 12 1 0 0 0 760 2 15 15 3
1 13 1 0 0 0 760 3 13 13 15
1 14 1 0 0 0 760 2 13 13 13
1 15 1 0 0 0 760 2 6 6 13
1 16 0 0 1 0 760 1 13 13 6
1 17 1 0 0 0 760 3 5 5 13
1 18 1 0 0 0 760 2 15 15 5
1 19 1 0 0 0 760 2 6 6 15
1 20 1 0 0 0 760 3 3 3 6
1 21 1 0 0 0 760 3 7 7 3
1 22 0 0 1 0 760 1 3 3 7
1 23 1 0 0 0 760 2 11 11 3
1 24 0 0 1 0 760 1 3 3 11
1 25 0 0 1 0 760 1 11 11 3
2 1 0 0 0 1 495 2 8 8 11
2 2 1 0 0 0 760 1 2 2 8
2 3 1 1 0 0 509 1 8 8 2
2 4 1 0 0 0 760 2 9 9 8
2 5 1 0 0 0 760 2 7 7 9
2 6 0 0 0 1 639 3 7 7 7
2 7 1 0 0 0 760 3 5 5 7
2 8 1 0 0 0 760 3 6 6 5
2 9 1 0 0 0 760 2 9 9 6
2 10 1 0 0 0 760 3 8 8 9
2 11 1 1 0 0 704 1 9 9 8
2 12 1 0 0 0 760 3 9 9 9
2 13 0 0 1 0 760 1 9 9 9
2 14 1 0 0 0 760 3 13 13 9
2 15 1 1 0 0 537 1 9 9 13
2 16 1 0 0 0 760 3 7 7 9
2 17 1 1 0 0 620 1 9 9 7
2 18 1 0 0 0 760 3 3 3 9
2 19 1 1 0 0 578 1 9 9 3
2 20 1 0 0 0 760 2 5 5 9
2 21 1 0 0 0 760 2 13 13 5
2 22 1 0 0 0 760 2 3 3 13
2 23 1 1 0 0 567 1 13 13 3
2 24 1 1 0 0 550 1 3 3 13
2 25 1 1 0 0 532 1 13 13 3
3 1 1 0 0 0 760 3 1 1 13
3 2 1 0 0 0 760 2 11 11 1
3 3 1 1 0 0 507 1 1 1 11
3 4 1 0 0 0 760 2 13 13 1
3 5 1 0 0 0 760 2 13 13 13
3 6 1 0 0 0 760 3 8 8 13
3 7 1 0 0 0 760 3 5 5 8
3 8 0 0 1 0 760 1 8 8 5
3 9 1 0 0 0 760 2 1 1 8
3 10 1 0 0 0 760 3 12 12 1
3 11 1 0 0 0 760 3 10 10 12
3 12 1 1 0 0 629 1 12 12 10
3 13 1 0 0 0 760 3 4 4 12
3 14 1 1 0 0 687 1 12 12 4
3 15 1 0 0 0 760 2 8 8 12
3 16 1 0 0 0 760 2 7 7 8
3 17 1 0 0 0 760 2 15 15 7
3 18 1 0 0 0 760 2 10 10 15
3 19 1 1 0 0 525 1 15 15 10
3 20 1 1 0 0 661 1 10 10 15
3 21 1 0 0 0 760 3 3 3 10
3 22 1 1 0 0 560 1 10 10 3
3 23 1 1 0 0 574 1 3 3 10
3 24 1 1 0 0 642 1 10 10 3
3 25 1 0 0 0 760 3 10 10 10
