1 1 1 0 0 0 447 1 12 12 0
1 2 1 0 0 0 760 2 11 11 12
1 3 1 1 0 0 513 1 12 12 11
1 4 1 0 0 0 760 3 10 10 12
1 5 1 1 0 0 673 1 12 12 10
1 6 1 0 0 0 760 2 2 2 12
1 7 1 0 0 0 760 3 15 15 2
1 8 0 0 1 0 760 1 2 2 15
1 9 1 0 0 0 760 3 13 13 2
1 10 1 1 0 0 543 1 2 2 13
1 11 1 0 0 0 760 3 12 12 2
1 12 1 0 0 0 760 3 13 13 12
1 13 1 1 0 0 635 1 12 12 13
1 14 1 0 0 0 760 2 10 10 12
1 15 1 0 0 0 760 3 6 6 10
1 16 1 0 0 0 760 3 12 12 6
1 17 1 1 0 0 532 1 6 6 12
1 18 1 1 0 0 683 1 12 12 6
1 19 1 0 0 0 760 2 15 15 12
1 20 1 0 0 0 760 3 14 14 15
1 21 1 0 0 0 760 3 4 4 14
1 22 0 0 1 0 760 1 14 14 4
1 23 0 0 1 0 760 1 4 4 14
1 24 1 0 0 0 760 2 15 15 4
1 25 1 0 0 0 760 2 12 12 15
2 1 0 0 0 1 316 3 13 13 12
2 2 1 0 0 0 760 1 7 7 13
2 3 1 0 0 0 760 3 9 9 7
2 4 1 1 0 0 532 1 7 7 9
2 5 1 0 0 0 760 3 14 14 7
2 6 1 0 0 0 760 3 6 6 14
2 7 1 0 0 0 760 2 12 12 6
2 8 1 0 0 0 760 3 2 2 12
2 9 1 0 0 0 760 2 14 14 2
2 10 1 0 0 0 760 2 6 6 14
2 11 1 1 0 0 548 1 14 14 6
2 12 1 0 0 0 760 2 2 2 14
2 13 0 0 1 0 760 1 14 14 2
2 14 1 0 0 0 760 2 12 12 14
2 15 1 0 0 0 760 3 1 1 12
2 16 1 1 0 0 578 1 12 12 1
2 17 1 1 0 0 502 1 1 1 12
2 18 1 1 0 0 553 1 12 12 1
2 19 1 0 0 0 760 2 5 5 12
2 20 1 1 0 0 601 1 12 12 5
2 21 1 0 0 0 760 2 9 9 12
2 22 1 0 0 0 760 2 3 3 9
2 23 1 0 0 0 760 3 12 12 3
2 24 1 0 0 0 760 3 1 1 12
2 25 1 0 0 0 760 2 15 15 1
3 1 1 0 0 0 760 1 5 5 15
3 2 1 0 0 0 760 1 2 2 5
3 3 1 0 0 0 760 2 14 14 2
3 4 1 0 0 0 760 2 11 11 14
3 5 1 0 0 0 760 2 9 9 11
3 6 1 0 0 0 760 2 15 15 9
3 7 1 1 0 0 596 1 9 9 15
3 8 1 1 0 0 487 1 15 15 9
3 9 1 0 0 0 760 3 7 7 15
3 10 1 0 0 0 760 2 13 13 7
3 11 1 0 0 0 760 2 5 5 13
3 12 1 0 0 0 760 3 14 14 5
3 13 0 0 1 0 760 1 5 5 14
3 14 1 1 0 0 502 1 14 14 5
3 15 1 1 0 0 484 1 5 5 14
3 16 1 0 0 0 760 2 13 13 5
3 17 1 1 0 0 508 1 5 5 13
3 18 1 1 0 0 559 1 13 13 5
3 19 1 1 0 0 540 1 5 5 13
3 20 1 0 0 0 760 2 6 6 5
3 21 1 0 0 0 760 2 1 1 6
3 22 1 1 0 0 589 1 6 6 1
3 23 1 0 0 0 760 3 10 10 6
3 24 0 0 1 0 760 1 6 6 10
3 25 1 1 0 0 548 1 10 10 6
