1 1 1 0 0 0 760 2 2 2 0
1 2 1 0 0 0 760 1 1 1 2
1 3 0 0 1 0 760 1 2 2 1
1 4 0 0 1 0 760 1 1 1 2
1 5 1 0 0 0 760 3 14 14 1
1 6 1 0 0 0 760 3 11 11 14
1 7 0 0 1 0 760 1 14 14 11
1 8 0 0 1 0 760 1 11 11 14
1 9 1 0 0 0 760 3 3 3 11
1 10 1 0 0 0 760 3 6 6 3
1 11 1 0 0 0 760 2 9 9 6
1 12 0 0 1 0 760 1 6 6 9
1 13 1 1 0 0 627 1 9 9 6
1 14 1 1 0 0 719 1 6 6 9
1 15 1 0 0 0 760 3 8 8 6
1 16 1 1 0 0 642 1 6 6 8
1 17 1 1 0 0 617 1 8 8 6
1 18 0 0 1 0 760 1 6 6 8
1 19 1 0 0 0 760 2 9 9 6
1 20 1 0 0 0 760 3 4 4 9
1 21 0 0 1 0 760 1 9 9 4
1 22 1 0 0 0 760 3 3 3 9
1 23 0 0 1 0 760 1 9 9 3
1 24 1 0 0 0 760 2 4 4 9
1 25 1 0 0 0 760 2 2 2 4
2 1 1 0 0 0 760 2 1 1 2
2 2 1 0 0 0 760 1 3 3 1
2 3 0 0 1 0 760 1 1 1 3
2 4 0 0 1 0 760 1 3 3 1
2 5 1 0 0 0 760 2 3 3 3
2 6 1 1 0 0 529 1 3 3 3
2 7 0 0 1 0 760 1 3 3 3
2 8 1 1 0 0 486 1 3 3 3
2 9 1 0 0 0 760 2 4 4 3
2 10 0 0 1 0 760 1 3 3 4
2 11 1 0 0 0 760 3 14 14 3
2 12 1 1 0 0 677 1 3 3 14
2 13 0 0 0 1 504 3 15 15 3
2 14 1 0 0 0 760 3 4 4 15
2 15 0 0 1 0 760 1 15 15 4
2 16 0 0 0 1 682 3 5 5 15
2 17 1 0 0 0 760 2 7 7 5
2 18 0 0 0 1 531 2 4 4 7
2 19 1 0 0 0 760 2 14 14 4
2 20 1 0 0 0 760 2 11 11 14
2 21 1 0 0 0 760 2 4 4 11
2 22 1 0 0 0 760 2 12 12 4
2 23 0 0 1 0 760 1 4 4 12
2 24 1 0 0 0 760 2 2 2 4
2 25 1 0 0 0 760 2 14 14 2
3 1 1 0 0 0 760 1 10 10 14
3 2 1 0 0 0 760 3 9 9 10
3 3 0 0 1 0 760 1 10 10 9
3 4 1 0 0 0 760 3 12 12 10
3 5 1 0 0 0 760 2 9 9 12
3 6 0 0 1 0 760 1 12 12 9
3 7 1 0 0 0 760 2 3 3 12
3 8 0 0 1 0 760 1 12 12 3
3 9 1 0 0 0 760 2 13 13 12
3 10 0 0 0 1 493 3 7 7 13
3 11 1 0 0 0 760 3 9 9 7
3 12 0 0 0 1 566 2 13 13 9
3 13 0 0 0 1 693 2 6 6 13
3 14 0 0 0 1 518 3 10 10 6
3 15 1 0 0 0 760 2 9 9 10
3 16 1 0 0 0 760 3 13 13 9
3 17 1 0 0 0 760 3 5 5 13
3 18 0 0 1 0 760 1 13 13 5
3 19 1 0 0 0 760 3 13 13 13
3 20 0 0 1 0 760 1 13 13 13
3 21 0 0 1 0 760 1 13 13 13
3 22 1 0 0 0 760 2 4 4 13
3 23 1 0 0 0 760 2 9 9 4
3 24 0 0 1 0 760 1 4 4 9
3 25 1 0 0 0 760 2 6 6 4
