1 1 1 0 0 0 760 3 7 7 0
1 2 1 0 0 0 760 1 8 8 7
1 3 1 0 0 0 760 2 5 5 8
1 4 1 0 0 0 760 2 12 12 5
1 5 1 1 0 0 660 1 5 5 12
1 6 1 0 0 0 760 3 3 3 5
1 7 1 0 0 0 760 3 2 2 3
1 8 1 0 0 0 760 3 2 2 2
1 9 1 0 0 0 760 2 13 13 2
1 10 1 0 0 0 760 3 6 6 13
1 11 1 0 0 0 760 3 15 15 6
1 12 1 0 0 0 760 2 2 2 15
1 13 1 0 0 0 760 2 4 4 2
1 14 1 1 0 0 584 1 2 2 4
1 15 1 0 0 0 760 2 1 1 2
1 16 1 0 0 0 760 2 10 10 1
1 17 1 0 0 0 760 3 5 5 10
1 18 1 0 0 0 760 3 4 4 5
1 19 1 1 0 0 616 1 5 5 4
1 20 0 0 1 0 760 1 4 4 5
1 21 1 0 0 0 760 3 2 2 4
1 22 1 1 0 0 590 1 4 4 2
1 23 1 1 0 0 681 1 2 2 4
1 24 1 1 0 0 664 1 4 4 2
1 25 1 0 0 0 760 3 14 14 4
2 1 1 0 0 0 760 1 3 3 14
2 2 1 0 0 0 760 1 12 12 3
2 3 1 0 0 0 760 3 12 12 12
2 4 1 0 0 0 760 2 3 3 12
2 5 1 0 0 0 760 3 7 7 3
2 6 1 1 0 0 565 1 3 3 7
2 7 1 0 0 0 760 3 5 5 3
2 8 1 0 0 0 760 3 14 14 5
2 9 1 0 0 0 760 2 8 8 14
2 10 1 0 0 0 760 3 12 12 8
2 11 1 0 0 0 760 2 13 13 12
2 12 1 0 0 0 760 2 11 11 13
2 13 1 0 0 0 760 2 10 10 11
2 14 1 1 0 0 560 1 11 11 10
2 15 1 1 0 0 514 1 10 10 11
2 16 1 0 0 0 760 3 14 14 10
2 17 1 0 0 0 760 3 9 9 14
2 18 1 0 0 0 760 3 1 1 9
2 19 0 0 0 1 551 3 14 14 1
2 20 1 0 0 0 760 3 14 14 14
2 21 1 1 0 0 718 1 14 14 14
2 22 0 0 1 0 760 1 14 14 14
2 23 1 1 0 0 535 1 14 14 14
2 24 1 0 0 0 760 3 8 8 14
2 25 1 0 0 0 760 2 5 5 8
3 1 1 0 0 0 760 1 7 7 5
3 2 1 0 0 0 760 2 10 10 7
3 3 1 1 0 0 525 1 7 7 10
3 4 1 1 0 0 553 1 10 10 7
3 5 1 0 0 0 760 2 12 12 10
3 6 1 1 0 0 516 1 10 10 12
3 7 1 1 0 0 534 1 12 12 10
3 8 1 1 0 0 681 1 10 10 12
3 9 1 1 0 0 541 1 12 12 10
3 10 1 1 0 0 566 1 10 10 12
3 11 1 0 0 0 760 2 7 7 10
3 12 1 0 0 0 760 3 12 12 7
3 13 1 1 0 0 520 1 7 7 12
3 14 1 1 0 0 523 1 12 12 7
3 15 1 1 0 0 597 1 7 7 12
3 16 1 0 0 0 760 2 3 3 7
3 17 1 1 0 0 536 1 7 7 3
3 18 1 1 0 0 554 1 3 3 7
3 19 1 1 0 0 577 1 7 7 3
3 20 1 0 0 0 760 2 12 12 7
3 21 1 0 0 0 760 3 12 12 12
3 22 1 0 0 0 760 3 15 15 12
3 23 1 0 0 0 760 2 7 7 15
3 24 0 0 1 0 760 1 15 15 7
3 25 1 0 0 0 760 2 9 9 15
