1 1 1 0 0 0 164 3 4 4 0
1 2 1 0 0 0 760 1 15 15 4
1 3 1 0 0 0 760 2 11 11 15
1 4 1 0 0 0 760 3 1 1 11
1 5 1 0 0 0 760 2 2 2 1
1 6 1 0 0 0 760 3 4 4 2
1 7 1 0 0 0 760 3 8 8 4
1 8 1 0 0 0 760 3 12 12 8
1 9 1 0 0 0 760 3 14 14 12
1 10 1 0 0 0 760 3 7 7 14
1 11 0 0 1 0 760 1 14 14 7
1 12 1 0 0 0 760 2 6 6 14
1 13 1 0 0 0 638 2 10 10 6
1 14 1 0 0 0 760 2 1 1 10
1 15 1 0 0 0 760 3 3 3 1
1 16 1 0 0 0 760 3 13 13 3
1 17 1 0 0 0 760 3 6 6 13
1 18 0 0 1 0 738 1 13 13 6
1 19 0 0 1 0 760 1 6 6 13
1 20 1 0 0 0 215 3 2 2 6
1 21 1 0 0 0 619 3 4 4 2
1 22 1 0 0 0 760 2 5 5 4
1 23 0 0 1 0 760 1 4 4 5
1 24 1 1 0 0 728 1 5 5 4
1 25 0 0 0 1 640 3 7 7 5
2 1 0 0 0 1 272 2 13 13 7
2 2 1 0 0 0 760 2 1 1 13
2 3 1 0 0 0 760 2 12 12 1
2 4 0 0 0 1 639 3 12 12 12
2 5 0 0 1 0 760 1 12 12 12
2 6 0 0 1 0 760 1 12 12 12
2 7 1 0 0 0 760 2 11 11 12
2 8 1 0 0 0 760 3 15 15 11
2 9 0 0 1 0 760 1 11 11 15
2 10 0 0 1 0 760 1 15 15 11
2 11 1 0 0 0 760 3 5 5 15
2 12 0 0 1 0 760 1 15 15 5
2 13 1 1 0 0 459 1 5 5 15
2 14 1 0 0 0 760 2 4 4 5
2 15 0 0 0 1 451 2 12 12 4
2 16 0 0 1 0 760 1 4 4 12
2 17 1 0 0 0 760 2 2 2 4
2 18 0 0 0 1 577 2 7 7 2
2 19 1 0 0 0 760 3 3 3 7
2 20 1 0 0 0 760 3 3 3 3
2 21 0 0 1 0 760 1 3 3 3
2 22 0 0 1 0 760 1 3 3 3
2 23 1 0 0 0 760 2 5 5 3
2 24 0 0 0 1 415 2 15 15 5
2 25 1 0 0 0 760 3 12 12 15
3 1 1 0 0 0 760 2 8 8 12
3 2 0 0 0 1 637 1 8 8 8
3 3 1 0 0 0 760 3 1 1 8
3 4 1 1 0 0 631 1 8 8 1
3 5 1 1 0 0 651 1 1 1 8
3 6 1 0 0 0 760 2 13 13 1
3 7 0 0 0 1 538 3 3 3 13
3 8 1 1 0 0 582 1 13 13 3
3 9 1 0 0 0 760 3 13 13 13
3 10 1 1 0 0 463 1 13 13 13
3 11 1 1 0 0 523 1 13 13 13
3 12 1 0 0 0 760 3 1 1 13
3 13 1 0 0 0 760 2 7 7 1
3 14 1 0 0 0 760 3 4 4 7
3 15 1 0 0 0 760 2 5 5 4
3 16 1 1 0 0 577 1 4 4 5
3 17 1 0 0 0 760 2 8 8 4
3 18 0 0 1 0 760 1 4 4 8
3 19 1 1 0 0 534 1 8 8 4
3 20 1 0 0 0 760 3 12 12 8
3 21 1 0 0 0 760 3 14 14 12
3 22 0 0 1 0 760 1 12 12 14
3 23 1 1 0 0 391 1 14 14 12
3 24 1 0 0 0 760 3 10 10 14
3 25 1 1 0 0 408 1 14 14 10
