1 1 1 0 0 0 760 2 1 1 0
1 2 1 0 0 0 760 1 5 5 1
1 3 1 0 0 0 647 3 15 15 5
1 4 1 0 0 0 760 3 9 9 15
1 5 1 0 0 0 760 2 10 10 9
1 6 1 0 0 0 760 2 1 1 10
1 7 1 0 0 0 760 2 9 9 1
1 8 0 0 1 0 760 1 1 1 9
1 9 1 0 0 0 760 3 12 12 1
1 10 0 0 1 0 760 1 1 1 12
1 11 1 0 0 0 760 3 2 2 1
1 12 1 0 0 0 760 3 13 13 2
1 13 1 1 0 0 618 1 2 2 13
1 14 1 0 0 0 760 2 8 8 2
1 15 1 0 0 0 760 2 8 8 8
1 16 0 0 0 1 343 3 10 10 8
1 17 1 0 0 0 760 3 4 4 10
1 18 0 0 1 0 760 1 10 10 4
1 19 0 0 1 0 760 1 4 4 10
1 20 1 0 0 0 760 2 1 1 4
1 21 1 1 0 0 571 1 4 4 1
1 22 0 0 0 1 676 3 9 9 4
1 23 1 1 0 0 549 1 4 4 9
1 24 1 1 0 0 473 1 9 9 4
1 25 0 0 0 1 537 3 14 14 9
2 1 1 0 0 0 760 3 1 1 14
2 2 1 0 0 0 760 1 6 6 1
2 3 1 1 0 0 529 1 1 1 6
2 4 1 0 0 0 760 2 11 11 1
2 5 1 0 0 0 760 3 4 4 11
2 6 1 0 0 0 760 2 15 15 4
2 7 1 0 0 0 760 2 6 6 15
2 8 1 0 0 0 760 3 6 6 6
2 9 1 0 0 0 760 3 9 9 6
2 10 1 0 0 0 760 3 5 5 9
2 11 1 0 0 0 760 3 3 3 5
2 12 1 0 0 0 760 2 7 7 3
2 13 1 0 0 0 760 2 14 14 7
2 14 0 0 1 0 760 1 7 7 14
2 15 1 0 0 0 760 3 13 13 7
2 16 1 0 0 0 760 3 13 13 13
2 17 1 0 0 0 760 2 11 11 13
2 18 1 0 0 0 760 2 8 8 11
2 19 1 0 0 0 760 3 1 1 8
2 20 1 1 0 0 481 1 8 8 1
2 21 1 1 0 0 467 1 1 1 8
2 22 1 1 0 0 630 1 8 8 1
2 23 1 0 0 0 760 3 15 15 8
2 24 1 1 0 0 511 1 8 8 15
2 25 1 1 0 0 754 1 15 15 8
3 1 1 0 0 0 760 1 7 7 15
3 2 1 0 0 0 760 3 8 8 7
3 3 1 0 0 0 760 3 11 11 8
3 4 1 0 0 0 760 2 4 4 11
3 5 1 0 0 0 760 3 12 12 4
3 6 1 0 0 0 760 3 9 9 12
3 7 0 0 1 0 760 1 12 12 9
3 8 1 0 0 0 760 2 2 2 12
3 9 1 1 0 0 513 1 12 12 2
3 10 1 0 0 0 760 2 3 3 12
3 11 1 0 0 0 760 3 13 13 3
3 12 1 0 0 0 760 2 14 14 13
3 13 1 0 0 0 760 2 2 2 14
3 14 0 0 1 0 760 1 14 14 2
3 15 1 0 0 0 760 3 8 8 14
3 16 0 0 1 0 760 1 14 14 8
3 17 1 1 0 0 675 1 8 8 14
3 18 1 1 0 0 667 1 14 14 8
3 19 0 0 0 1 659 3 7 7 14
3 20 1 0 0 0 760 3 6 6 7
3 21 0 0 1 0 760 1 7 7 6
3 22 0 0 1 0 760 1 6 6 7
3 23 0 0 1 0 760 1 7 7 6
3 24 0 0 1 0 760 1 6 6 7
3 25 0 0 1 0 760 1 7 7 6
