1 1 1 0 0 0 760 3 10 10 0
1 2 1 0 0 0 760 1 12 12 10
1 3 1 1 0 0 593 1 10 10 12
1 4 1 0 0 0 760 3 6 6 10
1 5 1 0 0 0 760 2 15 15 6
1 6 1 0 0 0 760 3 12 12 15
1 7 1 0 0 0 760 3 2 2 12
1 8 1 1 0 0 607 1 12 12 2
1 9 1 1 0 0 642 1 2 2 12
1 10 1 0 0 0 760 2 11 11 2
1 11 1 0 0 0 760 3 15 15 11
1 12 1 0 0 0 760 3 13 13 15
1 13 1 0 0 0 760 2 11 11 13
1 14 1 0 0 0 760 2 5 5 11
1 15 1 0 0 0 760 2 13 13 5
1 16 0 0 1 0 760 1 5 5 13
1 17 1 0 0 0 181 2 7 7 5
1 18 1 0 0 0 760 3 10 10 7
1 19 1 0 0 0 760 3 12 12 10
1 20 1 0 0 0 760 2 9 9 12
1 21 1 0 0 0 760 2 5 5 9
1 22 0 0 1 0 760 1 9 9 5
1 23 1 0 0 0 760 2 9 9 9
1 24 1 0 0 0 760 2 4 4 9
1 25 1 0 0 0 760 3 13 13 4
2 1 1 0 0 0 760 2 14 14 13
2 2 1 0 0 0 760 1 1 1 14
2 3 1 0 0 0 760 2 3 3 1
2 4 1 0 0 0 760 2 14 14 3
2 5 1 0 0 0 760 2 8 8 14
2 6 1 0 0 0 760 2 10 10 8
2 7 1 0 0 0 760 3 1 1 10
2 8 1 0 0 0 760 3 6 6 1
2 9 1 0 0 0 760 3 13 13 6
2 10 0 0 1 0 760 1 6 6 13
2 11 1 0 0 0 760 2 5 5 6
2 12 0 0 1 0 760 1 6 6 5
2 13 1 0 0 0 760 3 9 9 6
2 14 1 0 0 0 760 3 8 8 9
2 15 0 0 1 0 760 1 9 9 8
2 16 1 0 0 0 760 3 6 6 9
2 17 1 0 0 0 760 3 13 13 6
2 18 1 0 0 0 760 3 11 11 13
2 19 1 1 0 0 626 1 13 13 11
2 20 1 0 0 0 760 2 4 4 13
2 21 1 0 0 0 760 2 4 4 4
2 22 1 0 0 0 760 3 6 6 4
2 23 1 0 0 0 760 2 14 14 6
2 24 1 0 0 0 760 3 15 15 14
2 25 1 0 0 0 760 2 3 3 15
3 1 1 0 0 0 760 2 5 5 3
3 2 1 0 0 0 760 1 1 1 5
3 3 0 0 1 0 760 1 5 5 1
3 4 1 0 0 0 760 3 9 9 5
3 5 0 0 1 0 760 1 5 5 9
3 6 0 0 1 0 760 1 9 9 5
3 7 1 0 0 0 760 3 11 11 9
3 8 0 0 1 0 760 1 9 9 11
3 9 1 0 0 0 760 2 4 4 9
3 10 0 0 1 0 760 1 9 9 4
3 11 0 0 1 0 760 1 4 4 9
3 12 1 0 0 0 760 3 15 15 4
3 13 0 0 1 0 760 1 4 4 15
3 14 1 0 0 0 760 3 6 6 4
3 15 1 0 0 0 760 3 12 12 6
3 16 1 1 0 0 218 1 6 6 12
3 17 0 0 1 0 760 1 12 12 6
3 18 0 0 1 0 760 1 6 6 12
3 19 1 0 0 0 760 3 8 8 6
3 20 1 0 0 0 760 3 15 15 8
3 21 0 0 1 0 760 1 8 8 15
3 22 1 0 0 0 760 3 13 13 8
3 23 1 0 0 0 760 3 11 11 13
3 24 1 0 0 0 760 3 12 12 11
3 25 1 0 0 0 760 2 2 2 12
