1 1 1 0 0 0 760 3 14 14 0
1 2 1 0 0 0 760 1 1 1 14
1 3 0 0 1 0 760 1 14 14 1
1 4 0 0 0 1 562 2 12 12 14
1 5 1 0 0 0 760 3 2 2 12
1 6 1 0 0 0 760 2 13 13 2
1 7 0 0 0 1 580 2 13 13 13
1 8 1 0 0 0 760 2 4 4 13
1 9 1 0 0 0 760 2 15 15 4
1 10 1 0 0 0 760 2 9 9 15
1 11 1 0 0 0 760 3 4 4 9
1 12 1 0 0 0 760 3 5 5 4
1 13 0 0 1 0 760 1 4 4 5
1 14 1 0 0 0 760 2 4 4 4
1 15 1 0 0 0 760 3 7 7 4
1 16 1 0 0 0 760 3 8 8 7
1 17 1 1 0 0 661 1 7 7 8
1 18 1 1 0 0 250 1 8 8 7
1 19 1 0 0 0 760 3 12 12 8
1 20 1 0 0 0 760 2 5 5 12
1 21 1 0 0 0 760 2 2 2 5
1 22 1 0 0 0 760 3 15 15 2
1 23 1 1 0 0 610 1 2 2 15
1 24 1 1 0 0 633 1 15 15 2
1 25 1 0 0 0 760 2 14 14 15
2 1 0 0 0 1 313 2 5 5 14
2 2 1 0 0 0 760 1 11 11 5
2 3 0 0 1 0 760 1 5 5 11
2 4 0 0 1 0 760 1 11 11 5
2 5 1 0 0 0 760 3 11 11 11
2 6 1 0 0 0 760 3 14 14 11
2 7 1 0 0 0 760 2 4 4 14
2 8 1 0 0 0 760 3 12 12 4
2 9 1 0 0 0 760 3 11 11 12
2 10 1 0 0 0 760 3 2 2 11
2 11 0 0 1 0 760 1 11 11 2
2 12 1 0 0 0 760 3 6 6 11
2 13 1 0 0 0 760 2 10 10 6
2 14 1 0 0 0 760 3 2 2 10
2 15 1 0 0 0 760 2 5 5 2
2 16 1 0 0 0 760 2 1 1 5
2 17 1 0 0 0 760 2 12 12 1
2 18 1 0 0 0 760 2 10 10 12
2 19 1 0 0 0 760 3 6 6 10
2 20 1 1 0 0 589 1 10 10 6
2 21 1 0 0 0 760 3 9 9 10
2 22 1 0 0 0 760 3 14 14 9
2 23 1 0 0 0 760 3 14 14 14
2 24 1 0 0 0 760 2 5 5 14
2 25 1 1 0 0 554 1 14 14 5
3 1 1 0 0 0 760 1 12 12 14
3 2 1 0 0 0 760 3 7 7 12
3 3 1 0 0 0 760 2 2 2 7
3 4 1 0 0 0 760 2 15 15 2
3 5 1 0 0 0 760 2 4 4 15
3 6 1 0 0 0 760 2 3 3 4
3 7 1 0 0 0 760 2 11 11 3
3 8 0 0 1 0 760 1 3 3 11
3 9 0 0 1 0 760 1 11 11 3
3 10 1 0 0 0 760 2 8 8 11
3 11 1 0 0 0 760 2 4 4 8
3 12 0 0 1 0 760 1 8 8 4
3 13 0 0 1 0 760 1 4 4 8
3 14 0 0 0 1 742 3 14 14 4
3 15 1 0 0 0 760 3 14 14 14
3 16 0 0 1 0 760 1 14 14 14
3 17 0 0 1 0 760 1 14 14 14
3 18 0 0 1 0 760 1 14 14 14
3 19 1 0 0 0 760 3 12 12 14
3 20 0 0 1 0 760 1 14 14 12
3 21 1 1 0 0 659 1 12 12 14
3 22 1 0 0 0 760 3 1 1 12
3 23 1 1 0 0 743 1 12 12 1
3 24 1 0 0 0 760 3 8 8 12
3 25 1 0 0 0 760 3 5 5 8
