1 1 1 0 0 0 258 3 14 14 0
1 2 1 0 0 0 760 1 3 3 14
1 3 1 1 0 0 530 1 14 14 3
1 4 0 0 1 0 760 1 3 3 14
1 5 1 1 0 0 539 1 14 14 3
1 6 1 0 0 0 760 3 7 7 14
1 7 1 0 0 0 760 3 13 13 7
1 8 1 0 0 0 760 2 4 4 13
1 9 1 0 0 0 760 3 4 4 4
1 10 1 0 0 0 760 2 5 5 4
1 11 1 0 0 0 760 3 2 2 5
1 12 1 0 0 0 760 2 12 12 2
1 13 1 0 0 0 760 2 1 1 12
1 14 1 0 0 0 760 3 15 15 1
1 15 1 0 0 0 760 2 10 10 15
1 16 1 0 0 0 760 2 9 9 10
1 17 1 0 0 0 760 2 9 9 9
1 18 1 1 0 0 667 1 9 9 9
1 19 1 0 0 0 760 3 2 2 9
1 20 1 0 0 0 760 2 10 10 2
1 21 1 0 0 0 760 3 12 12 10
1 22 1 0 0 0 760 3 3 3 12
1 23 1 0 0 0 760 3 15 15 3
1 24 1 0 0 0 760 3 11 11 15
1 25 1 0 0 0 760 2 9 9 11
2 1 1 0 0 0 760 3 14 14 9
2 2 1 0 0 0 760 1 14 14 14
2 3 1 1 0 0 548 1 14 14 14
2 4 1 1 0 0 580 1 14 14 14
2 5 1 0 0 0 760 3 8 8 14
2 6 1 0 0 0 760 3 15 15 8
2 7 1 0 0 0 760 2 15 15 15
2 8 1 0 0 0 760 3 14 14 15
2 9 1 1 0 0 530 1 15 15 14
2 10 1 0 0 0 760 2 8 8 15
2 11 1 0 0 0 760 2 11 11 8
2 12 1 1 0 0 519 1 8 8 11
2 13 1 0 0 0 760 3 8 8 8
2 14 1 1 0 0 551 1 8 8 8
2 15 1 0 0 0 760 3 12 12 8
2 16 1 1 0 0 749 1 8 8 12
2 17 1 1 0 0 563 1 12 12 8
2 18 1 1 0 0 527 1 8 8 12
2 19 1 1 0 0 566 1 12 12 8
2 20 1 0 0 0 760 3 13 13 12
2 21 1 0 0 0 760 3 15 15 13
2 22 1 0 0 0 760 2 4 4 15
2 23 1 1 0 0 509 1 15 15 4
2 24 1 1 0 0 491 1 4 4 15
2 25 1 1 0 0 532 1 15 15 4
3 1 1 0 0 0 760 2 14 14 15
3 2 1 0 0 0 760 3 12 12 14
3 3 1 1 0 0 531 1 14 14 12
3 4 1 0 0 0 760 2 1 1 14
3 5 1 0 0 0 760 2 1 1 1
3 6 1 0 0 0 760 2 5 5 1
3 7 1 1 0 0 506 1 1 1 5
3 8 1 0 0 0 760 2 9 9 1
3 9 0 0 0 1 572 3 5 5 9
3 10 1 0 0 0 760 2 11 11 5
3 11 1 0 0 0 760 3 6 6 11
3 12 1 0 0 0 760 2 7 7 6
3 13 1 1 0 0 662 1 6 6 7
3 14 1 0 0 0 760 2 4 4 6
3 15 0 0 0 1 601 2 7 7 4
3 16 1 0 0 0 760 3 12 12 7
3 17 1 1 0 0 686 1 7 7 12
3 18 1 0 0 0 760 2 10 10 7
3 19 1 0 0 0 760 2 10 10 10
3 20 1 1 0 0 516 1 10 10 10
3 21 1 0 0 0 760 2 11 11 10
3 22 1 1 0 0 532 1 10 10 11
3 23 1 0 0 0 760 2 9 9 10
3 24 0 0 1 0 760 1 10 10 9
3 25 1 0 0 0 760 3 5 5 10
