1 1 1 0 0 0 760 1 7 7 0
1 2 1 0 0 0 760 1 13 13 7
1 3 0 0 0 1 496 3 13 13 13
1 4 1 0 0 0 760 3 8 8 13
1 5 0 0 1 0 760 1 13 13 8
1 6 1 0 0 0 760 2 6 6 13
1 7 0 0 1 0 760 1 13 13 6
1 8 1 0 0 0 760 3 3 3 13
1 9 1 0 0 0 760 3 12 12 3
1 10 1 0 0 0 760 3 4 4 12
1 11 1 0 0 0 760 2 13 13 4
1 12 1 0 0 0 760 3 7 7 13
1 13 1 0 0 0 760 2 15 15 7
1 14 1 0 0 0 760 2 4 4 15
1 15 1 0 0 0 760 3 9 9 4
1 16 1 0 0 0 760 3 6 6 9
1 17 1 0 0 0 760 2 12 12 6
1 18 1 0 0 0 760 2 8 8 12
1 19 1 1 0 0 557 1 12 12 8
1 20 1 0 0 0 760 2 9 9 12
1 21 1 1 0 0 582 1 12 12 9
1 22 1 0 0 0 760 3 1 1 12
1 23 1 1 0 0 565 1 12 12 1
1 24 1 0 0 0 760 2 15 15 12
1 25 1 0 0 0 760 3 1 1 15
2 1 1 0 0 0 760 2 4 4 1
2 2 1 0 0 0 760 2 8 8 4
2 3 1 0 0 0 760 2 1 1 8
2 4 1 0 0 0 760 2 10 10 1
2 5 1 0 0 0 760 2 8 8 10
2 6 1 0 0 0 760 2 15 15 8
2 7 1 0 0 0 760 3 6 6 15
2 8 1 0 0 0 760 3 3 3 6
2 9 1 1 0 0 550 1 6 6 3
2 10 1 0 0 0 760 2 9 9 6
2 11 1 0 0 0 760 3 5 5 9
2 12 1 0 0 0 760 3 4 4 5
2 13 1 0 0 0 760 2 6 6 4
2 14 1 1 0 0 514 1 4 4 6
2 15 1 0 0 0 760 2 15 15 4
2 16 1 0 0 0 760 2 10 10 15
2 17 1 0 0 0 760 3 7 7 10
2 18 1 1 0 0 662 1 10 10 7
2 19 1 1 0 0 508 1 7 7 10
2 20 1 0 0 0 760 3 1 1 7
2 21 1 0 0 0 760 2 14 14 1
2 22 1 1 0 0 497 1 1 1 14
2 23 1 0 0 0 760 2 5 5 1
2 24 1 0 0 0 760 3 3 3 5
2 25 0 0 1 0 760 1 5 5 3
3 1 1 0 0 0 760 2 9 9 5
3 2 1 0 0 0 760 2 10 10 9
3 3 1 1 0 0 521 1 9 9 10
3 4 1 0 0 0 760 3 12 12 9
3 5 1 0 0 0 760 3 4 4 12
3 6 1 1 0 0 588 1 12 12 4
3 7 1 1 0 0 505 1 4 4 12
3 8 1 0 0 0 760 2 15 15 4
3 9 1 0 0 0 760 3 11 11 15
3 10 1 0 0 0 760 2 3 3 11
3 11 0 0 0 1 525 3 15 15 3
3 12 1 1 0 0 578 1 3 3 15
3 13 1 1 0 0 508 1 15 15 3
3 14 1 0 0 0 760 3 13 13 15
3 15 1 0 0 0 760 2 9 9 13
3 16 1 0 0 0 760 2 9 9 9
3 17 1 0 0 0 760 2 14 14 9
3 18 1 0 0 0 760 3 5 5 14
3 19 1 0 0 0 760 2 3 3 5
3 20 1 0 0 0 760 3 11 11 3
3 21 1 0 0 0 760 2 10 10 11
3 22 1 1 0 0 515 1 11 11 10
3 23 1 0 0 0 760 2 14 14 11
3 24 1 0 0 0 760 2 15 15 14
3 25 1 0 0 0 760 3 15 15 15
