1 1 1 0 0 0 197 1 3 3 0
1 2 1 0 0 0 760 1 1 1 3
1 3 1 0 0 0 760 2 2 2 1
1 4 0 0 1 0 760 1 1 1 2
1 5 1 0 0 0 760 2 9 9 1
1 6 0 0 1 0 760 1 1 1 9
1 7 0 0 1 0 760 1 9 9 1
1 8 1 0 0 0 760 2 11 11 9
1 9 1 0 0 0 760 3 15 15 11
1 10 1 0 0 0 760 3 3 3 15
1 11 0 0 1 0 760 1 15 15 3
1 12 1 0 0 0 760 2 13 13 15
1 13 1 0 0 0 760 3 6 6 13
1 14 0 0 1 0 760 1 13 13 6
1 15 0 0 1 0 760 1 6 6 13
1 16 1 0 0 0 760 2 11 11 6
1 17 0 0 0 1 717 2 3 3 11
1 18 0 0 0 1 702 3 4 4 3
1 19 1 0 0 0 760 3 6 6 4
1 20 1 0 0 0 760 3 9 9 6
1 21 0 0 1 0 760 1 6 6 9
1 22 1 0 0 0 760 2 6 6 6
1 23 1 0 0 0 714 3 14 14 6
1 24 1 0 0 0 760 3 5 5 14
1 25 1 1 0 0 601 1 14 14 5
2 1 1 0 0 0 760 2 6 6 14
2 2 1 0 0 0 760 2 15 15 6
2 3 1 0 0 0 760 2 10 10 15
2 4 0 0 1 0 760 1 15 15 10
2 5 1 1 0 0 742 1 10 10 15
2 6 1 1 0 0 499 1 15 15 10
2 7 1 1 0 0 516 1 10 10 15
2 8 1 0 0 0 760 2 7 7 10
2 9 1 0 0 0 760 3 15 15 7
2 10 1 0 0 0 760 3 1 1 15
2 11 1 1 0 0 591 1 15 15 1
2 12 1 0 0 0 760 3 4 4 15
2 13 1 0 0 0 760 2 4 4 4
2 14 1 1 0 0 571 1 4 4 4
2 15 1 0 0 0 760 3 7 7 4
2 16 1 0 0 0 760 2 6 6 7
2 17 1 0 0 0 760 3 3 3 6
2 18 1 1 0 0 628 1 6 6 3
2 19 0 0 1 0 760 1 3 3 6
2 20 1 1 0 0 647 1 6 6 3
2 21 1 0 0 0 760 2 11 11 6
2 22 1 0 0 0 760 2 15 15 11
2 23 0 0 1 0 760 1 11 11 15
2 24 0 0 1 0 760 1 15 15 11
2 25 1 1 0 0 702 1 11 11 15
3 1 1 0 0 0 760 3 5 5 11
3 2 1 0 0 0 760 3 7 7 5
3 3 1 0 0 0 760 3 4 4 7
3 4 0 0 1 0 760 1 7 7 4
3 5 1 0 0 0 760 3 10 10 7
3 6 0 0 1 0 760 1 7 7 10
3 7 0 0 1 0 760 1 10 10 7
3 8 1 1 0 0 583 1 7 7 10
3 9 1 1 0 0 534 1 10 10 7
3 10 0 0 0 1 342 2 11 11 10
3 11 0 0 1 0 760 1 10 10 11
3 12 0 0 0 1 472 2 6 6 10
3 13 0 0 0 1 440 2 8 8 6
3 14 1 0 0 0 760 2 3 3 8
3 15 1 1 0 0 495 1 8 8 3
3 16 1 1 0 0 506 1 3 3 8
3 17 1 1 0 0 695 1 8 8 3
3 18 1 1 0 0 504 1 3 3 8
3 19 1 1 0 0 494 1 8 8 3
3 20 1 1 0 0 461 1 3 3 8
3 21 0 0 1 0 760 1 8 8 3
3 22 1 1 0 0 561 1 3 3 8
3 23 0 0 0 1 470 2 6 6 3
3 24 1 0 0 0 760 3 11 11 6
3 25 1 0 0 0 760 2 12 12 11
