1 1 1 0 0 0 689 1 4 4 0
1 2 1 0 0 0 760 1 3 3 4
1 3 1 0 0 0 760 2 11 11 3
1 4 0 0 1 0 760 1 3 3 11
1 5 0 0 1 0 760 1 11 11 3
1 6 1 0 0 0 760 2 15 15 11
1 7 1 0 0 0 760 2 2 2 15
1 8 1 0 0 0 760 2 9 9 2
1 9 1 0 0 0 760 2 3 3 9
1 10 1 0 0 0 760 3 3 3 3
1 11 1 0 0 0 760 2 10 10 3
1 12 1 0 0 0 760 2 8 8 10
1 13 1 0 0 0 760 3 12 12 8
1 14 1 0 0 0 760 3 9 9 12
1 15 1 0 0 0 760 3 5 5 9
1 16 1 0 0 0 760 2 7 7 5
1 17 1 0 0 0 760 3 14 14 7
1 18 1 0 0 0 760 2 12 12 14
1 19 1 1 0 0 686 1 14 14 12
1 20 1 1 0 0 661 1 12 12 14
1 21 1 0 0 0 760 2 11 11 12
1 22 1 0 0 0 760 2 4 4 11
1 23 0 0 1 0 760 1 11 11 4
1 24 1 0 0 0 760 2 14 14 11
1 25 0 0 0 1 625 2 12 12 14
2 1 1 0 0 0 760 1 12 12 12
2 2 1 0 0 0 760 1 4 4 12
2 3 0 0 1 0 760 1 12 12 4
2 4 1 0 0 0 760 2 13 13 12
2 5 1 0 0 0 760 2 14 14 13
2 6 1 0 0 0 760 3 10 10 14
2 7 1 0 0 0 760 3 5 5 10
2 8 0 0 0 1 584 2 12 12 5
2 9 1 0 0 0 760 2 12 12 12
2 10 1 0 0 0 760 2 10 10 12
2 11 1 0 0 0 760 2 3 3 10
2 12 1 0 0 0 760 3 12 12 3
2 13 1 0 0 0 760 3 1 1 12
2 14 0 0 1 0 760 1 12 12 1
2 15 0 0 1 0 760 1 1 1 12
2 16 1 0 0 0 760 2 15 15 1
2 17 1 1 0 0 607 1 1 1 15
2 18 1 0 0 0 760 3 3 3 1
2 19 1 0 0 0 760 2 13 13 3
2 20 1 1 0 0 747 1 3 3 13
2 21 0 0 1 0 760 1 13 13 3
2 22 1 1 0 0 563 1 3 3 13
2 23 1 0 0 0 760 3 15 15 3
2 24 1 0 0 0 760 2 7 7 15
2 25 1 1 0 0 669 1 15 15 7
3 1 1 0 0 0 760 3 5 5 15
3 2 1 0 0 0 760 3 1 1 5
3 3 1 1 0 0 714 1 5 5 1
3 4 1 1 0 0 740 1 1 1 5
3 5 1 0 0 0 760 2 2 2 1
3 6 1 0 0 0 760 3 11 11 2
3 7 1 1 0 0 738 1 2 2 11
3 8 1 0 0 0 760 2 12 12 2
3 9 0 0 1 0 760 1 2 2 12
3 10 1 0 0 0 760 3 7 7 2
3 11 1 0 0 0 760 3 9 9 7
3 12 1 0 0 0 760 3 6 6 9
3 13 1 0 0 0 760 2 15 15 6
3 14 0 0 1 0 760 1 6 6 15
3 15 1 0 0 0 760 2 10 10 6
3 16 1 1 0 0 715 1 6 6 10
3 17 1 0 0 0 760 2 8 8 6
3 18 1 0 0 0 760 2 12 12 8
3 19 1 0 0 0 760 2 1 1 12
3 20 0 0 1 0 760 1 12 12 1
3 21 0 0 0 1 667 3 8 8 12
3 22 1 1 0 0 609 1 12 12 8
3 23 1 0 0 0 760 2 7 7 12
3 24 1 1 0 0 715 1 12 12 7
3 25 1 1 0 0 717 1 7 7 12
