1 1 1 0 0 0 760 1 9 9 0
1 2 1 0 0 0 760 3 13 13 9
1 3 1 0 0 0 760 2 11 11 13
1 4 1 0 0 0 760 2 14 14 11
1 5 0 0 1 0 760 1 11 11 14
1 6 1 1 0 0 733 1 14 14 11
1 7 1 0 0 0 760 2 8 8 14
1 8 0 0 1 0 760 1 14 14 8
1 9 1 0 0 0 760 2 4 4 14
1 10 1 0 0 0 760 2 7 7 4
1 11 1 1 0 0 600 1 4 4 7
1 12 1 0 0 0 760 3 13 13 4
1 13 1 1 0 0 516 1 4 4 13
1 14 1 0 0 0 760 2 8 8 4
1 15 1 0 0 0 760 2 3 3 8
1 16 1 1 0 0 597 1 8 8 3
1 17 1 0 0 0 760 3 14 14 8
1 18 1 0 0 0 760 2 15 15 14
1 19 1 0 0 0 760 3 10 10 15
1 20 1 0 0 0 760 3 12 12 10
1 21 1 1 0 0 630 1 10 10 12
1 22 1 0 0 0 760 3 5 5 10
1 23 1 0 0 0 760 3 1 1 5
1 24 1 0 0 0 760 2 14 14 1
1 25 1 0 0 0 760 3 7 7 14
2 1 1 0 0 0 760 2 7 7 7
2 2 1 0 0 0 760 3 5 5 7
2 3 1 0 0 0 760 2 3 3 5
2 4 1 0 0 0 760 2 2 2 3
2 5 1 0 0 0 760 3 9 9 2
2 6 1 0 0 0 760 2 9 9 9
2 7 1 0 0 0 760 3 3 3 9
2 8 1 1 0 0 519 1 9 9 3
2 9 1 1 0 0 686 1 3 3 9
2 10 1 0 0 0 760 3 14 14 3
2 11 1 1 0 0 542 1 3 3 14
2 12 1 1 0 0 674 1 14 14 3
2 13 1 0 0 0 760 2 14 14 14
2 14 1 0 0 0 760 2 11 11 14
2 15 1 0 0 0 760 2 4 4 11
2 16 0 0 0 1 574 3 4 4 4
2 17 1 0 0 0 760 2 5 5 4
2 18 1 0 0 0 760 2 3 3 5
2 19 0 0 1 0 760 1 5 5 3
2 20 1 1 0 0 603 1 3 3 5
2 21 1 1 0 0 624 1 5 5 3
2 22 1 1 0 0 564 1 3 3 5
2 23 1 0 0 0 760 2 4 4 3
2 24 1 0 0 0 760 2 10 10 4
2 25 1 0 0 0 760 3 8 8 10
3 1 1 0 0 0 760 3 3 3 8
3 2 1 0 0 0 760 1 15 15 3
3 3 1 1 0 0 548 1 3 3 15
3 4 1 0 0 0 760 2 14 14 3
3 5 1 0 0 0 760 2 9 9 14
3 6 1 0 0 0 760 2 4 4 9
3 7 1 0 0 0 760 3 11 11 4
3 8 1 1 0 0 547 1 4 4 11
3 9 1 0 0 0 760 2 8 8 4
3 10 0 0 1 0 760 1 4 4 8
3 11 1 0 0 0 760 3 3 3 4
3 12 1 1 0 0 695 1 4 4 3
3 13 1 0 0 0 760 3 2 2 4
3 14 1 0 0 0 760 3 5 5 2
3 15 1 1 0 0 602 1 2 2 5
3 16 1 0 0 0 760 2 9 9 2
3 17 1 0 0 0 760 3 5 5 9
3 18 1 0 0 0 760 2 5 5 5
3 19 1 1 0 0 594 1 5 5 5
3 20 1 0 0 0 760 2 9 9 5
3 21 1 0 0 0 760 3 13 13 9
3 22 1 0 0 0 760 2 13 13 13
3 23 1 1 0 0 740 1 13 13 13
3 24 1 0 0 0 760 2 7 7 13
3 25 1 1 0 0 516 1 13 13 7
