1 1 1 0 0 0 760 3 3 3 0
1 2 1 0 0 0 760 3 8 8 3
1 3 1 0 0 0 760 3 6 6 8
1 4 0 0 1 0 760 1 8 8 6
1 5 1 0 0 0 760 3 12 12 8
1 6 0 0 1 0 760 1 8 8 12
1 7 1 0 0 0 760 2 1 1 8
1 8 1 0 0 0 760 3 7 7 1
1 9 1 0 0 0 760 3 5 5 7
1 10 1 0 0 0 760 3 2 2 5
1 11 1 0 0 0 760 2 4 4 2
1 12 0 0 1 0 760 1 2 2 4
1 13 1 0 0 0 760 2 9 9 2
1 14 1 0 0 0 760 2 3 3 9
1 15 0 0 1 0 760 1 9 9 3
1 16 0 0 1 0 760 1 3 3 9
1 17 1 0 0 0 760 2 10 10 3
1 18 1 0 0 0 760 2 4 4 10
1 19 1 1 0 0 636 1 10 10 4
1 20 1 0 0 0 760 2 9 9 10
1 21 1 0 0 0 760 2 13 13 9
1 22 1 0 0 0 760 2 3 3 13
1 23 1 1 0 0 606 1 13 13 3
1 24 0 0 1 0 760 1 3 3 13
1 25 0 0 1 0 760 1 13 13 3
2 1 0 0 0 1 504 3 8 8 13
2 2 1 0 0 0 760 2 7 7 8
2 3 1 1 0 0 762 1 8 8 7
2 4 1 0 0 0 760 3 2 2 8
2 5 1 0 0 0 760 3 10 10 2
2 6 0 0 1 0 760 1 2 2 10
2 7 1 0 0 0 760 3 4 4 2
2 8 0 0 0 1 753 2 8 8 4
2 9 1 1 0 0 670 1 4 4 8
2 10 1 1 0 0 687 1 8 8 4
2 11 0 0 1 0 760 1 4 4 8
2 12 1 1 0 0 490 1 8 8 4
2 13 1 0 0 0 760 3 15 15 8
2 14 1 0 0 0 760 2 12 12 15
2 15 1 1 0 0 676 1 15 15 12
2 16 1 0 0 0 760 3 10 10 15
2 17 1 1 0 0 697 1 15 15 10
2 18 1 0 0 0 760 3 12 12 15
2 19 1 0 0 0 760 3 11 11 12
2 20 1 0 0 0 760 3 13 13 11
2 21 0 0 1 0 760 1 11 11 13
2 22 1 0 0 0 760 3 14 14 11
2 23 1 0 0 0 760 2 12 12 14
2 24 1 0 0 0 760 2 13 13 12
2 25 1 0 0 0 760 2 3 3 13
3 1 1 0 0 0 760 1 8 8 3
3 2 1 0 0 0 760 1 2 2 8
3 3 1 0 0 0 760 3 13 13 2
3 4 1 0 0 0 760 2 6 6 13
3 5 0 0 0 1 656 3 2 2 6
3 6 1 0 0 0 760 3 10 10 2
3 7 1 0 0 0 760 3 14 14 10
3 8 0 0 0 1 656 3 14 14 14
3 9 1 0 0 0 760 2 13 13 14
3 10 1 0 0 0 760 3 7 7 13
3 11 1 0 0 0 760 2 10 10 7
3 12 1 0 0 0 760 3 2 2 10
3 13 0 0 0 1 594 3 7 7 2
3 14 1 0 0 0 760 3 4 4 7
3 15 1 0 0 0 760 2 1 1 4
3 16 0 0 1 0 760 1 4 4 1
3 17 1 0 0 0 760 2 3 3 4
3 18 1 1 0 0 602 1 4 4 3
3 19 0 0 1 0 760 1 3 3 4
3 20 1 0 0 0 760 3 9 9 3
3 21 1 0 0 0 760 2 8 8 9
3 22 1 0 0 0 760 3 5 5 8
3 23 0 0 1 0 760 1 8 8 5
3 24 0 0 0 1 541 2 4 4 8
3 25 1 0 0 0 760 2 6 6 4
