1 1 1 0 0 0 760 2 5 5 0
1 2 1 0 0 0 760 3 15 15 5
1 3 1 0 0 0 760 3 12 12 15
1 4 1 0 0 0 760 3 2 2 12
1 5 1 1 0 0 751 1 12 12 2
1 6 1 0 0 0 760 3 15 15 12
1 7 0 0 1 0 760 1 12 12 15
1 8 1 0 0 0 760 3 5 5 12
1 9 1 0 0 0 760 2 15 15 5
1 10 1 1 0 0 542 1 5 5 15
1 11 1 0 0 0 760 2 12 12 5
1 12 1 0 0 0 760 3 15 15 12
1 13 1 0 0 0 760 2 14 14 15
1 14 1 0 0 0 760 3 1 1 14
1 15 1 0 0 0 760 2 6 6 1
1 16 1 0 0 0 760 3 3 3 6
1 17 1 0 0 0 760 2 10 10 3
1 18 1 0 0 0 760 3 5 5 10
1 19 1 0 0 0 760 3 8 8 5
1 20 1 0 0 0 760 2 13 13 8
1 21 0 0 1 0 760 1 8 8 13
1 22 0 0 1 0 760 1 13 13 8
1 23 1 1 0 0 580 1 8 8 13
1 24 1 1 0 0 630 1 13 13 8
1 25 1 0 0 0 760 3 9 9 13
2 1 1 0 0 0 760 2 6 6 9
2 2 1 0 0 0 760 1 11 11 6
2 3 1 0 0 0 760 2 10 10 11
2 4 1 0 0 0 760 2 14 14 10
2 5 1 0 0 0 760 3 8 8 14
2 6 1 0 0 0 760 3 1 1 8
2 7 1 0 0 0 760 3 9 9 1
2 8 1 0 0 0 760 2 6 6 9
2 9 1 1 0 0 481 1 9 9 6
2 10 1 0 0 0 760 3 10 10 9
2 11 1 1 0 0 719 1 9 9 10
2 12 1 0 0 0 760 3 8 8 9
2 13 1 0 0 0 760 2 4 4 8
2 14 1 1 0 0 546 1 8 8 4
2 15 0 0 1 0 760 1 4 4 8
2 16 1 1 0 0 503 1 8 8 4
2 17 1 0 0 0 760 2 11 11 8
2 18 1 1 0 0 519 1 8 8 11
2 19 1 0 0 0 760 3 8 8 8
2 20 0 0 1 0 760 1 8 8 8
2 21 1 1 0 0 509 1 8 8 8
2 22 1 0 0 0 760 2 15 15 8
2 23 1 1 0 0 590 1 8 8 15
2 24 1 1 0 0 584 1 15 15 8
2 25 0 0 1 0 760 1 8 8 15
3 1 1 0 0 0 760 3 8 8 8
3 2 1 0 0 0 760 3 10 10 8
3 3 1 0 0 0 760 2 13 13 10
3 4 1 0 0 0 760 3 3 3 13
3 5 1 0 0 0 760 2 11 11 3
3 6 1 1 0 0 670 1 3 3 11
3 7 1 0 0 0 760 3 3 3 3
3 8 0 0 1 0 760 1 3 3 3
3 9 1 0 0 0 760 2 1 1 3
3 10 1 0 0 0 760 2 6 6 1
3 11 1 0 0 0 760 2 12 12 6
3 12 1 0 0 0 760 2 10 10 12
3 13 1 0 0 0 760 3 2 2 10
3 14 1 0 0 0 760 2 9 9 2
3 15 1 0 0 0 760 3 14 14 9
3 16 1 0 0 0 760 3 12 12 14
3 17 1 0 0 0 760 3 1 1 12
3 18 1 0 0 0 760 2 14 14 1
3 19 1 0 0 0 760 2 3 3 14
3 20 0 0 1 0 760 1 14 14 3
3 21 0 0 1 0 760 1 3 3 14
3 22 1 1 0 0 660 1 14 14 3
3 23 1 0 0 0 760 3 6 6 14
3 24 1 0 0 0 760 3 5 5 6
3 25 1 0 0 0 760 2 12 12 5
