1 1 1 0 0 0 760 3 13 13 0
1 2 1 0 0 0 760 1 14 14 13
1 3 1 0 0 0 760 3 1 1 14
1 4 0 0 1 0 760 1 14 14 1
1 5 1 0 0 0 760 3 14 14 14
1 6 0 0 1 0 760 1 14 14 14
1 7 1 1 0 0 553 1 14 14 14
1 8 1 0 0 0 760 3 8 8 14
1 9 1 0 0 0 760 3 2 2 8
1 10 1 0 0 0 760 2 7 7 2
1 11 1 0 0 0 760 3 15 15 7
1 12 1 0 0 0 760 3 3 3 15
1 13 1 0 0 0 760 3 9 9 3
1 14 0 0 1 0 760 1 3 3 9
1 15 1 0 0 0 760 2 10 10 3
1 16 1 0 0 0 760 3 8 8 10
1 17 1 0 0 0 760 2 9 9 8
1 18 0 0 1 0 760 1 8 8 9
1 19 1 0 0 0 760 2 1 1 8
1 20 0 0 1 0 760 1 8 8 1
1 21 1 1 0 0 612 1 1 1 8
1 22 1 1 0 0 762 1 8 8 1
1 23 1 1 0 0 682 1 1 1 8
1 24 1 0 0 0 760 2 7 7 1
1 25 1 0 0 0 760 2 10 10 7
2 1 0 0 0 1 422 1 6 6 10
2 2 1 0 0 0 760 2 8 8 6
2 3 1 0 0 0 760 3 7 7 8
2 4 1 1 0 0 584 1 8 8 7
2 5 1 0 0 0 760 2 14 14 8
2 6 1 0 0 0 760 2 13 13 14
2 7 1 0 0 0 760 3 1 1 13
2 8 1 0 0 0 760 3 3 3 1
2 9 1 0 0 0 760 3 13 13 3
2 10 1 0 0 0 760 2 9 9 13
2 11 1 0 0 0 760 3 15 15 9
2 12 1 0 0 0 760 3 8 8 15
2 13 1 0 0 0 760 3 6 6 8
2 14 1 0 0 0 760 3 4 4 6
2 15 1 0 0 0 760 2 11 11 4
2 16 1 1 0 0 704 1 4 4 11
2 17 1 1 0 0 757 1 11 11 4
2 18 1 1 0 0 630 1 4 4 11
2 19 1 1 0 0 531 1 11 11 4
2 20 1 0 0 0 760 2 7 7 11
2 21 1 0 0 0 760 2 10 10 7
2 22 1 1 0 0 678 1 7 7 10
2 23 1 1 0 0 742 1 10 10 7
2 24 1 0 0 0 760 2 6 6 10
2 25 1 1 0 0 669 1 10 10 6
3 1 1 0 0 0 760 1 10 10 10
3 2 1 0 0 0 760 2 7 7 10
3 3 1 0 0 0 760 2 3 3 7
3 4 0 0 1 0 760 1 7 7 3
3 5 0 0 0 1 620 3 7 7 7
3 6 1 0 0 0 760 2 5 5 7
3 7 1 0 0 0 760 3 9 9 5
3 8 1 0 0 0 760 2 2 2 9
3 9 0 0 1 0 760 1 9 9 2
3 10 0 0 1 0 760 1 2 2 9
3 11 0 0 1 0 760 1 9 9 2
3 12 0 0 1 0 760 1 2 2 9
3 13 1 0 0 0 760 3 3 3 2
3 14 0 0 1 0 760 1 2 2 3
3 15 1 0 0 0 760 3 2 2 2
3 16 0 0 0 1 577 3 4 4 2
3 17 1 1 0 0 625 1 2 2 4
3 18 0 0 0 1 666 3 2 2 2
3 19 0 0 0 1 550 2 4 4 2
3 20 1 0 0 0 760 2 13 13 4
3 21 1 0 0 0 760 2 5 5 13
3 22 0 0 1 0 760 1 13 13 5
3 23 0 0 1 0 760 1 5 5 13
3 24 1 0 0 0 760 3 6 6 5
3 25 1 0 0 0 760 2 14 14 6
