1 1 1 0 0 0 760 2 1 1 0
1 2 1 0 0 0 760 3 2 2 1
1 3 0 0 1 0 760 1 1 1 2
1 4 1 0 0 0 760 2 10 10 1
1 5 1 0 0 0 760 2 8 8 10
1 6 1 0 0 0 632 3 5 5 8
1 7 0 0 1 0 760 1 8 8 5
1 8 0 0 1 0 760 1 5 5 8
1 9 0 0 0 1 486 3 7 7 5
1 10 1 0 0 0 760 3 9 9 7
1 11 1 0 0 0 760 3 4 4 9
1 12 0 0 1 0 760 1 9 9 4
1 13 0 0 0 1 669 2 5 5 9
1 14 1 0 0 0 760 2 3 3 5
1 15 1 0 0 0 760 2 2 2 3
1 16 1 1 0 0 750 1 3 3 2
1 17 1 1 0 0 675 1 2 2 3
1 18 1 0 0 0 760 3 9 9 2
1 19 1 0 0 0 760 3 3 3 9
1 20 1 0 0 0 760 2 2 2 3
1 21 0 0 1 0 760 1 3 3 2
1 22 1 0 0 0 760 3 7 7 3
1 23 1 1 0 0 633 1 3 3 7
1 24 1 0 0 0 760 2 8 8 3
1 25 1 1 0 0 650 1 3 3 8
2 1 1 0 0 0 760 3 1 1 3
2 2 1 0 0 0 760 1 14 14 1
2 3 1 0 0 0 760 2 11 11 14
2 4 1 0 0 0 760 2 15 15 11
2 5 0 0 1 0 760 1 11 11 15
2 6 1 1 0 0 568 1 15 15 11
2 7 1 1 0 0 617 1 11 11 15
2 8 1 0 0 0 760 3 2 2 11
2 9 1 1 0 0 624 1 11 11 2
2 10 1 0 0 0 760 3 9 9 11
2 11 1 0 0 0 760 3 6 6 9
2 12 0 0 0 1 691 2 7 7 6
2 13 1 0 0 0 760 3 9 9 7
2 14 0 0 1 0 760 1 7 7 9
2 15 0 0 1 0 760 1 9 9 7
2 16 0 0 1 0 760 1 7 7 9
2 17 1 0 0 0 760 3 3 3 7
2 18 1 1 0 0 565 1 7 7 3
2 19 0 0 1 0 760 1 3 3 7
2 20 0 0 1 0 760 1 7 7 3
2 21 1 0 0 0 760 2 2 2 7
2 22 1 0 0 0 760 2 6 6 2
2 23 0 0 1 0 760 1 2 2 6
2 24 0 0 1 0 760 1 6 6 2
2 25 1 1 0 0 753 1 2 2 6
3 1 1 0 0 0 760 1 9 9 2
3 2 1 0 0 0 760 3 7 7 9
3 3 1 1 0 0 676 1 9 9 7
3 4 1 1 0 0 661 1 7 7 9
3 5 1 0 0 0 760 2 13 13 7
3 6 1 0 0 0 760 3 13 13 13
3 7 1 0 0 0 760 3 6 6 13
3 8 1 0 0 0 760 2 7 7 6
3 9 1 0 0 0 760 2 5 5 7
3 10 1 1 0 0 715 1 7 7 5
3 11 1 0 0 0 760 3 13 13 7
3 12 1 0 0 0 760 3 6 6 13
3 13 1 0 0 0 760 3 2 2 6
3 14 1 1 0 0 589 1 6 6 2
3 15 1 1 0 0 681 1 2 2 6
3 16 1 0 0 0 760 2 7 7 2
3 17 1 0 0 0 760 3 14 14 7
3 18 1 0 0 0 760 2 8 8 14
3 19 1 0 0 0 760 3 15 15 8
3 20 1 1 0 0 586 1 8 8 15
3 21 1 0 0 0 760 3 3 3 8
3 22 1 0 0 0 760 3 14 14 3
3 23 1 0 0 0 760 2 1 1 14
3 24 1 0 0 0 760 3 4 4 1
3 25 1 0 0 0 760 3 15 15 4
