1 1 1 0 0 0 760 3 1 1 0
1 2 1 0 0 0 760 2 14 14 1
1 3 0 0 1 0 760 1 1 1 14
1 4 1 0 0 0 760 2 8 8 1
1 5 1 0 0 0 760 2 11 11 8
1 6 1 0 0 0 760 2 1 1 11
1 7 1 0 0 0 760 2 9 9 1
1 8 0 0 1 0 760 1 1 1 9
1 9 1 0 0 0 760 2 3 3 1
1 10 0 0 1 0 760 1 1 1 3
1 11 1 0 0 0 760 3 10 10 1
1 12 1 1 0 0 613 1 1 1 10
1 13 1 0 0 0 760 2 9 9 1
1 14 0 0 1 0 760 1 1 1 9
1 15 1 0 0 0 760 3 7 7 1
1 16 1 1 0 0 654 1 1 1 7
1 17 1 0 0 0 760 2 6 6 1
1 18 1 1 0 0 585 1 1 1 6
1 19 1 0 0 0 760 2 2 2 1
1 20 1 0 0 0 760 3 4 4 2
1 21 1 0 0 0 760 2 8 8 4
1 22 1 1 0 0 621 1 4 4 8
1 23 1 0 0 0 760 3 9 9 4
1 24 1 0 0 0 760 2 12 12 9
1 25 1 1 0 0 660 1 9 9 12
2 1 1 0 0 0 760 1 1 1 9
2 2 1 0 0 0 760 3 14 14 1
2 3 1 1 0 0 654 1 1 1 14
2 4 1 1 0 0 713 1 14 14 1
2 5 1 0 0 0 760 3 11 11 14
2 6 0 0 1 0 760 1 14 14 11
2 7 1 0 0 0 760 3 6 6 14
2 8 1 0 0 0 760 2 2 2 6
2 9 1 0 0 0 760 2 1 1 2
2 10 1 1 0 0 607 1 2 2 1
2 11 1 1 0 0 502 1 1 1 2
2 12 1 1 0 0 583 1 2 2 1
2 13 1 0 0 0 760 3 14 14 2
2 14 1 0 0 0 760 2 9 9 14
2 15 0 0 0 1 707 2 2 2 9
2 16 0 0 1 0 760 1 9 9 2
2 17 1 0 0 0 760 3 10 10 9
2 18 1 1 0 0 648 1 9 9 10
2 19 0 0 0 1 557 2 2 2 9
2 20 0 0 0 1 681 2 14 14 2
2 21 1 0 0 0 760 2 11 11 14
2 22 1 0 0 0 760 3 2 2 11
2 23 1 0 0 0 760 2 3 3 2
2 24 0 0 1 0 760 1 2 2 3
2 25 1 0 0 0 760 3 4 4 2
3 1 1 0 0 0 760 3 13 13 4
3 2 1 0 0 0 760 3 1 1 13
3 3 1 0 0 0 760 3 4 4 1
3 4 1 0 0 0 760 3 7 7 4
3 5 1 1 0 0 719 1 4 4 7
3 6 0 0 1 0 760 1 7 7 4
3 7 1 1 0 0 603 1 4 4 7
3 8 1 0 0 0 760 2 1 1 4
3 9 1 0 0 0 760 2 3 3 1
3 10 1 1 0 0 561 1 1 1 3
3 11 1 0 0 0 760 3 11 11 1
3 12 1 0 0 0 760 2 13 13 11
3 13 1 0 0 0 760 2 8 8 13
3 14 1 0 0 0 760 3 11 11 8
3 15 1 0 0 0 760 2 12 12 11
3 16 1 0 0 0 760 2 1 1 12
3 17 1 1 0 0 674 1 12 12 1
3 18 1 1 0 0 564 1 1 1 12
3 19 1 0 0 0 760 3 14 14 1
3 20 1 1 0 0 608 1 1 1 14
3 21 0 0 1 0 760 1 14 14 1
3 22 0 0 1 0 760 1 1 1 14
3 23 1 0 0 0 760 2 13 13 1
3 24 1 0 0 0 760 3 15 15 13
3 25 1 1 0 0 545 1 13 13 15
