1 1 1 0 0 0 760 2 3 3 0
1 2 1 0 0 0 760 3 3 3 3
1 3 0 0 1 0 760 1 3 3 3
1 4 1 1 0 0 579 1 3 3 3
1 5 1 1 0 0 662 1 3 3 3
1 6 1 0 0 0 760 2 1 1 3
1 7 1 1 0 0 685 1 3 3 1
1 8 1 0 0 0 760 3 7 7 3
1 9 1 0 0 0 760 2 14 14 7
1 10 0 0 1 0 760 1 7 7 14
1 11 1 1 0 0 679 1 14 14 7
1 12 1 0 0 0 760 2 6 6 14
1 13 0 0 1 0 760 1 14 14 6
1 14 1 0 0 0 760 3 13 13 14
1 15 1 0 0 0 760 2 1 1 13
1 16 1 1 0 0 643 1 13 13 1
1 17 1 0 0 0 760 2 9 9 13
1 18 1 1 0 0 672 1 13 13 9
1 19 1 0 0 0 760 2 10 10 13
1 20 1 0 0 0 760 2 8 8 10
1 21 1 0 0 0 760 2 5 5 8
1 22 1 0 0 0 760 3 14 14 5
1 23 1 0 0 0 760 2 1 1 14
1 24 1 0 0 0 760 2 15 15 1
1 25 1 0 0 0 760 2 10 10 15
2 1 1 0 0 0 760 2 6 6 10
2 2 1 0 0 0 760 2 7 7 6
2 3 1 0 0 0 760 2 11 11 7
2 4 1 1 0 0 681 1 7 7 11
2 5 1 0 0 0 760 3 3 3 7
2 6 1 0 0 0 760 3 10 10 3
2 7 0 0 1 0 760 1 3 3 10
2 8 1 0 0 0 760 3 14 14 3
2 9 1 0 0 0 760 2 5 5 14
2 10 1 0 0 0 760 2 6 6 5
2 11 1 0 0 0 760 2 9 9 6
2 12 1 0 0 0 760 3 13 13 9
2 13 1 0 0 0 760 2 8 8 13
2 14 1 0 0 0 760 3 7 7 8
2 15 1 0 0 0 760 2 1 1 7
2 16 1 0 0 0 760 3 3 3 1
2 17 1 0 0 0 760 3 8 8 3
2 18 1 0 0 0 760 2 1 1 8
2 19 1 0 0 0 760 2 11 11 1
2 20 1 0 0 0 760 2 2 2 11
2 21 1 0 0 0 760 3 8 8 2
2 22 1 0 0 0 760 2 13 13 8
2 23 0 0 1 0 760 1 8 8 13
2 24 0 0 1 0 760 1 13 13 8
2 25 1 0 0 0 760 2 5 5 13
3 1 1 0 0 0 760 2 3 3 5
3 2 1 0 0 0 760 3 9 9 3
3 3 0 0 1 0 760 1 3 3 9
3 4 1 0 0 0 760 3 11 11 3
3 5 1 0 0 0 760 2 6 6 11
3 6 1 0 0 0 760 2 12 12 6
3 7 1 0 0 0 760 2 11 11 12
3 8 1 0 0 0 760 3 5 5 11
3 9 1 0 0 0 760 2 6 6 5
3 10 1 1 0 0 473 1 5 5 6
3 11 1 1 0 0 722 1 6 6 5
3 12 1 0 0 0 760 3 6 6 6
3 13 0 0 1 0 760 1 6 6 6
3 14 1 0 0 0 760 3 7 7 6
3 15 1 0 0 0 760 3 11 11 7
3 16 0 0 1 0 760 1 7 7 11
3 17 1 0 0 0 760 2 5 5 7
3 18 1 0 0 0 760 3 4 4 5
3 19 1 1 0 0 538 1 5 5 4
3 20 1 0 0 0 760 3 9 9 5
3 21 1 1 0 0 581 1 5 5 9
3 22 1 0 0 0 760 3 3 3 5
3 23 1 0 0 0 760 3 4 4 3
3 24 1 1 0 0 693 1 3 3 4
3 25 1 1 0 0 501 1 4 4 3
