1 1 1 0 0 0 760 1 12 12 0
1 2 1 0 0 0 759 3 3 3 12
1 3 0 0 1 0 760 1 12 12 3
1 4 0 0 1 0 760 1 3 3 12
1 5 1 0 0 0 760 2 7 7 3
1 6 1 1 0 0 581 1 3 3 7
1 7 1 0 0 0 760 3 15 15 3
1 8 1 0 0 0 760 3 8 8 15
1 9 1 0 0 0 760 3 2 2 8
1 10 1 0 0 0 760 3 10 10 2
1 11 1 1 0 0 710 1 2 2 10
1 12 0 0 1 0 760 1 10 10 2
1 13 1 0 0 0 760 2 8 8 10
1 14 1 0 0 0 760 3 14 14 8
1 15 0 0 1 0 760 1 8 8 14
1 16 0 0 1 0 760 1 14 14 8
1 17 0 0 1 0 760 1 8 8 14
1 18 1 0 0 0 760 3 8 8 8
1 19 1 1 0 0 553 1 8 8 8
1 20 1 0 0 0 760 3 4 4 8
1 21 1 0 0 0 760 3 10 10 4
1 22 0 0 1 0 760 1 4 4 10
1 23 1 1 0 0 570 1 10 10 4
1 24 1 0 0 0 760 2 2 2 10
1 25 1 0 0 0 760 2 7 7 2
2 1 1 0 0 0 760 2 6 6 7
2 2 1 0 0 0 760 1 5 5 6
2 3 1 1 0 0 736 1 6 6 5
2 4 1 0 0 0 760 3 10 10 6
2 5 1 0 0 0 760 3 7 7 10
2 6 1 0 0 0 760 2 4 4 7
2 7 1 0 0 0 760 3 13 13 4
2 8 1 0 0 0 760 3 1 1 13
2 9 0 0 1 0 760 1 13 13 1
2 10 1 0 0 0 760 3 5 5 13
2 11 1 0 0 0 760 3 12 12 5
2 12 1 0 0 0 760 2 14 14 12
2 13 1 0 0 0 760 2 3 3 14
2 14 1 0 0 0 760 3 3 3 3
2 15 1 0 0 0 760 3 11 11 3
2 16 1 0 0 0 760 2 1 1 11
2 17 1 1 0 0 741 1 11 11 1
2 18 0 0 1 0 760 1 1 1 11
2 19 1 0 0 0 760 2 5 5 1
2 20 1 0 0 0 760 2 13 13 5
2 21 1 0 0 0 760 2 10 10 13
2 22 0 0 1 0 760 1 13 13 10
2 23 1 0 0 0 760 3 6 6 13
2 24 1 1 0 0 608 1 13 13 6
2 25 1 0 0 0 760 3 11 11 13
3 1 1 0 0 0 760 2 3 3 11
3 2 1 0 0 0 760 2 2 2 3
3 3 1 1 0 0 733 1 3 3 2
3 4 1 0 0 0 760 3 11 11 3
3 5 1 0 0 0 760 3 8 8 11
3 6 1 0 0 0 760 2 15 15 8
3 7 1 0 0 0 760 2 10 10 15
3 8 1 0 0 0 760 2 3 3 10
3 9 1 0 0 0 760 3 3 3 3
3 10 1 1 0 0 638 1 3 3 3
3 11 0 0 0 1 698 2 11 11 3
3 12 1 1 0 0 540 1 3 3 11
3 13 1 0 0 0 760 2 5 5 3
3 14 0 0 1 0 760 1 3 3 5
3 15 1 1 0 0 744 1 5 5 3
3 16 1 0 0 0 760 3 8 8 5
3 17 1 0 0 0 760 3 12 12 8
3 18 1 0 0 0 760 2 12 12 12
3 19 1 0 0 0 760 2 6 6 12
3 20 0 0 1 0 760 1 12 12 6
3 21 1 0 0 0 760 2 11 11 12
3 22 1 0 0 0 760 2 3 3 11
3 23 0 0 0 1 535 2 15 15 3
3 24 1 0 0 0 760 2 8 8 15
3 25 1 1 0 0 634 1 15 15 8
