1 1 1 0 0 0 760 1 4 4 0
1 2 1 0 0 0 243 3 3 3 4
1 3 0 0 1 0 760 1 4 4 3
1 4 1 0 0 0 760 3 2 2 4
1 5 1 0 0 0 760 3 1 1 2
1 6 1 0 0 0 760 3 4 4 1
1 7 1 1 0 0 595 1 1 1 4
1 8 1 0 0 0 760 3 9 9 1
1 9 1 0 0 0 760 3 9 9 9
1 10 1 0 0 0 760 2 10 10 9
1 11 1 0 0 0 760 3 1 1 10
1 12 1 0 0 0 760 2 12 12 1
1 13 1 0 0 0 760 2 15 15 12
1 14 1 0 0 0 760 2 10 10 15
1 15 1 0 0 0 760 2 11 11 10
1 16 1 0 0 0 760 3 9 9 11
1 17 1 1 0 0 628 1 11 11 9
1 18 1 0 0 0 760 3 1 1 11
1 19 1 1 0 0 733 1 11 11 1
1 20 1 0 0 0 760 2 3 3 11
1 21 1 1 0 0 691 1 11 11 3
1 22 0 0 0 1 551 3 11 11 11
1 23 0 0 1 0 760 1 11 11 11
1 24 1 0 0 0 760 3 13 13 11
1 25 1 1 0 0 632 1 11 11 13
2 1 1 0 0 0 760 1 12 12 11
2 2 1 0 0 0 760 3 1 1 12
2 3 1 1 0 0 478 1 12 12 1
2 4 1 0 0 0 760 2 4 4 12
2 5 1 1 0 0 610 1 12 12 4
2 6 1 0 0 0 760 2 2 2 12
2 7 1 0 0 0 760 3 2 2 2
2 8 1 0 0 0 760 3 11 11 2
2 9 1 1 0 0 595 1 2 2 11
2 10 1 0 0 0 760 3 6 6 2
2 11 1 1 0 0 594 1 2 2 6
2 12 1 1 0 0 666 1 6 6 2
2 13 0 0 1 0 760 1 2 2 6
2 14 0 0 0 1 674 3 2 2 2
2 15 1 0 0 0 760 2 4 4 2
2 16 1 1 0 0 533 1 2 2 4
2 17 1 0 0 0 760 2 8 8 2
2 18 1 1 0 0 632 1 2 2 8
2 19 1 0 0 0 760 2 13 13 2
2 20 1 0 0 0 760 3 3 3 13
2 21 1 0 0 0 760 3 6 6 3
2 22 1 0 0 0 760 3 10 10 6
2 23 1 0 0 0 760 2 7 7 10
2 24 1 0 0 0 760 2 2 2 7
2 25 1 1 0 0 670 1 7 7 2
3 1 1 0 0 0 760 3 8 8 7
3 2 1 0 0 0 760 1 15 15 8
3 3 1 0 0 0 760 2 11 11 15
3 4 1 1 0 0 697 1 15 15 11
3 5 1 0 0 0 760 3 15 15 15
3 6 1 1 0 0 548 1 15 15 15
3 7 1 0 0 0 760 3 10 10 15
3 8 0 0 1 0 760 1 15 15 10
3 9 1 0 0 0 760 3 9 9 15
3 10 1 0 0 0 760 3 13 13 9
3 11 0 0 0 1 623 3 10 10 13
3 12 0 0 1 0 760 1 13 13 10
3 13 1 1 0 0 669 1 10 10 13
3 14 1 0 0 0 760 2 8 8 10
3 15 1 0 0 0 760 3 12 12 8
3 16 1 0 0 0 760 2 5 5 12
3 17 1 1 0 0 601 1 12 12 5
3 18 1 0 0 0 760 3 11 11 12
3 19 1 0 0 0 760 2 7 7 11
3 20 1 0 0 0 760 3 9 9 7
3 21 1 0 0 0 760 2 2 2 9
3 22 1 1 0 0 750 1 9 9 2
3 23 0 0 1 0 760 1 2 2 9
3 24 1 0 0 0 760 3 14 14 2
3 25 1 0 0 0 760 2 10 10 14
