1 1 1 0 0 0 760 2 11 11 0
1 2 1 0 0 0 760 2 4 4 11
1 3 1 0 0 0 760 3 8 8 4
1 4 1 0 0 0 760 2 7 7 8
1 5 1 0 0 0 760 3 6 6 7
1 6 1 1 0 0 716 1 7 7 6
1 7 1 0 0 0 760 3 13 13 7
1 8 1 1 0 0 745 1 7 7 13
1 9 1 0 0 0 760 3 10 10 7
1 10 1 0 0 0 760 2 15 15 10
1 11 1 1 0 0 651 1 10 10 15
1 12 1 1 0 0 578 1 15 15 10
1 13 1 0 0 0 760 3 2 2 15
1 14 1 0 0 0 760 2 14 14 2
1 15 1 0 0 0 760 2 11 11 14
1 16 1 0 0 0 760 2 15 15 11
1 17 1 0 0 0 760 2 3 3 15
1 18 1 0 0 0 760 2 13 13 3
1 19 1 1 0 0 567 1 3 3 13
1 20 1 0 0 0 760 3 7 7 3
1 21 1 1 0 0 573 1 3 3 7
1 22 1 0 0 0 760 3 4 4 3
1 23 1 1 0 0 590 1 3 3 4
1 24 1 0 0 0 760 3 10 10 3
1 25 1 0 0 0 760 3 1 1 10
2 1 1 0 0 0 760 3 11 11 1
2 2 1 0 0 0 760 3 8 8 11
2 3 1 1 0 0 720 1 11 11 8
2 4 0 0 1 0 760 1 8 8 11
2 5 1 0 0 0 760 3 5 5 8
2 6 1 1 0 0 636 1 8 8 5
2 7 1 0 0 0 760 3 1 1 8
2 8 1 0 0 0 760 2 4 4 1
2 9 1 0 0 0 760 3 15 15 4
2 10 0 0 1 0 760 1 4 4 15
2 11 1 0 0 0 760 3 14 14 4
2 12 1 0 0 0 760 3 10 10 14
2 13 1 0 0 0 760 2 12 12 10
2 14 1 0 0 0 760 2 14 14 12
2 15 1 0 0 0 760 2 7 7 14
2 16 1 1 0 0 533 1 14 14 7
2 17 1 0 0 0 760 2 10 10 14
2 18 1 1 0 0 547 1 14 14 10
2 19 1 0 0 0 760 2 6 6 14
2 20 1 0 0 0 760 2 2 2 6
2 21 1 0 0 0 760 3 10 10 2
2 22 1 0 0 0 760 3 7 7 10
2 23 1 0 0 0 760 2 12 12 7
2 24 1 1 0 0 549 1 7 7 12
2 25 1 0 0 0 760 2 3 3 7
3 1 1 0 0 0 760 2 15 15 3
3 2 1 0 0 0 760 3 8 8 15
3 3 0 0 1 0 760 1 15 15 8
3 4 1 0 0 0 760 3 12 12 15
3 5 1 0 0 0 760 3 8 8 12
3 6 1 0 0 0 760 2 8 8 8
3 7 1 0 0 0 760 3 3 3 8
3 8 1 0 0 0 760 3 14 14 3
3 9 1 1 0 0 615 1 3 3 14
3 10 1 1 0 0 650 1 14 14 3
3 11 1 0 0 0 760 2 4 4 14
3 12 0 0 1 0 760 1 14 14 4
3 13 1 0 0 0 760 3 3 3 14
3 14 1 0 0 0 760 3 5 5 3
3 15 1 1 0 0 596 1 3 3 5
3 16 1 1 0 0 654 1 5 5 3
3 17 1 0 0 0 760 2 4 4 5
3 18 1 1 0 0 704 1 5 5 4
3 19 1 1 0 0 635 1 4 4 5
3 20 1 0 0 0 760 2 15 15 4
3 21 1 0 0 0 760 3 7 7 15
3 22 1 0 0 0 760 3 3 3 7
3 23 0 0 0 1 634 2 3 3 3
3 24 1 0 0 0 760 3 5 5 3
3 25 1 0 0 0 760 3 13 13 5
