1 1 1 0 0 0 760 3 8 8 0
1 2 1 0 0 0 760 1 1 1 8
1 3 1 0 0 0 760 3 13 13 1
1 4 1 0 0 0 760 3 4 4 13
1 5 1 1 0 0 648 1 13 13 4
1 6 1 0 0 0 760 2 13 13 13
1 7 1 1 0 0 712 1 13 13 13
1 8 1 1 0 0 639 1 13 13 13
1 9 1 1 0 0 556 1 13 13 13
1 10 1 0 0 0 760 2 8 8 13
1 11 1 0 0 0 760 2 9 9 8
1 12 1 0 0 0 760 3 9 9 9
1 13 1 1 0 0 719 1 9 9 9
1 14 1 0 0 0 760 2 6 6 9
1 15 1 0 0 0 760 3 6 6 6
1 16 1 1 0 0 634 1 6 6 6
1 17 1 0 0 0 760 2 11 11 6
1 18 1 0 0 0 760 2 15 15 11
1 19 1 0 0 0 760 2 4 4 15
1 20 1 0 0 0 760 3 12 12 4
1 21 1 1 0 0 715 1 4 4 12
1 22 1 1 0 0 651 1 12 12 4
1 23 1 0 0 0 760 2 7 7 12
1 24 1 1 0 0 706 1 12 12 7
1 25 1 0 0 0 760 3 13 13 12
2 1 1 0 0 0 760 2 11 11 13
2 2 1 0 0 0 760 1 2 2 11
2 3 1 0 0 0 760 2 9 9 2
2 4 0 0 1 0 760 1 2 2 9
2 5 1 0 0 0 760 2 14 14 2
2 6 1 0 0 0 760 3 12 12 14
2 7 1 0 0 0 760 2 8 8 12
2 8 1 0 0 0 760 3 4 4 8
2 9 1 0 0 0 760 2 3 3 4
2 10 1 1 0 0 730 1 4 4 3
2 11 1 0 0 0 760 2 4 4 4
2 12 1 0 0 0 760 2 1 1 4
2 13 1 1 0 0 572 1 4 4 1
2 14 1 0 0 0 760 3 14 14 4
2 15 1 0 0 0 760 2 10 10 14
2 16 1 0 0 0 760 3 12 12 10
2 17 1 0 0 0 760 2 1 1 12
2 18 1 0 0 0 760 3 5 5 1
2 19 1 1 0 0 645 1 1 1 5
2 20 1 0 0 0 760 2 9 9 1
2 21 1 0 0 0 760 3 9 9 9
2 22 1 1 0 0 609 1 9 9 9
2 23 1 0 0 0 760 3 10 10 9
2 24 1 0 0 0 760 3 15 15 10
2 25 1 0 0 0 760 3 15 15 15
3 1 1 0 0 0 760 1 2 2 15
3 2 1 0 0 0 760 1 12 12 2
3 3 1 0 0 0 760 3 15 15 12
3 4 1 0 0 0 760 2 9 9 15
3 5 1 1 0 0 711 1 15 15 9
3 6 1 0 0 0 760 2 2 2 15
3 7 1 0 0 0 760 2 8 8 2
3 8 1 0 0 0 760 3 14 14 8
3 9 1 1 0 0 702 1 8 8 14
3 10 1 0 0 0 760 3 12 12 8
3 11 1 0 0 0 760 2 2 2 12
3 12 1 0 0 0 760 3 13 13 2
3 13 1 0 0 0 760 2 5 5 13
3 14 1 0 0 0 760 2 1 1 5
3 15 1 0 0 0 760 3 4 4 1
3 16 1 1 0 0 690 1 1 1 4
3 17 1 0 0 0 760 3 8 8 1
3 18 0 0 1 0 760 1 1 1 8
3 19 1 0 0 0 760 3 5 5 1
3 20 1 1 0 0 740 1 1 1 5
3 21 1 1 0 0 724 1 5 5 1
3 22 1 0 0 0 760 2 11 11 5
3 23 1 1 0 0 739 1 5 5 11
3 24 1 0 0 0 760 2 1 1 5
3 25 1 0 0 0 760 3 15 15 1
