1 1 1 0 0 0 760 2 6 6 0
1 2 1 0 0 0 760 1 6 6 6
1 3 1 1 0 0 762 1 6 6 6
1 4 1 0 0 0 760 3 14 14 6
1 5 1 0 0 0 760 3 10 10 14
1 6 1 0 0 0 760 3 9 9 10
1 7 1 0 0 0 760 3 3 3 9
1 8 1 0 0 0 760 2 1 1 3
1 9 1 0 0 0 760 2 4 4 1
1 10 1 0 0 0 760 3 12 12 4
1 11 1 0 0 0 760 2 11 11 12
1 12 1 0 0 0 760 2 1 1 11
1 13 1 0 0 0 760 3 15 15 1
1 14 1 0 0 0 760 2 4 4 15
1 15 0 0 1 0 760 1 15 15 4
1 16 1 0 0 0 760 3 11 11 15
1 17 1 0 0 0 760 2 2 2 11
1 18 0 0 1 0 669 1 11 11 2
1 19 1 0 0 0 760 3 3 3 11
1 20 1 0 0 0 760 3 3 3 3
1 21 1 0 0 0 760 2 5 5 3
1 22 1 0 0 0 760 3 12 12 5
1 23 1 1 0 0 597 1 5 5 12
1 24 1 0 0 0 760 2 8 8 5
1 25 1 0 0 0 760 3 2 2 8
2 1 1 0 0 0 760 2 6 6 2
2 2 1 0 0 0 760 2 14 14 6
2 3 1 0 0 0 760 3 3 3 14
2 4 1 0 0 0 760 3 2 2 3
2 5 1 0 0 0 760 3 14 14 2
2 6 1 0 0 0 760 2 7 7 14
2 7 1 1 0 0 659 1 14 14 7
2 8 0 0 1 0 760 1 7 7 14
2 9 1 0 0 0 760 2 8 8 7
2 10 0 0 1 0 760 1 7 7 8
2 11 1 0 0 0 760 3 13 13 7
2 12 1 0 0 0 760 3 1 1 13
2 13 1 1 0 0 540 1 13 13 1
2 14 0 0 0 1 632 3 13 13 13
2 15 1 0 0 0 760 3 2 2 13
2 16 1 0 0 0 760 2 9 9 2
2 17 1 1 0 0 572 1 2 2 9
2 18 1 1 0 0 632 1 9 9 2
2 19 1 0 0 0 760 3 5 5 9
2 20 1 0 0 0 760 2 8 8 5
2 21 1 0 0 0 760 2 4 4 8
2 22 1 1 0 0 601 1 8 8 4
2 23 1 0 0 0 760 2 2 2 8
2 24 1 0 0 0 760 2 9 9 2
2 25 1 0 0 0 760 3 11 11 9
3 1 1 0 0 0 760 3 13 13 11
3 2 1 0 0 0 760 3 9 9 13
3 3 1 1 0 0 575 1 13 13 9
3 4 1 0 0 0 760 2 13 13 13
3 5 1 1 0 0 559 1 13 13 13
3 6 1 0 0 0 760 2 6 6 13
3 7 1 0 0 0 760 2 4 4 6
3 8 1 0 0 0 760 2 11 11 4
3 9 1 0 0 0 760 3 2 2 11
3 10 1 0 0 0 760 3 15 15 2
3 11 1 0 0 0 760 3 13 13 15
3 12 1 0 0 0 760 3 11 11 13
3 13 1 0 0 0 760 3 8 8 11
3 14 1 0 0 0 760 2 5 5 8
3 15 1 1 0 0 579 1 8 8 5
3 16 1 0 0 0 760 3 3 3 8
3 17 1 1 0 0 747 1 8 8 3
3 18 0 0 1 0 760 1 3 3 8
3 19 1 0 0 0 760 3 13 13 3
3 20 1 1 0 0 495 1 3 3 13
3 21 1 0 0 0 760 3 2 2 3
3 22 0 0 0 1 735 2 13 13 2
3 23 1 1 0 0 539 1 2 2 13
3 24 1 0 0 0 760 3 12 12 2
3 25 1 0 0 0 760 3 1 1 12
