1 1 1 0 0 0 582 2 9 9 0
1 2 1 0 0 0 760 3 4 4 9
1 3 1 0 0 0 760 2 10 10 4
1 4 1 0 0 0 760 2 2 2 10
1 5 1 0 0 0 760 2 1 1 2
1 6 1 1 0 0 538 1 2 2 1
1 7 1 0 0 0 760 3 11 11 2
1 8 1 0 0 0 760 2 1 1 11
1 9 1 0 0 0 760 2 9 9 1
1 10 1 0 0 0 760 3 11 11 9
1 11 1 1 0 0 576 1 9 9 11
1 12 0 0 1 0 760 1 11 11 9
1 13 1 1 0 0 685 1 9 9 11
1 14 1 0 0 0 760 2 6 6 9
1 15 1 1 0 0 518 1 9 9 6
1 16 1 0 0 0 760 2 11 11 9
1 17 1 0 0 0 760 3 8 8 11
1 18 1 1 0 0 541 1 11 11 8
1 19 1 0 0 0 760 2 3 3 11
1 20 1 1 0 0 667 1 11 11 3
1 21 1 0 0 0 760 3 13 13 11
1 22 1 1 0 0 557 1 11 11 13
1 23 1 0 0 0 760 3 3 3 11
1 24 1 1 0 0 555 1 11 11 3
1 25 1 0 0 0 760 2 15 15 11
2 1 1 0 0 0 760 3 14 14 15
2 2 1 0 0 0 760 2 11 11 14
2 3 1 0 0 0 760 3 11 11 11
2 4 1 1 0 0 531 1 11 11 11
2 5 1 0 0 0 760 2 6 6 11
2 6 1 0 0 0 760 3 2 2 6
2 7 1 1 0 0 486 1 6 6 2
2 8 1 1 0 0 558 1 2 2 6
2 9 1 0 0 0 760 2 4 4 2
2 10 1 1 0 0 503 1 2 2 4
2 11 1 0 0 0 760 2 12 12 2
2 12 1 0 0 0 760 2 4 4 12
2 13 1 0 0 0 760 2 13 13 4
2 14 1 0 0 0 760 2 6 6 13
2 15 1 1 0 0 503 1 13 13 6
2 16 1 1 0 0 545 1 6 6 13
2 17 1 0 0 0 760 2 7 7 6
2 18 1 0 0 0 760 3 11 11 7
2 19 1 1 0 0 548 1 7 7 11
2 20 1 0 0 0 760 2 2 2 7
2 21 1 0 0 0 760 2 13 13 2
2 22 1 1 0 0 591 1 2 2 13
2 23 1 1 0 0 518 1 13 13 2
2 24 1 0 0 0 760 3 12 12 13
2 25 1 0 0 0 760 3 9 9 12
3 1 1 0 0 0 760 2 14 14 9
3 2 1 0 0 0 760 1 4 4 14
3 3 1 0 0 0 760 3 7 7 4
3 4 1 0 0 0 760 3 1 1 7
3 5 1 0 0 0 760 2 10 10 1
3 6 1 1 0 0 603 1 1 1 10
3 7 1 0 0 0 760 3 11 11 1
3 8 1 0 0 0 760 3 4 4 11
3 9 1 0 0 0 760 2 6 6 4
3 10 1 0 0 0 760 2 6 6 6
3 11 1 0 0 0 760 2 2 2 6
3 12 1 0 0 0 760 2 11 11 2
3 13 1 1 0 0 477 1 2 2 11
3 14 1 1 0 0 552 1 11 11 2
3 15 1 1 0 0 528 1 2 2 11
3 16 1 0 0 0 760 3 6 6 2
3 17 1 1 0 0 632 1 2 2 6
3 18 1 0 0 0 760 2 9 9 2
3 19 1 0 0 0 760 3 11 11 9
3 20 1 1 0 0 466 1 9 9 11
3 21 1 1 0 0 690 1 11 11 9
3 22 1 0 0 0 760 3 10 10 11
3 23 1 0 0 0 760 3 3 3 10
3 24 1 0 0 0 760 3 8 8 3
3 25 1 0 0 0 760 2 12 12 8
