1 1 1 0 0 0 760 1 10 10 0
1 2 1 0 0 0 760 2 10 10 10
1 3 1 1 0 0 507 1 10 10 10
1 4 1 0 0 0 760 2 9 9 10
1 5 1 0 0 0 760 3 15 15 9
1 6 1 1 0 0 546 1 9 9 15
1 7 1 0 0 0 760 2 3 3 9
1 8 1 1 0 0 541 1 9 9 3
1 9 0 0 1 0 760 1 3 3 9
1 10 0 0 1 0 760 1 9 9 3
1 11 1 0 0 0 760 3 1 1 9
1 12 1 0 0 0 760 3 6 6 1
1 13 1 0 0 0 760 3 9 9 6
1 14 1 0 0 0 760 2 15 15 9
1 15 1 0 0 0 760 2 1 1 15
1 16 0 0 1 0 760 1 15 15 1
1 17 1 0 0 0 760 3 2 2 15
1 18 1 0 0 0 760 3 11 11 2
1 19 1 0 0 0 760 3 9 9 11
1 20 1 0 0 0 760 2 10 10 9
1 21 1 0 0 0 760 2 11 11 10
1 22 1 0 0 0 760 3 3 3 11
1 23 1 1 0 0 605 1 11 11 3
1 24 1 1 0 0 713 1 3 3 11
1 25 0 0 1 0 760 1 11 11 3
2 1 1 0 0 0 760 1 5 5 11
2 2 1 0 0 0 760 3 10 10 5
2 3 1 1 0 0 449 1 5 5 10
2 4 1 0 0 0 760 2 8 8 5
2 5 1 0 0 0 760 2 9 9 8
2 6 1 0 0 0 760 2 4 4 9
2 7 1 1 0 0 597 1 9 9 4
2 8 1 0 0 0 760 3 5 5 9
2 9 1 1 0 0 629 1 9 9 5
2 10 1 1 0 0 497 1 5 5 9
2 11 1 1 0 0 545 1 9 9 5
2 12 1 0 0 0 760 2 4 4 9
2 13 1 0 0 0 760 3 7 7 4
2 14 1 0 0 0 760 3 6 6 7
2 15 0 0 0 1 651 3 6 6 6
2 16 1 0 0 0 760 2 1 1 6
2 17 1 1 0 0 552 1 6 6 1
2 18 1 0 0 0 760 2 15 15 6
2 19 1 0 0 0 760 3 3 3 15
2 20 1 0 0 0 760 3 2 2 3
2 21 1 0 0 0 760 2 10 10 2
2 22 1 0 0 0 760 3 9 9 10
2 23 1 0 0 0 760 2 12 12 9
2 24 1 0 0 0 760 3 4 4 12
2 25 0 0 1 0 760 1 12 12 4
3 1 1 0 0 0 760 1 3 3 12
3 2 1 0 0 0 760 1 5 5 3
3 3 1 1 0 0 497 1 3 3 5
3 4 1 0 0 0 760 3 1 1 3
3 5 1 0 0 0 760 3 4 4 1
3 6 1 0 0 0 760 2 3 3 4
3 7 1 1 0 0 522 1 4 4 3
3 8 1 1 0 0 620 1 3 3 4
3 9 1 0 0 0 760 2 12 12 3
3 10 1 0 0 0 760 3 9 9 12
3 11 1 1 0 0 492 1 12 12 9
3 12 1 0 0 0 760 2 7 7 12
3 13 1 0 0 0 760 2 2 2 7
3 14 1 1 0 0 526 1 7 7 2
3 15 1 1 0 0 550 1 2 2 7
3 16 0 0 1 0 760 1 7 7 2
3 17 1 0 0 0 760 2 14 14 7
3 18 1 0 0 0 760 2 15 15 14
3 19 1 0 0 0 760 2 3 3 15
3 20 1 1 0 0 548 1 15 15 3
3 21 1 0 0 0 760 2 15 15 15
3 22 1 0 0 0 760 3 8 8 15
3 23 1 1 0 0 509 1 15 15 8
3 24 1 0 0 0 760 3 10 10 15
3 25 1 0 0 0 760 3 12 12 10
