1 1 1 0 0 0 760 2 10 10 0
1 2 1 0 0 0 760 1 7 7 10
1 3 1 1 0 0 550 1 10 10 7
1 4 1 0 0 0 760 2 4 4 10
1 5 1 0 0 0 760 3 4 4 4
1 6 1 0 0 0 760 3 13 13 4
1 7 0 0 1 0 760 1 4 4 13
1 8 1 0 0 0 760 3 2 2 4
1 9 1 0 0 0 760 3 11 11 2
1 10 1 0 0 0 760 3 7 7 11
1 11 0 0 1 0 760 1 11 11 7
1 12 1 1 0 0 730 1 7 7 11
1 13 1 0 0 0 760 3 5 5 7
1 14 1 0 0 0 760 2 14 14 5
1 15 1 0 0 0 760 2 4 4 14
1 16 1 0 0 0 760 3 8 8 4
1 17 1 0 0 0 760 2 10 10 8
1 18 1 1 0 0 669 1 8 8 10
1 19 1 0 0 0 760 3 3 3 8
1 20 0 0 1 0 760 1 8 8 3
1 21 0 0 0 1 646 3 10 10 8
1 22 1 0 0 0 760 2 12 12 10
1 23 1 0 0 0 760 3 11 11 12
1 24 1 0 0 0 760 3 7 7 11
1 25 1 1 0 0 595 1 11 11 7
2 1 1 0 0 0 760 2 3 3 11
2 2 1 0 0 0 760 3 5 5 3
2 3 0 0 1 0 760 1 3 3 5
2 4 1 0 0 0 760 3 7 7 3
2 5 1 0 0 0 760 3 12 12 7
2 6 1 1 0 0 725 1 7 7 12
2 7 1 0 0 0 760 2 9 9 7
2 8 1 1 0 0 624 1 7 7 9
2 9 1 0 0 0 760 3 15 15 7
2 10 1 0 0 0 760 2 1 1 15
2 11 1 0 0 0 760 3 6 6 1
2 12 0 0 1 0 760 1 1 1 6
2 13 1 1 0 0 690 1 6 6 1
2 14 1 1 0 0 606 1 1 1 6
2 15 0 0 0 1 707 2 15 15 1
2 16 1 0 0 0 760 2 9 9 15
2 17 1 0 0 0 760 3 4 4 9
2 18 0 0 0 1 627 2 4 4 4
2 19 0 0 1 0 760 1 4 4 4
2 20 0 0 1 0 760 1 4 4 4
2 21 1 1 0 0 561 1 4 4 4
2 22 1 1 0 0 645 1 4 4 4
2 23 1 1 0 0 619 1 4 4 4
2 24 1 0 0 0 760 3 3 3 4
2 25 1 1 0 0 624 1 4 4 3
3 1 1 0 0 0 760 2 15 15 4
3 2 1 0 0 0 760 2 6 6 15
3 3 0 0 1 0 760 1 15 15 6
3 4 1 0 0 0 760 2 1 1 15
3 5 0 0 1 0 760 1 15 15 1
3 6 1 0 0 0 760 2 2 2 15
3 7 1 0 0 0 760 2 2 2 2
3 8 1 0 0 0 760 2 1 1 2
3 9 1 0 0 0 760 2 13 13 1
3 10 1 0 0 0 760 3 2 2 13
3 11 1 0 0 0 760 3 9 9 2
3 12 1 0 0 0 760 2 15 15 9
3 13 1 0 0 0 760 3 12 12 15
3 14 0 0 1 0 760 1 15 15 12
3 15 1 0 0 0 760 3 6 6 15
3 16 0 0 1 0 760 1 15 15 6
3 17 1 1 0 0 721 1 6 6 15
3 18 1 0 0 0 760 2 14 14 6
3 19 1 0 0 0 760 2 1 1 14
3 20 1 0 0 0 760 2 1 1 1
3 21 1 0 0 0 760 2 13 13 1
3 22 1 0 0 0 760 2 2 2 13
3 23 0 0 1 0 760 1 13 13 2
3 24 0 0 1 0 760 1 2 2 13
3 25 0 0 1 0 760 1 13 13 2
