1 1 1 0 0 0 760 2 1 1 0
1 2 1 0 0 0 760 3 9 9 1
1 3 1 0 0 0 760 2 15 15 9
1 4 1 0 0 0 760 3 8 8 15
1 5 1 0 0 0 760 2 13 13 8
1 6 1 0 0 0 760 2 4 4 13
1 7 0 0 1 0 760 1 13 13 4
1 8 1 0 0 0 760 2 11 11 13
1 9 1 0 0 0 760 2 6 6 11
1 10 1 0 0 0 760 2 1 1 6
1 11 0 0 1 0 760 1 6 6 1
1 12 0 0 1 0 760 1 1 1 6
1 13 1 0 0 0 760 3 15 15 1
1 14 1 0 0 0 760 3 10 10 15
1 15 1 0 0 0 760 3 10 10 10
1 16 1 1 0 0 724 1 10 10 10
1 17 0 0 1 0 760 1 10 10 10
1 18 1 0 0 0 760 3 9 9 10
1 19 1 0 0 0 760 2 3 3 9
1 20 0 0 1 0 760 1 9 9 3
1 21 0 0 1 0 760 1 3 3 9
1 22 1 0 0 0 760 2 4 4 3
1 23 1 1 0 0 683 1 3 3 4
1 24 1 0 0 0 760 2 6 6 3
1 25 0 0 1 0 760 1 3 3 6
2 1 1 0 0 0 760 2 14 14 3
2 2 1 0 0 0 760 2 12 12 14
2 3 1 0 0 0 760 2 9 9 12
2 4 1 0 0 0 760 2 10 10 9
2 5 1 0 0 0 760 2 2 2 10
2 6 1 0 0 0 760 2 9 9 2
2 7 1 0 0 0 760 2 9 9 9
2 8 1 0 0 0 760 3 8 8 9
2 9 1 0 0 0 760 2 10 10 8
2 10 1 0 0 0 760 2 3 3 10
2 11 1 1 0 0 512 1 10 10 3
2 12 1 0 0 0 760 3 2 2 10
2 13 0 0 0 1 538 2 2 2 2
2 14 0 0 1 0 760 1 2 2 2
2 15 1 0 0 0 760 2 8 8 2
2 16 1 0 0 0 760 3 11 11 8
2 17 1 0 0 0 760 3 13 13 11
2 18 1 1 0 0 736 1 11 11 13
2 19 0 0 1 0 760 1 13 13 11
2 20 0 0 1 0 760 1 11 11 13
2 21 0 0 1 0 760 1 13 13 11
2 22 1 0 0 0 760 2 3 3 13
2 23 1 0 0 0 760 3 12 12 3
2 24 1 0 0 0 760 3 7 7 12
2 25 1 0 0 0 760 3 8 8 7
3 1 1 0 0 0 760 3 14 14 8
3 2 1 0 0 0 760 1 1 1 14
3 3 0 0 1 0 760 1 14 14 1
3 4 1 1 0 0 713 1 1 1 14
3 5 1 0 0 0 760 2 10 10 1
3 6 1 0 0 0 760 2 8 8 10
3 7 1 1 0 0 629 1 10 10 8
3 8 0 0 1 0 760 1 8 8 10
3 9 1 1 0 0 744 1 10 10 8
3 10 1 1 0 0 677 1 8 8 10
3 11 1 0 0 0 760 2 5 5 8
3 12 1 0 0 0 760 2 13 13 5
3 13 1 0 0 0 760 3 15 15 13
3 14 0 0 1 0 760 1 13 13 15
3 15 1 0 0 0 760 2 8 8 13
3 16 1 1 0 0 755 1 13 13 8
3 17 0 0 1 0 760 1 8 8 13
3 18 1 0 0 0 760 2 6 6 8
3 19 1 0 0 0 760 3 5 5 6
3 20 1 0 0 0 760 2 11 11 5
3 21 1 0 0 0 760 2 2 2 11
3 22 1 0 0 0 760 3 4 4 2
3 23 1 0 0 0 760 2 5 5 4
3 24 1 0 0 0 760 3 1 1 5
3 25 1 0 0 0 760 2 9 9 1
