1 1 1 0 0 0 760 1 11 11 0
1 2 1 0 0 0 760 3 5 5 11
1 3 0 0 0 1 564 2 3 3 5
1 4 1 0 0 0 760 3 14 14 3
1 5 1 0 0 0 760 2 2 2 14
1 6 1 0 0 0 760 3 9 9 2
1 7 1 0 0 0 760 3 14 14 9
1 8 1 1 0 0 679 1 9 9 14
1 9 1 0 0 0 760 2 8 8 9
1 10 1 0 0 0 760 2 15 15 8
1 11 1 0 0 0 760 2 6 6 15
1 12 1 0 0 0 760 2 13 13 6
1 13 0 0 1 0 760 1 6 6 13
1 14 1 0 0 0 760 2 4 4 6
1 15 0 0 1 0 760 1 6 6 4
1 16 1 0 0 0 760 2 11 11 6
1 17 1 0 0 0 760 2 12 12 11
1 18 0 0 1 0 760 1 11 11 12
1 19 1 0 0 0 760 3 9 9 11
1 20 1 0 0 0 760 3 10 10 9
1 21 1 0 0 0 760 2 10 10 10
1 22 1 0 0 0 760 3 9 9 10
1 23 1 1 0 0 611 1 10 10 9
1 24 1 0 0 0 760 3 3 3 10
1 25 0 0 1 0 760 1 10 10 3
2 1 1 0 0 0 760 3 8 8 10
2 2 0 0 0 1 627 3 8 8 8
2 3 1 1 0 0 549 1 8 8 8
2 4 1 0 0 0 760 2 1 1 8
2 5 1 1 0 0 477 1 8 8 1
2 6 1 0 0 0 760 3 8 8 8
2 7 1 0 0 0 760 3 5 5 8
2 8 1 0 0 0 760 2 1 1 5
2 9 1 0 0 0 760 2 3 3 1
2 10 1 1 0 0 631 1 1 1 3
2 11 1 1 0 0 518 1 3 3 1
2 12 1 1 0 0 635 1 1 1 3
2 13 1 0 0 0 760 3 15 15 1
2 14 1 0 0 0 760 2 8 8 15
2 15 1 1 0 0 565 1 15 15 8
2 16 1 0 0 0 760 3 15 15 15
2 17 0 0 1 0 760 1 15 15 15
2 18 1 0 0 0 760 3 10 10 15
2 19 1 0 0 0 760 2 8 8 10
2 20 1 0 0 0 760 2 11 11 8
2 21 1 0 0 0 760 3 12 12 11
2 22 1 1 0 0 548 1 11 11 12
2 23 1 0 0 0 760 2 10 10 11
2 24 1 0 0 0 760 3 5 5 10
2 25 1 1 0 0 473 1 10 10 5
3 1 1 0 0 0 760 3 11 11 10
3 2 1 0 0 0 760 3 13 13 11
3 3 1 0 0 0 760 2 3 3 13
3 4 1 1 0 0 522 1 13 13 3
3 5 1 0 0 0 760 3 8 8 13
3 6 1 0 0 0 760 2 5 5 8
3 7 1 0 0 0 760 2 6 6 5
3 8 1 0 0 0 760 2 7 7 6
3 9 1 0 0 0 760 2 9 9 7
3 10 1 0 0 0 760 3 10 10 9
3 11 1 1 0 0 642 1 9 9 10
3 12 0 0 0 1 562 3 9 9 9
3 13 1 1 0 0 670 1 9 9 9
3 14 1 0 0 0 760 3 11 11 9
3 15 1 0 0 0 760 3 8 8 11
3 16 1 0 0 0 760 3 2 2 8
3 17 1 0 0 0 760 3 4 4 2
3 18 1 1 0 0 758 1 2 2 4
3 19 1 0 0 0 760 3 15 15 2
3 20 0 0 1 0 760 1 2 2 15
3 21 1 1 0 0 542 1 15 15 2
3 22 0 0 0 1 626 3 15 15 15
3 23 1 0 0 0 760 2 11 11 15
3 24 1 1 0 0 501 1 15 15 11
3 25 1 0 0 0 760 3 8 8 15
