1 1 1 0 0 0 760 2 3 3 0
1 2 1 0 0 0 760 1 12 12 3
1 3 1 0 0 0 760 2 13 13 12
1 4 1 1 0 0 715 1 12 12 13
1 5 0 0 1 0 760 1 13 13 12
1 6 1 0 0 0 760 2 6 6 13
1 7 0 0 1 0 760 1 13 13 6
1 8 1 1 0 0 675 1 6 6 13
1 9 1 0 0 0 760 2 3 3 6
1 10 0 0 1 0 760 1 6 6 3
1 11 0 0 1 0 760 1 3 3 6
1 12 0 0 1 0 760 1 6 6 3
1 13 1 0 0 0 760 2 9 9 6
1 14 1 1 0 0 606 1 6 6 9
1 15 1 0 0 0 760 2 3 3 6
1 16 1 1 0 0 611 1 6 6 3
1 17 1 0 0 0 760 2 13 13 6
1 18 1 0 0 0 760 3 3 3 13
1 19 1 0 0 0 760 3 9 9 3
1 20 1 0 0 0 760 2 12 12 9
1 21 1 0 0 0 760 3 8 8 12
1 22 1 0 0 0 760 2 9 9 8
1 23 1 0 0 0 760 2 9 9 9
1 24 0 0 1 0 760 1 9 9 9
1 25 1 0 0 0 760 3 13 13 9
2 1 1 0 0 0 760 3 10 10 13
2 2 1 0 0 0 760 3 2 2 10
2 3 0 0 1 0 760 1 10 10 2
2 4 1 0 0 0 760 3 5 5 10
2 5 0 0 1 0 760 1 10 10 5
2 6 0 0 1 0 760 1 5 5 10
2 7 1 0 0 0 760 2 13 13 5
2 8 1 0 0 0 760 2 13 13 13
2 9 1 1 0 0 747 1 13 13 13
2 10 0 0 1 0 760 1 13 13 13
2 11 1 0 0 0 760 3 5 5 13
2 12 1 0 0 0 760 2 9 9 5
2 13 1 0 0 0 760 2 3 3 9
2 14 0 0 1 0 760 1 9 9 3
2 15 1 0 0 0 760 2 10 10 9
2 16 1 0 0 0 760 2 2 2 10
2 17 1 0 0 0 760 2 14 14 2
2 18 1 0 0 0 760 2 14 14 14
2 19 1 0 0 0 760 3 11 11 14
2 20 0 0 1 0 760 1 14 14 11
2 21 1 0 0 0 760 2 6 6 14
2 22 1 0 0 0 760 2 11 11 6
2 23 1 0 0 0 760 3 9 9 11
2 24 0 0 1 0 760 1 11 11 9
2 25 1 0 0 0 760 3 5 5 11
3 1 1 0 0 0 760 1 8 8 5
3 2 1 0 0 0 760 1 14 14 8
3 3 1 0 0 0 760 3 7 7 14
3 4 1 0 0 0 760 2 5 5 7
3 5 1 0 0 0 760 3 2 2 5
3 6 1 1 0 0 646 1 5 5 2
3 7 1 0 0 0 760 2 12 12 5
3 8 0 0 1 0 760 1 5 5 12
3 9 1 0 0 0 760 2 4 4 5
3 10 1 0 0 0 760 2 6 6 4
3 11 1 1 0 0 651 1 4 4 6
3 12 1 0 0 0 760 3 11 11 4
3 13 1 0 0 0 760 2 10 10 11
3 14 1 0 0 0 760 2 13 13 10
3 15 1 0 0 0 760 3 4 4 13
3 16 1 1 0 0 535 1 13 13 4
3 17 1 0 0 0 760 3 8 8 13
3 18 1 0 0 0 760 2 1 1 8
3 19 1 0 0 0 760 3 5 5 1
3 20 1 0 0 0 760 2 4 4 5
3 21 1 0 0 0 760 3 12 12 4
3 22 1 0 0 0 760 2 9 9 12
3 23 1 0 0 0 760 3 2 2 9
3 24 0 0 1 0 760 1 9 9 2
3 25 1 0 0 0 760 3 4 4 9
