1 1 1 0 0 0 760 2 8 8 0
1 2 1 0 0 0 760 2 12 12 8
1 3 1 0 0 0 760 3 2 2 12
1 4 1 1 0 0 584 1 12 12 2
1 5 1 1 0 0 670 1 2 2 12
1 6 1 0 0 0 760 2 10 10 2
1 7 1 1 0 0 517 1 2 2 10
1 8 1 0 0 0 760 2 14 14 2
1 9 1 0 0 0 760 3 4 4 14
1 10 1 0 0 0 760 2 13 13 4
1 11 1 0 0 0 760 3 5 5 13
1 12 1 1 0 0 590 1 13 13 5
1 13 1 0 0 0 760 2 12 12 13
1 14 1 0 0 0 760 3 11 11 12
1 15 1 1 0 0 555 1 12 12 11
1 16 1 1 0 0 648 1 11 11 12
1 17 1 0 0 0 760 2 5 5 11
1 18 1 0 0 0 760 2 12 12 5
1 19 1 1 0 0 555 1 5 5 12
1 20 1 0 0 0 760 2 4 4 5
1 21 1 0 0 0 760 3 10 10 4
1 22 1 0 0 0 760 3 11 11 10
1 23 1 1 0 0 545 1 10 10 11
1 24 1 1 0 0 603 1 11 11 10
1 25 1 1 0 0 620 1 10 10 11
2 1 1 0 0 0 760 3 7 7 10
2 2 1 0 0 0 760 3 3 3 7
2 3 1 1 0 0 519 1 7 7 3
2 4 1 1 0 0 462 1 3 3 7
2 5 1 1 0 0 521 1 7 7 3
2 6 1 0 0 0 760 3 2 2 7
2 7 0 0 1 0 760 1 7 7 2
2 8 1 0 0 0 760 3 6 6 7
2 9 1 1 0 0 466 1 7 7 6
2 10 1 0 0 0 760 3 1 1 7
2 11 1 0 0 0 760 3 5 5 1
2 12 1 0 0 0 760 2 12 12 5
2 13 1 0 0 0 760 3 9 9 12
2 14 1 0 0 0 760 2 9 9 9
2 15 1 0 0 0 760 3 7 7 9
2 16 1 0 0 0 760 3 7 7 7
2 17 1 0 0 0 760 3 8 8 7
2 18 1 0 0 0 760 2 9 9 8
2 19 1 0 0 0 760 3 13 13 9
2 20 1 0 0 0 760 3 14 14 13
2 21 1 0 0 0 760 2 8 8 14
2 22 1 0 0 0 760 3 10 10 8
2 23 1 1 0 0 597 1 8 8 10
2 24 1 0 0 0 760 3 7 7 8
2 25 0 0 1 0 760 1 8 8 7
3 1 1 0 0 0 760 2 8 8 8
3 2 1 0 0 0 760 2 7 7 8
3 3 1 1 0 0 545 1 8 8 7
3 4 1 1 0 0 511 1 7 7 8
3 5 1 0 0 0 760 2 5 5 7
3 6 1 0 0 0 760 2 6 6 5
3 7 1 1 0 0 558 1 5 5 6
3 8 1 0 0 0 760 3 14 14 5
3 9 1 1 0 0 665 1 5 5 14
3 10 1 1 0 0 559 1 14 14 5
3 11 1 1 0 0 549 1 5 5 14
3 12 1 1 0 0 542 1 14 14 5
3 13 1 1 0 0 623 1 5 5 14
3 14 1 0 0 0 760 2 5 5 5
3 15 1 0 0 0 760 2 6 6 5
3 16 1 1 0 0 524 1 5 5 6
3 17 1 0 0 0 760 2 8 8 5
3 18 1 0 0 0 760 2 9 9 8
3 19 1 0 0 0 760 2 2 2 9
3 20 1 0 0 0 760 2 13 13 2
3 21 1 0 0 0 760 2 8 8 13
3 22 1 1 0 0 588 1 13 13 8
3 23 1 1 0 0 504 1 8 8 13
3 24 1 0 0 0 760 2 8 8 8
3 25 1 0 0 0 760 2 13 13 8
