1 1 1 0 0 0 760 3 13 13 0
1 2 1 0 0 0 760 3 1 1 13
1 3 1 0 0 0 760 3 6 6 1
1 4 1 0 0 0 760 2 4 4 6
1 5 1 0 0 0 760 3 4 4 4
1 6 1 1 0 0 547 1 4 4 4
1 7 0 0 1 0 760 1 4 4 4
1 8 1 1 0 0 757 1 4 4 4
1 9 1 0 0 0 760 2 7 7 4
1 10 1 0 0 0 760 3 14 14 7
1 11 1 0 0 0 760 2 13 13 14
1 12 1 0 0 0 760 3 8 8 13
1 13 1 0 0 0 760 3 5 5 8
1 14 1 0 0 0 760 3 7 7 5
1 15 1 0 0 0 760 3 2 2 7
1 16 1 0 0 0 760 2 12 12 2
1 17 1 0 0 0 760 2 8 8 12
1 18 1 0 0 0 760 2 6 6 8
1 19 1 1 0 0 594 1 8 8 6
1 20 1 1 0 0 569 1 6 6 8
1 21 0 0 1 0 760 1 8 8 6
1 22 0 0 1 0 760 1 6 6 8
1 23 1 0 0 0 760 2 4 4 6
1 24 1 0 0 0 760 2 11 11 4
1 25 1 0 0 0 760 3 13 13 11
2 1 1 0 0 0 760 2 13 13 13
2 2 1 0 0 0 760 3 9 9 13
2 3 1 0 0 0 760 3 4 4 9
2 4 0 0 0 1 756 3 4 4 4
2 5 1 1 0 0 578 1 4 4 4
2 6 1 1 0 0 703 1 4 4 4
2 7 1 0 0 0 760 3 9 9 4
2 8 1 0 0 0 760 3 6 6 9
2 9 1 0 0 0 760 2 13 13 6
2 10 1 0 0 0 760 3 2 2 13
2 11 1 1 0 0 698 1 13 13 2
2 12 1 0 0 0 760 2 5 5 13
2 13 1 0 0 0 760 2 15 15 5
2 14 1 0 0 0 760 2 10 10 15
2 15 1 0 0 0 760 3 4 4 10
2 16 1 0 0 0 760 3 6 6 4
2 17 1 0 0 0 760 3 8 8 6
2 18 1 0 0 0 760 2 2 2 8
2 19 1 1 0 0 573 1 8 8 2
2 20 1 0 0 0 760 2 15 15 8
2 21 0 0 1 0 760 1 8 8 15
2 22 1 0 0 0 760 2 7 7 8
2 23 1 0 0 0 760 2 3 3 7
2 24 1 0 0 0 760 3 15 15 3
2 25 1 0 0 0 760 2 14 14 15
3 1 1 0 0 0 760 2 7 7 14
3 2 1 0 0 0 760 2 6 6 7
3 3 1 0 0 0 760 3 2 2 6
3 4 1 0 0 0 760 2 2 2 2
3 5 1 0 0 0 760 3 5 5 2
3 6 1 0 0 0 760 2 11 11 5
3 7 1 0 0 0 760 2 7 7 11
3 8 1 0 0 0 760 2 12 12 7
3 9 1 1 0 0 490 1 7 7 12
3 10 1 0 0 0 760 2 1 1 7
3 11 1 0 0 0 760 3 5 5 1
3 12 1 0 0 0 760 2 2 2 5
3 13 1 0 0 0 760 3 4 4 2
3 14 1 0 0 0 760 2 11 11 4
3 15 1 0 0 0 760 2 13 13 11
3 16 1 1 0 0 553 1 11 11 13
3 17 1 0 0 0 760 3 4 4 11
3 18 1 0 0 0 760 2 2 2 4
3 19 1 1 0 0 685 1 4 4 2
3 20 1 0 0 0 760 3 1 1 4
3 21 1 1 0 0 629 1 4 4 1
3 22 1 0 0 0 760 2 3 3 4
3 23 1 1 0 0 609 1 4 4 3
3 24 1 0 0 0 760 3 10 10 4
3 25 1 0 0 0 760 2 15 15 10
