1 1 1 0 0 0 760 3 2 2 0
1 2 1 0 0 0 760 2 13 13 2
1 3 1 0 0 0 760 3 11 11 13
1 4 0 0 1 0 760 1 13 13 11
1 5 1 0 0 0 760 2 13 13 13
1 6 1 0 0 0 760 2 11 11 13
1 7 0 0 1 0 760 1 13 13 11
1 8 0 0 1 0 760 1 11 11 13
1 9 0 0 1 0 760 1 13 13 11
1 10 0 0 1 0 760 1 11 11 13
1 11 1 0 0 0 760 3 15 15 11
1 12 1 0 0 0 760 3 4 4 15
1 13 0 0 1 0 760 1 15 15 4
1 14 1 0 0 0 760 2 7 7 15
1 15 1 0 0 0 760 3 9 9 7
1 16 1 0 0 0 760 2 6 6 9
1 17 1 0 0 0 760 2 4 4 6
1 18 1 0 0 0 760 3 4 4 4
1 19 0 0 1 0 760 1 4 4 4
1 20 1 0 0 0 760 2 7 7 4
1 21 1 0 0 0 760 3 7 7 7
1 22 1 1 0 0 516 1 7 7 7
1 23 1 0 0 0 760 3 1 1 7
1 24 1 0 0 0 760 3 12 12 1
1 25 1 1 0 0 687 1 1 1 12
2 1 1 0 0 0 760 2 10 10 1
2 2 1 0 0 0 760 1 4 4 10
2 3 1 0 0 0 760 2 12 12 4
2 4 1 0 0 0 760 3 13 13 12
2 5 1 0 0 0 760 2 5 5 13
2 6 1 1 0 0 651 1 13 13 5
2 7 1 0 0 0 760 3 9 9 13
2 8 1 0 0 0 760 3 7 7 9
2 9 0 0 1 0 760 1 9 9 7
2 10 0 0 1 0 760 1 7 7 9
2 11 1 0 0 0 760 2 7 7 7
2 12 0 0 1 0 760 1 7 7 7
2 13 0 0 1 0 760 1 7 7 7
2 14 1 0 0 0 760 2 5 5 7
2 15 0 0 1 0 760 1 7 7 5
2 16 0 0 1 0 760 1 5 5 7
2 17 0 0 1 0 760 1 7 7 5
2 18 1 0 0 0 760 3 9 9 7
2 19 1 0 0 0 760 2 4 4 9
2 20 0 0 1 0 760 1 9 9 4
2 21 1 0 0 0 760 2 10 10 9
2 22 1 0 0 0 760 2 2 2 10
2 23 0 0 1 0 760 1 10 10 2
2 24 1 0 0 0 760 2 14 14 10
2 25 1 0 0 0 760 3 6 6 14
3 1 1 0 0 0 760 3 3 3 6
3 2 1 0 0 0 760 2 10 10 3
3 3 1 0 0 0 760 2 6 6 10
3 4 1 0 0 0 760 3 6 6 6
3 5 1 0 0 0 760 3 15 15 6
3 6 1 1 0 0 749 1 6 6 15
3 7 1 0 0 0 760 2 14 14 6
3 8 1 0 0 0 760 2 9 9 14
3 9 0 0 1 0 760 1 14 14 9
3 10 0 0 1 0 760 1 9 9 14
3 11 1 0 0 0 760 3 2 2 9
3 12 1 0 0 0 760 2 3 3 2
3 13 1 0 0 0 760 2 12 12 3
3 14 1 0 0 0 760 3 15 15 12
3 15 1 0 0 0 760 3 4 4 15
3 16 0 0 1 0 760 1 15 15 4
3 17 1 0 0 0 760 2 13 13 15
3 18 1 0 0 0 760 3 2 2 13
3 19 1 1 0 0 605 1 13 13 2
3 20 0 0 1 0 760 1 2 2 13
3 21 0 0 1 0 760 1 13 13 2
3 22 1 0 0 0 760 2 13 13 13
3 23 1 0 0 0 760 2 5 5 13
3 24 0 0 1 0 760 1 13 13 5
3 25 1 0 0 0 760 3 1 1 13
