1 1 1 0 0 0 760 3 1 1 0
1 2 1 0 0 0 760 2 9 9 1
1 3 1 1 0 0 713 1 1 1 9
1 4 1 0 0 0 760 3 7 7 1
1 5 1 0 0 0 760 2 10 10 7
1 6 1 0 0 0 760 3 14 14 10
1 7 1 0 0 0 760 3 3 3 14
1 8 1 0 0 0 760 3 12 12 3
1 9 1 0 0 0 760 2 10 10 12
1 10 1 0 0 0 760 2 10 10 10
1 11 1 0 0 0 760 2 9 9 10
1 12 1 0 0 0 760 3 3 3 9
1 13 1 0 0 0 760 3 13 13 3
1 14 1 0 0 0 760 2 1 1 13
1 15 1 0 0 0 760 2 14 14 1
1 16 0 0 1 0 760 1 1 1 14
1 17 1 0 0 0 760 2 7 7 1
1 18 0 0 1 0 760 1 1 1 7
1 19 1 0 0 0 760 2 1 1 1
1 20 1 0 0 0 760 2 3 3 1
1 21 1 1 0 0 750 1 1 1 3
1 22 1 0 0 0 760 3 7 7 1
1 23 1 0 0 0 760 2 15 15 7
1 24 0 0 1 0 760 1 7 7 15
1 25 0 0 1 0 760 1 15 15 7
2 1 1 0 0 0 760 3 6 6 15
2 2 1 0 0 0 760 3 11 11 6
2 3 0 0 1 0 760 1 6 6 11
2 4 1 0 0 0 760 2 3 3 6
2 5 0 0 1 0 760 1 6 6 3
2 6 1 0 0 0 760 3 5 5 6
2 7 1 0 0 0 760 2 4 4 5
2 8 1 0 0 0 760 2 14 14 4
2 9 1 0 0 0 760 3 13 13 14
2 10 1 0 0 0 760 3 4 4 13
2 11 1 0 0 0 760 3 3 3 4
2 12 1 1 0 0 535 1 4 4 3
2 13 1 0 0 0 760 3 2 2 4
2 14 1 0 0 0 760 2 1 1 2
2 15 1 0 0 0 760 3 4 4 1
2 16 1 0 0 0 760 3 9 9 4
2 17 1 0 0 0 760 3 12 12 9
2 18 1 1 0 0 565 1 9 9 12
2 19 1 0 0 0 760 3 3 3 9
2 20 1 0 0 0 760 3 3 3 3
2 21 1 0 0 0 760 3 4 4 3
2 22 1 0 0 0 760 2 13 13 4
2 23 0 0 1 0 760 1 4 4 13
2 24 1 0 0 0 760 3 9 9 4
2 25 0 0 1 0 760 1 4 4 9
3 1 1 0 0 0 760 2 8 8 4
3 2 1 0 0 0 760 2 6 6 8
3 3 1 0 0 0 760 2 10 10 6
3 4 0 0 1 0 760 1 6 6 10
3 5 1 0 0 0 760 3 11 11 6
3 6 1 0 0 0 760 2 3 3 11
3 7 1 0 0 0 760 3 2 2 3
3 8 1 0 0 0 760 3 9 9 2
3 9 0 0 1 0 760 1 2 2 9
3 10 1 0 0 0 760 2 2 2 2
3 11 0 0 1 0 760 1 2 2 2
3 12 1 0 0 0 760 3 6 6 2
3 13 1 0 0 0 760 3 13 13 6
3 14 1 0 0 0 760 2 9 9 13
3 15 1 0 0 0 760 2 15 15 9
3 16 1 0 0 0 760 3 12 12 15
3 17 0 0 1 0 760 1 15 15 12
3 18 1 0 0 0 760 2 15 15 15
3 19 1 0 0 0 760 2 7 7 15
3 20 0 0 1 0 760 1 15 15 7
3 21 1 0 0 0 760 3 3 3 15
3 22 0 0 1 0 760 1 15 15 3
3 23 1 0 0 0 760 2 8 8 15
3 24 0 0 1 0 760 1 15 15 8
3 25 1 0 0 0 760 3 12 12 15
