1 1 1 0 0 0 760 2 9 9 0
1 2 1 0 0 0 760 3 5 5 9
1 3 1 0 0 0 760 3 2 2 5
1 4 0 0 1 0 760 1 5 5 2
1 5 1 1 0 0 694 1 2 2 5
1 6 1 0 0 0 760 3 7 7 2
1 7 1 1 0 0 685 1 2 2 7
1 8 1 0 0 0 760 2 8 8 2
1 9 1 0 0 0 760 3 5 5 8
1 10 0 0 1 0 760 1 8 8 5
1 11 1 0 0 0 760 3 12 12 8
1 12 1 0 0 0 760 2 4 4 12
1 13 0 0 1 0 760 1 12 12 4
1 14 1 0 0 0 760 2 15 15 12
1 15 1 0 0 0 760 2 13 13 15
1 16 1 0 0 0 760 2 4 4 13
1 17 1 0 0 0 760 3 5 5 4
1 18 1 0 0 0 760 3 7 7 5
1 19 0 0 1 0 760 1 5 5 7
1 20 1 0 0 0 760 2 4 4 5
1 21 1 1 0 0 612 1 5 5 4
1 22 1 0 0 0 760 2 12 12 5
1 23 1 1 0 0 741 1 5 5 12
1 24 1 0 0 0 760 3 1 1 5
1 25 0 0 1 0 760 1 5 5 1
2 1 1 0 0 0 760 2 15 15 5
2 2 1 0 0 0 760 3 11 11 15
2 3 1 0 0 0 760 2 4 4 11
2 4 1 0 0 0 760 2 2 2 4
2 5 0 0 1 0 760 1 4 4 2
2 6 0 0 1 0 760 1 2 2 4
2 7 0 0 1 0 760 1 4 4 2
2 8 1 0 0 0 760 3 5 5 4
2 9 0 0 1 0 760 1 4 4 5
2 10 1 0 0 0 760 3 2 2 4
2 11 0 0 1 0 760 1 4 4 2
2 12 1 0 0 0 760 2 5 5 4
2 13 0 0 1 0 760 1 4 4 5
2 14 0 0 1 0 760 1 5 5 4
2 15 1 1 0 0 669 1 4 4 5
2 16 1 0 0 0 760 2 14 14 4
2 17 1 0 0 0 760 2 11 11 14
2 18 0 0 1 0 760 1 14 14 11
2 19 1 0 0 0 760 2 6 6 14
2 20 0 0 1 0 760 1 14 14 6
2 21 1 0 0 0 760 3 14 14 14
2 22 1 0 0 0 760 2 15 15 14
2 23 0 0 1 0 760 1 14 14 15
2 24 0 0 1 0 760 1 15 15 14
2 25 1 0 0 0 760 3 11 11 15
3 1 1 0 0 0 760 3 9 9 11
3 2 1 0 0 0 760 1 5 5 9
3 3 1 0 0 0 760 3 8 8 5
3 4 1 0 0 0 760 2 9 9 8
3 5 1 0 0 0 760 3 14 14 9
3 6 1 1 0 0 545 1 9 9 14
3 7 1 0 0 0 760 2 10 10 9
3 8 1 0 0 0 760 3 8 8 10
3 9 1 0 0 0 760 3 11 11 8
3 10 0 0 1 0 760 1 8 8 11
3 11 1 0 0 0 760 3 1 1 8
3 12 0 0 1 0 760 1 8 8 1
3 13 1 0 0 0 760 2 15 15 8
3 14 1 0 0 0 760 3 11 11 15
3 15 1 0 0 0 760 2 13 13 11
3 16 1 1 0 0 644 1 11 11 13
3 17 1 0 0 0 760 2 5 5 11
3 18 1 0 0 0 760 2 5 5 5
3 19 0 0 1 0 760 1 5 5 5
3 20 1 1 0 0 651 1 5 5 5
3 21 1 1 0 0 692 1 5 5 5
3 22 1 0 0 0 760 3 6 6 5
3 23 0 0 1 0 760 1 5 5 6
3 24 0 0 1 0 760 1 6 6 5
3 25 1 0 0 0 760 2 9 9 6
