1 1 1 0 0 0 760 3 2 2 0
1 2 1 0 0 0 760 2 4 4 2
1 3 1 0 0 0 760 2 5 5 4
1 4 1 0 0 0 760 3 1 1 5
1 5 1 0 0 0 760 3 2 2 1
1 6 1 0 0 0 760 3 11 11 2
1 7 1 0 0 0 760 3 8 8 11
1 8 1 0 0 0 760 3 10 10 8
1 9 1 1 0 0 633 1 8 8 10
1 10 1 0 0 0 760 3 3 3 8
1 11 1 0 0 0 760 3 13 13 3
1 12 1 0 0 0 760 3 13 13 13
1 13 1 0 0 0 760 2 8 8 13
1 14 1 0 0 0 760 3 3 3 8
1 15 1 0 0 0 760 2 14 14 3
1 16 1 1 0 0 562 1 3 3 14
1 17 0 0 1 0 760 1 14 14 3
1 18 1 1 0 0 761 1 3 3 14
1 19 1 0 0 0 760 3 3 3 3
1 20 1 0 0 0 760 3 9 9 3
1 21 1 0 0 0 760 3 4 4 9
1 22 1 0 0 0 760 2 10 10 4
1 23 1 0 0 0 760 3 10 10 10
1 24 1 0 0 0 760 2 11 11 10
1 25 1 1 0 0 559 1 10 10 11
2 1 1 0 0 0 760 3 13 13 10
2 2 1 0 0 0 760 2 9 9 13
2 3 1 0 0 0 760 2 4 4 9
2 4 1 0 0 0 760 2 10 10 4
2 5 1 0 0 0 760 2 13 13 10
2 6 1 1 0 0 575 1 10 10 13
2 7 1 1 0 0 668 1 13 13 10
2 8 1 1 0 0 601 1 10 10 13
2 9 1 1 0 0 681 1 13 13 10
2 10 1 0 0 0 760 2 12 12 13
2 11 1 1 0 0 522 1 13 13 12
2 12 1 1 0 0 515 1 12 12 13
2 13 1 0 0 0 760 2 6 6 12
2 14 1 0 0 0 760 2 7 7 6
2 15 1 0 0 0 760 3 9 9 7
2 16 1 0 0 0 760 2 2 2 9
2 17 1 1 0 0 495 1 9 9 2
2 18 1 0 0 0 760 3 11 11 9
2 19 1 0 0 0 760 2 15 15 11
2 20 1 0 0 0 760 2 13 13 15
2 21 1 0 0 0 760 2 12 12 13
2 22 1 0 0 0 760 3 3 3 12
2 23 1 0 0 0 760 2 14 14 3
2 24 1 0 0 0 760 3 15 15 14
2 25 1 0 0 0 760 2 3 3 15
3 1 1 0 0 0 760 1 4 4 3
3 2 1 0 0 0 760 2 12 12 4
3 3 1 0 0 0 760 2 5 5 12
3 4 1 1 0 0 647 1 12 12 5
3 5 1 0 0 0 760 2 10 10 12
3 6 1 1 0 0 550 1 12 12 10
3 7 1 1 0 0 640 1 10 10 12
3 8 1 0 0 0 760 3 7 7 10
3 9 1 0 0 0 760 3 1 1 7
3 10 1 0 0 0 760 3 1 1 1
3 11 1 1 0 0 520 1 1 1 1
3 12 1 0 0 0 760 3 5 5 1
3 13 1 1 0 0 562 1 1 1 5
3 14 1 0 0 0 760 2 8 8 1
3 15 1 0 0 0 760 2 4 4 8
3 16 1 1 0 0 502 1 8 8 4
3 17 1 0 0 0 760 3 13 13 8
3 18 1 0 0 0 760 2 7 7 13
3 19 1 1 0 0 513 1 13 13 7
3 20 1 0 0 0 760 3 11 11 13
3 21 0 0 1 0 760 1 13 13 11
3 22 1 0 0 0 760 3 5 5 13
3 23 1 1 0 0 484 1 13 13 5
3 24 1 1 0 0 634 1 5 5 13
3 25 0 0 1 0 760 1 13 13 5
