1 1 1 0 0 0 206 3 1 1 0
1 2 1 0 0 0 760 1 5 5 1
1 3 1 0 0 0 760 3 3 3 5
1 4 1 0 0 0 760 3 11 11 3
1 5 1 0 0 0 760 2 14 14 11
1 6 0 0 1 0 760 1 11 11 14
1 7 1 0 0 0 760 3 15 15 11
1 8 0 0 1 0 760 1 11 11 15
1 9 1 0 0 0 760 3 13 13 11
1 10 1 0 0 0 760 2 13 13 13
1 11 0 0 0 1 717 3 14 14 13
1 12 1 0 0 0 760 2 15 15 14
1 13 1 1 0 0 732 1 14 14 15
1 14 1 0 0 0 760 2 11 11 14
1 15 1 0 0 0 760 3 12 12 11
1 16 0 0 1 0 760 1 11 11 12
1 17 1 0 0 0 760 2 13 13 11
1 18 1 1 0 0 699 1 11 11 13
1 19 1 1 0 0 733 1 13 13 11
1 20 0 0 0 1 481 2 5 5 13
1 21 1 0 0 0 760 2 2 2 5
1 22 1 0 0 0 760 3 15 15 2
1 23 1 0 0 0 760 2 8 8 15
1 24 1 1 0 0 569 1 15 15 8
1 25 1 1 0 0 735 1 8 8 15
2 1 1 0 0 0 760 3 2 2 8
2 2 1 0 0 0 760 2 14 14 2
2 3 0 0 1 0 760 1 2 2 14
2 4 1 0 0 0 760 3 8 8 2
2 5 1 1 0 0 600 1 2 2 8
2 6 0 0 1 0 760 1 8 8 2
2 7 1 0 0 0 760 2 5 5 8
2 8 1 0 0 0 760 3 1 1 5
2 9 1 1 0 0 490 1 5 5 1
2 10 1 0 0 0 760 3 9 9 5
2 11 1 0 0 0 760 2 9 9 9
2 12 1 0 0 0 760 2 12 12 9
2 13 1 0 0 0 760 2 3 3 12
2 14 1 1 0 0 597 1 12 12 3
2 15 1 0 0 0 760 3 12 12 12
2 16 1 0 0 0 760 3 4 4 12
2 17 1 1 0 0 713 1 12 12 4
2 18 1 0 0 0 760 3 7 7 12
2 19 1 0 0 0 760 2 4 4 7
2 20 0 0 1 0 760 1 7 7 4
2 21 1 0 0 0 760 3 11 11 7
2 22 0 0 1 0 760 1 7 7 11
2 23 1 0 0 0 760 2 2 2 7
2 24 1 0 0 0 760 3 8 8 2
2 25 1 1 0 0 502 1 2 2 8
3 1 1 0 0 0 760 1 15 15 2
3 2 1 0 0 0 760 1 10 10 15
3 3 1 1 0 0 542 1 15 15 10
3 4 0 0 1 0 760 1 10 10 15
3 5 1 1 0 0 667 1 15 15 10
3 6 1 0 0 0 760 2 8 8 15
3 7 1 0 0 0 760 3 2 2 8
3 8 1 0 0 0 760 3 15 15 2
3 9 0 0 1 0 760 1 2 2 15
3 10 1 1 0 0 734 1 15 15 2
3 11 1 0 0 0 760 3 12 12 15
3 12 1 0 0 0 760 2 7 7 12
3 13 1 1 0 0 704 1 12 12 7
3 14 1 0 0 0 760 3 15 15 12
3 15 1 0 0 0 760 3 5 5 15
3 16 1 1 0 0 470 1 15 15 5
3 17 1 1 0 0 505 1 5 5 15
3 18 1 0 0 0 760 3 6 6 5
3 19 1 0 0 0 760 3 9 9 6
3 20 1 0 0 0 760 2 15 15 9
3 21 1 0 0 0 760 3 14 14 15
3 22 1 0 0 0 760 2 13 13 14
3 23 1 1 0 0 709 1 14 14 13
3 24 1 0 0 0 760 2 1 1 14
3 25 1 0 0 0 760 3 11 11 1
