1 1 1 0 0 0 760 2 12 12 0
1 2 1 0 0 0 760 3 10 10 12
1 3 1 1 0 0 486 1 12 12 10
1 4 1 1 0 0 506 1 10 10 12
1 5 1 1 0 0 570 1 12 12 10
1 6 1 1 0 0 637 1 10 10 12
1 7 1 0 0 0 760 2 6 6 10
1 8 1 0 0 0 760 2 11 11 6
1 9 1 1 0 0 526 1 6 6 11
1 10 1 0 0 0 760 3 7 7 6
1 11 1 0 0 0 760 3 9 9 7
1 12 1 1 0 0 568 1 7 7 9
1 13 1 1 0 0 640 1 9 9 7
1 14 1 1 0 0 533 1 7 7 9
1 15 1 1 0 0 525 1 9 9 7
1 16 0 0 0 1 548 2 4 4 9
1 17 1 0 0 0 760 3 13 13 4
1 18 1 1 0 0 606 1 4 4 13
1 19 1 1 0 0 661 1 13 13 4
1 20 1 0 0 0 760 2 10 10 13
1 21 1 0 0 0 760 2 11 11 10
1 22 1 1 0 0 543 1 10 10 11
1 23 1 1 0 0 693 1 11 11 10
1 24 1 0 0 0 760 3 5 5 11
1 25 1 0 0 0 760 3 13 13 5
2 1 1 0 0 0 760 3 10 10 13
2 2 0 0 0 1 234 1 6 6 10
2 3 1 0 0 0 760 2 5 5 6
2 4 0 0 1 0 760 1 6 6 5
2 5 1 1 0 0 614 1 5 5 6
2 6 1 1 0 0 499 1 6 6 5
2 7 1 0 0 0 760 2 10 10 6
2 8 1 0 0 0 760 3 10 10 10
2 9 1 0 0 0 760 3 15 15 10
2 10 1 0 0 0 760 2 8 8 15
2 11 1 0 0 0 760 2 2 2 8
2 12 1 0 0 0 760 3 6 6 2
2 13 1 1 0 0 684 1 2 2 6
2 14 1 0 0 0 760 3 12 12 2
2 15 1 0 0 0 760 2 14 14 12
2 16 1 0 0 0 760 2 14 14 14
2 17 1 0 0 0 760 3 9 9 14
2 18 1 0 0 0 760 2 8 8 9
2 19 1 1 0 0 595 1 9 9 8
2 20 1 0 0 0 760 2 14 14 9
2 21 1 0 0 0 760 3 10 10 14
2 22 1 1 0 0 491 1 14 14 10
2 23 1 0 0 0 760 3 2 2 14
2 24 1 0 0 0 760 2 2 2 2
2 25 1 0 0 0 760 3 8 8 2
3 1 1 0 0 0 760 2 5 5 8
3 2 1 0 0 0 760 3 14 14 5
3 3 1 1 0 0 499 1 5 5 14
3 4 1 0 0 0 760 3 9 9 5
3 5 1 0 0 0 760 3 11 11 9
3 6 1 1 0 0 522 1 9 9 11
3 7 0 0 1 0 760 1 11 11 9
3 8 1 1 0 0 562 1 9 9 11
3 9 1 0 0 0 760 3 3 3 9
3 10 0 0 0 1 511 3 3 3 3
3 11 1 1 0 0 573 1 3 3 3
3 12 1 0 0 0 760 2 7 7 3
3 13 1 0 0 0 760 3 9 9 7
3 14 1 0 0 0 760 3 4 4 9
3 15 1 0 0 0 760 2 1 1 4
3 16 1 1 0 0 528 1 4 4 1
3 17 1 0 0 0 760 2 9 9 4
3 18 1 0 0 0 760 3 3 3 9
3 19 0 0 1 0 760 1 9 9 3
3 20 1 0 0 0 760 2 1 1 9
3 21 1 0 0 0 760 2 10 10 1
3 22 1 0 0 0 760 2 8 8 10
3 23 1 0 0 0 760 3 7 7 8
3 24 1 1 0 0 624 1 8 8 7
3 25 0 0 1 0 760 1 7 7 8
