1 1 1 0 0 0 760 3 12 12 0
1 2 1 0 0 0 760 3 13 13 12
1 3 1 0 0 0 760 3 8 8 13
1 4 1 0 0 0 760 2 7 7 8
1 5 1 0 0 0 760 2 14 14 7
1 6 1 0 0 0 760 3 8 8 14
1 7 1 0 0 0 760 3 6 6 8
1 8 0 0 1 0 760 1 8 8 6
1 9 1 0 0 0 760 3 7 7 8
1 10 1 0 0 0 760 2 5 5 7
1 11 1 1 0 0 573 1 7 7 5
1 12 1 0 0 0 760 2 6 6 7
1 13 0 0 1 0 760 1 7 7 6
1 14 0 0 1 0 760 1 6 6 7
1 15 1 0 0 0 760 2 4 4 6
1 16 1 1 0 0 592 1 6 6 4
1 17 1 1 0 0 663 1 4 4 6
1 18 1 1 0 0 619 1 6 6 4
1 19 1 0 0 0 760 2 2 2 6
1 20 1 0 0 0 760 2 14 14 2
1 21 1 1 0 0 510 1 2 2 14
1 22 1 0 0 0 760 2 8 8 2
1 23 1 0 0 0 760 3 9 9 8
1 24 1 0 0 0 760 3 5 5 9
1 25 1 0 0 0 760 3 10 10 5
2 1 1 0 0 0 760 3 7 7 10
2 2 1 0 0 0 760 1 7 7 7
2 3 1 0 0 0 760 3 12 12 7
2 4 1 0 0 0 760 3 9 9 12
2 5 1 0 0 0 760 2 4 4 9
2 6 0 0 1 0 760 1 9 9 4
2 7 1 0 0 0 760 3 15 15 9
2 8 1 1 0 0 544 1 9 9 15
2 9 1 0 0 0 760 3 1 1 9
2 10 1 0 0 0 760 2 13 13 1
2 11 1 0 0 0 760 2 7 7 13
2 12 1 0 0 0 760 3 4 4 7
2 13 1 0 0 0 760 2 9 9 4
2 14 1 0 0 0 760 2 2 2 9
2 15 1 0 0 0 760 2 4 4 2
2 16 1 1 0 0 693 1 2 2 4
2 17 1 0 0 0 760 3 1 1 2
2 18 1 0 0 0 760 2 15 15 1
2 19 1 0 0 0 760 2 2 2 15
2 20 1 1 0 0 500 1 15 15 2
2 21 1 0 0 0 760 3 8 8 15
2 22 1 1 0 0 571 1 15 15 8
2 23 0 0 1 0 760 1 8 8 15
2 24 1 0 0 0 760 2 3 3 8
2 25 1 0 0 0 760 2 11 11 3
3 1 1 0 0 0 760 1 6 6 11
3 2 1 0 0 0 760 2 8 8 6
3 3 1 0 0 0 760 3 9 9 8
3 4 1 1 0 0 698 1 8 8 9
3 5 1 0 0 0 760 2 8 8 8
3 6 0 0 1 0 760 1 8 8 8
3 7 1 0 0 0 760 3 6 6 8
3 8 1 0 0 0 760 2 7 7 6
3 9 1 0 0 0 760 2 12 12 7
3 10 1 0 0 0 760 2 15 15 12
3 11 1 0 0 0 760 2 2 2 15
3 12 0 0 0 1 669 3 12 12 2
3 13 1 0 0 0 760 3 13 13 12
3 14 1 1 0 0 649 1 12 12 13
3 15 1 1 0 0 691 1 13 13 12
3 16 1 0 0 0 760 3 2 2 13
3 17 1 0 0 0 760 3 9 9 2
3 18 1 0 0 0 760 2 7 7 9
3 19 1 0 0 0 760 3 8 8 7
3 20 1 0 0 0 760 2 13 13 8
3 21 1 0 0 0 760 2 6 6 13
3 22 1 0 0 0 760 3 11 11 6
3 23 1 0 0 0 760 3 15 15 11
3 24 1 1 0 0 689 1 11 11 15
3 25 1 1 0 0 554 1 15 15 11
