1 1 1 0 0 0 760 2 12 12 0
1 2 1 0 0 0 760 1 8 8 12
1 3 1 0 0 0 760 2 8 8 8
1 4 1 1 0 0 633 1 8 8 8
1 5 1 0 0 0 760 2 15 15 8
1 6 0 0 1 0 760 1 8 8 15
1 7 1 1 0 0 757 1 15 15 8
1 8 0 0 1 0 760 1 8 8 15
1 9 1 0 0 0 760 2 11 11 8
1 10 1 0 0 0 760 2 4 4 11
1 11 1 0 0 0 760 2 5 5 4
1 12 0 0 1 0 760 1 4 4 5
1 13 1 0 0 0 760 3 14 14 4
1 14 0 0 1 0 760 1 4 4 14
1 15 1 0 0 0 760 2 7 7 4
1 16 1 0 0 0 760 2 12 12 7
1 17 1 0 0 0 760 2 4 4 12
1 18 1 0 0 0 760 2 8 8 4
1 19 1 0 0 0 760 2 14 14 8
1 20 1 0 0 0 760 2 2 2 14
1 21 1 0 0 0 760 2 1 1 2
1 22 1 0 0 0 760 3 6 6 1
1 23 1 0 0 0 760 3 2 2 6
1 24 1 0 0 0 760 3 11 11 2
1 25 1 0 0 0 760 2 12 12 11
2 1 1 0 0 0 760 2 1 1 12
2 2 1 0 0 0 760 1 14 14 1
2 3 1 0 0 0 760 2 6 6 14
2 4 1 0 0 0 760 3 12 12 6
2 5 1 0 0 0 760 3 3 3 12
2 6 1 1 0 0 600 1 12 12 3
2 7 0 0 1 0 760 1 3 3 12
2 8 1 0 0 0 760 2 1 1 3
2 9 1 1 0 0 749 1 3 3 1
2 10 1 0 0 0 760 3 11 11 3
2 11 1 0 0 0 760 3 15 15 11
2 12 1 1 0 0 720 1 11 11 15
2 13 1 0 0 0 760 2 7 7 11
2 14 0 0 1 0 760 1 11 11 7
2 15 1 0 0 0 760 2 11 11 11
2 16 1 1 0 0 603 1 11 11 11
2 17 1 0 0 0 760 3 2 2 11
2 18 1 0 0 0 760 3 3 3 2
2 19 0 0 1 0 760 1 2 2 3
2 20 0 0 1 0 760 1 3 3 2
2 21 1 0 0 0 760 2 12 12 3
2 22 1 1 0 0 596 1 3 3 12
2 23 1 0 0 0 760 2 2 2 3
2 24 1 1 0 0 645 1 3 3 2
2 25 1 0 0 0 760 2 7 7 3
3 1 1 0 0 0 760 3 13 13 7
3 2 1 0 0 0 760 1 3 3 13
3 3 1 0 0 0 760 2 10 10 3
3 4 0 0 1 0 760 1 3 3 10
3 5 0 0 1 0 760 1 10 10 3
3 6 1 0 0 0 760 2 5 5 10
3 7 1 0 0 0 760 2 11 11 5
3 8 1 0 0 0 760 3 1 1 11
3 9 1 1 0 0 556 1 11 11 1
3 10 1 1 0 0 555 1 1 1 11
3 11 1 0 0 0 760 2 14 14 1
3 12 1 0 0 0 760 2 12 12 14
3 13 1 0 0 0 760 3 9 9 12
3 14 1 0 0 0 760 2 1 1 9
3 15 1 1 0 0 727 1 9 9 1
3 16 1 1 0 0 746 1 1 1 9
3 17 1 0 0 0 760 2 15 15 1
3 18 1 0 0 0 760 2 5 5 15
3 19 1 0 0 0 760 2 3 3 5
3 20 1 0 0 0 760 3 6 6 3
3 21 1 0 0 0 760 2 11 11 6
3 22 1 0 0 0 760 3 3 3 11
3 23 1 0 0 0 760 3 8 8 3
3 24 1 0 0 0 760 2 8 8 8
3 25 1 0 0 0 760 2 5 5 8
