1 1 1 0 0 0 760 2 15 15 0
1 2 1 0 0 0 760 2 4 4 15
1 3 1 0 0 0 760 2 5 5 4
1 4 1 0 0 0 760 2 13 13 5
1 5 1 0 0 0 760 2 13 13 13
1 6 1 0 0 0 760 3 10 10 13
1 7 0 0 1 0 760 1 13 13 10
1 8 1 0 0 0 760 2 9 9 13
1 9 1 0 0 0 760 2 8 8 9
1 10 1 0 0 0 760 2 3 3 8
1 11 1 0 0 0 760 2 14 14 3
1 12 1 0 0 0 760 3 1 1 14
1 13 1 0 0 0 760 3 15 15 1
1 14 0 0 1 0 584 1 1 1 15
1 15 1 0 0 0 760 3 3 3 1
1 16 1 0 0 0 760 3 4 4 3
1 17 0 0 1 0 697 1 3 3 4
1 18 1 0 0 0 760 2 3 3 3
1 19 0 0 1 0 760 1 3 3 3
1 20 1 0 0 0 699 2 14 14 3
1 21 1 0 0 0 760 3 12 12 14
1 22 1 0 0 0 760 2 10 10 12
1 23 0 0 1 0 753 1 12 12 10
1 24 0 0 1 0 760 1 10 10 12
1 25 0 0 1 0 684 1 12 12 10
2 1 1 0 0 0 760 3 15 15 12
2 2 1 0 0 0 760 2 3 3 15
2 3 1 0 0 0 760 3 5 5 3
2 4 0 0 1 0 760 1 3 3 5
2 5 1 0 0 0 760 3 4 4 3
2 6 1 0 0 0 760 3 12 12 4
2 7 1 0 0 0 760 2 7 7 12
2 8 1 0 0 0 760 2 13 13 7
2 9 0 0 1 0 760 1 7 7 13
2 10 1 0 0 0 760 3 10 10 7
2 11 1 0 0 0 760 2 6 6 10
2 12 1 0 0 0 760 3 14 14 6
2 13 0 0 1 0 760 1 6 6 14
2 14 1 0 0 0 760 3 2 2 6
2 15 1 0 0 0 760 3 1 1 2
2 16 1 0 0 0 760 2 12 12 1
2 17 0 0 1 0 760 1 1 1 12
2 18 1 0 0 0 760 3 11 11 1
2 19 1 0 0 0 760 3 8 8 11
2 20 1 0 0 0 760 3 10 10 8
2 21 1 0 0 0 760 2 9 9 10
2 22 1 0 0 0 760 2 4 4 9
2 23 1 1 0 0 729 1 9 9 4
2 24 1 0 0 0 760 2 9 9 9
2 25 0 0 1 0 760 1 9 9 9
3 1 1 0 0 0 760 3 15 15 9
3 2 1 0 0 0 760 3 15 15 15
3 3 1 0 0 0 760 3 3 3 15
3 4 0 0 1 0 760 1 15 15 3
3 5 1 0 0 0 760 3 5 5 15
3 6 1 0 0 0 760 2 10 10 5
3 7 1 0 0 0 760 3 3 3 10
3 8 1 0 0 0 760 3 5 5 3
3 9 1 1 0 0 706 1 3 3 5
3 10 1 0 0 0 760 2 4 4 3
3 11 1 0 0 0 760 3 10 10 4
3 12 0 0 1 0 760 1 4 4 10
3 13 0 0 1 0 760 1 10 10 4
3 14 1 0 0 0 760 2 14 14 10
3 15 0 0 1 0 760 1 10 10 14
3 16 1 0 0 0 760 3 3 3 10
3 17 0 0 1 0 760 1 10 10 3
3 18 0 0 1 0 760 1 3 3 10
3 19 1 0 0 0 760 2 14 14 3
3 20 1 0 0 0 760 3 12 12 14
3 21 1 0 0 0 760 3 1 1 12
3 22 1 0 0 0 760 2 5 5 1
3 23 1 0 0 0 760 3 11 11 5
3 24 0 0 1 0 760 1 5 5 11
3 25 0 0 1 0 760 1 11 11 5
