1 1 1 0 0 0 760 1 15 15 0
1 2 1 0 0 0 760 3 13 13 15
1 3 1 0 0 0 760 3 10 10 13
1 4 1 0 0 0 760 3 8 8 10
1 5 1 0 0 0 760 2 2 2 8
1 6 1 0 0 0 760 3 6 6 2
1 7 1 0 0 0 760 2 1 1 6
1 8 1 0 0 0 760 3 14 14 1
1 9 0 0 1 0 760 1 1 1 14
1 10 0 0 1 0 760 1 14 14 1
1 11 1 0 0 0 760 3 15 15 14
1 12 0 0 0 1 653 3 2 2 15
1 13 1 1 0 0 637 1 15 15 2
1 14 1 0 0 0 760 2 13 13 15
1 15 1 0 0 0 760 2 14 14 13
1 16 1 0 0 0 760 2 6 6 14
1 17 0 0 1 0 760 1 14 14 6
1 18 1 0 0 0 760 2 5 5 14
1 19 1 0 0 0 760 2 9 9 5
1 20 0 0 1 0 760 1 5 5 9
1 21 1 0 0 0 760 3 12 12 5
1 22 1 0 0 0 760 3 9 9 12
1 23 1 0 0 0 760 2 15 15 9
1 24 1 0 0 0 760 2 3 3 15
1 25 1 0 0 0 760 2 2 2 3
2 1 1 0 0 0 760 2 12 12 2
2 2 1 0 0 0 760 3 13 13 12
2 3 0 0 1 0 760 1 12 12 13
2 4 0 0 1 0 760 1 13 13 12
2 5 1 0 0 0 760 3 2 2 13
2 6 1 0 0 0 760 2 14 14 2
2 7 1 0 0 0 760 2 4 4 14
2 8 1 0 0 0 760 2 8 8 4
2 9 1 0 0 0 760 2 5 5 8
2 10 1 0 0 0 760 3 9 9 5
2 11 1 1 0 0 516 1 5 5 9
2 12 1 1 0 0 576 1 9 9 5
2 13 1 0 0 0 760 3 4 4 9
2 14 1 1 0 0 673 1 9 9 4
2 15 1 1 0 0 557 1 4 4 9
2 16 1 1 0 0 656 1 9 9 4
2 17 1 0 0 0 760 3 14 14 9
2 18 1 0 0 0 760 3 1 1 14
2 19 1 0 0 0 760 2 7 7 1
2 20 0 0 1 0 760 1 1 1 7
2 21 1 0 0 0 760 3 9 9 1
2 22 1 0 0 0 760 3 11 11 9
2 23 1 0 0 0 760 2 2 2 11
2 24 0 0 1 0 760 1 11 11 2
2 25 1 0 0 0 760 3 7 7 11
3 1 1 0 0 0 760 2 8 8 7
3 2 1 0 0 0 760 3 8 8 8
3 3 1 0 0 0 760 3 1 1 8
3 4 1 0 0 0 760 2 15 15 1
3 5 1 0 0 0 760 2 12 12 15
3 6 1 1 0 0 534 1 15 15 12
3 7 1 0 0 0 760 3 15 15 15
3 8 1 0 0 0 760 2 13 13 15
3 9 0 0 1 0 760 1 15 15 13
3 10 0 0 1 0 760 1 13 13 15
3 11 1 0 0 0 760 2 7 7 13
3 12 1 0 0 0 760 2 1 1 7
3 13 1 0 0 0 760 3 9 9 1
3 14 0 0 1 0 760 1 1 1 9
3 15 1 0 0 0 760 2 15 15 1
3 16 1 0 0 0 760 3 8 8 15
3 17 1 0 0 0 760 2 9 9 8
3 18 1 0 0 0 760 2 5 5 9
3 19 1 0 0 0 760 3 13 13 5
3 20 0 0 1 0 760 1 5 5 13
3 21 1 0 0 0 760 3 3 3 5
3 22 1 0 0 0 760 2 4 4 3
3 23 1 0 0 0 760 2 1 1 4
3 24 0 0 1 0 760 1 4 4 1
3 25 1 0 0 0 760 3 9 9 4
