1 1 1 0 0 0 760 1 3 3 0
1 2 1 0 0 0 760 2 4 4 3
1 3 1 1 0 0 503 1 3 3 4
1 4 0 0 1 0 760 1 4 4 3
1 5 1 1 0 0 603 1 3 3 4
1 6 1 0 0 0 760 3 12 12 3
1 7 1 0 0 0 760 3 7 7 12
1 8 1 1 0 0 525 1 12 12 7
1 9 1 1 0 0 700 1 7 7 12
1 10 1 0 0 0 760 3 14 14 7
1 11 1 0 0 0 760 3 9 9 14
1 12 1 1 0 0 541 1 14 14 9
1 13 1 0 0 0 760 3 14 14 14
1 14 1 0 0 0 760 2 11 11 14
1 15 1 0 0 0 760 3 5 5 11
1 16 1 0 0 0 760 3 3 3 5
1 17 1 0 0 0 760 2 9 9 3
1 18 1 0 0 0 760 2 13 13 9
1 19 1 0 0 0 760 2 11 11 13
1 20 1 0 0 0 760 3 6 6 11
1 21 1 1 0 0 654 1 11 11 6
1 22 1 0 0 0 760 2 15 15 11
1 23 1 0 0 0 760 2 14 14 15
1 24 1 0 0 0 760 2 14 14 14
1 25 1 0 0 0 760 2 5 5 14
2 1 1 0 0 0 760 3 13 13 5
2 2 1 0 0 0 760 3 12 12 13
2 3 1 0 0 0 760 3 2 2 12
2 4 1 0 0 0 760 2 3 3 2
2 5 1 1 0 0 645 1 2 2 3
2 6 1 0 0 0 760 2 12 12 2
2 7 1 0 0 0 760 3 5 5 12
2 8 1 0 0 0 760 2 1 1 5
2 9 1 0 0 0 760 3 13 13 1
2 10 1 0 0 0 760 2 6 6 13
2 11 1 0 0 0 760 3 10 10 6
2 12 1 0 0 0 760 2 7 7 10
2 13 1 0 0 0 760 3 11 11 7
2 14 1 0 0 0 760 2 3 3 11
2 15 1 0 0 0 760 2 9 9 3
2 16 0 0 1 0 760 1 3 3 9
2 17 0 0 1 0 760 1 9 9 3
2 18 1 0 0 0 760 2 12 12 9
2 19 1 0 0 0 760 3 5 5 12
2 20 1 1 0 0 534 1 12 12 5
2 21 1 0 0 0 760 2 9 9 12
2 22 1 0 0 0 760 3 2 2 9
2 23 1 0 0 0 760 3 1 1 2
2 24 0 0 1 0 760 1 2 2 1
2 25 1 1 0 0 555 1 1 1 2
3 1 1 0 0 0 760 3 15 15 1
3 2 1 0 0 0 760 1 11 11 15
3 3 1 0 0 0 760 3 10 10 11
3 4 1 1 0 0 599 1 11 11 10
3 5 1 0 0 0 760 2 15 15 11
3 6 1 0 0 0 760 2 10 10 15
3 7 1 1 0 0 619 1 15 15 10
3 8 1 0 0 0 760 3 12 12 15
3 9 1 0 0 0 760 3 10 10 12
3 10 1 0 0 0 760 3 10 10 10
3 11 1 0 0 0 760 2 11 11 10
3 12 1 0 0 0 760 2 9 9 11
3 13 1 0 0 0 760 3 5 5 9
3 14 1 0 0 0 760 2 12 12 5
3 15 1 1 0 0 565 1 5 5 12
3 16 1 0 0 0 760 3 1 1 5
3 17 1 1 0 0 581 1 5 5 1
3 18 1 0 0 0 760 2 14 14 5
3 19 1 0 0 0 760 3 14 14 14
3 20 1 0 0 0 760 2 8 8 14
3 21 1 0 0 0 760 3 9 9 8
3 22 1 0 0 0 760 3 7 7 9
3 23 1 0 0 0 760 3 1 1 7
3 24 1 0 0 0 760 2 5 5 1
3 25 1 0 0 0 760 2 10 10 5
