1 1 1 0 0 0 760 1 13 13 0
1 2 1 0 0 0 760 3 7 7 13
1 3 1 0 0 0 760 3 4 4 7
1 4 1 0 0 0 760 3 14 14 4
1 5 1 0 0 0 760 3 11 11 14
1 6 1 1 0 0 729 1 14 14 11
1 7 1 0 0 0 760 2 5 5 14
1 8 1 0 0 0 760 3 11 11 5
1 9 0 0 1 0 760 1 5 5 11
1 10 1 1 0 0 721 1 11 11 5
1 11 1 1 0 0 677 1 5 5 11
1 12 1 1 0 0 635 1 11 11 5
1 13 1 0 0 0 760 2 8 8 11
1 14 1 0 0 0 760 2 10 10 8
1 15 1 0 0 0 760 3 13 13 10
1 16 1 0 0 0 760 2 9 9 13
1 17 1 0 0 0 760 3 5 5 9
1 18 1 0 0 0 760 3 15 15 5
1 19 0 0 1 0 760 1 5 5 15
1 20 1 1 0 0 669 1 15 15 5
1 21 1 0 0 0 760 3 4 4 15
1 22 1 0 0 0 760 3 5 5 4
1 23 0 0 0 1 581 2 3 3 5
1 24 0 0 0 1 750 3 6 6 3
1 25 1 0 0 0 760 3 15 15 6
2 1 1 0 0 0 760 2 4 4 15
2 2 1 0 0 0 760 3 14 14 4
2 3 1 0 0 0 760 2 9 9 14
2 4 1 0 0 0 760 2 6 6 9
2 5 0 0 1 0 760 1 9 9 6
2 6 1 0 0 0 760 2 15 15 9
2 7 0 0 0 1 627 3 6 6 15
2 8 1 0 0 0 760 2 11 11 6
2 9 1 0 0 0 760 2 8 8 11
2 10 1 0 0 0 760 3 10 10 8
2 11 1 1 0 0 550 1 8 8 10
2 12 1 0 0 0 760 2 2 2 8
2 13 1 0 0 0 760 3 6 6 2
2 14 1 1 0 0 581 1 2 2 6
2 15 0 0 1 0 760 1 6 6 2
2 16 1 1 0 0 573 1 2 2 6
2 17 1 0 0 0 760 3 7 7 2
2 18 1 1 0 0 655 1 2 2 7
2 19 1 0 0 0 760 3 13 13 2
2 20 1 0 0 0 760 3 4 4 13
2 21 1 0 0 0 760 3 11 11 4
2 22 1 0 0 0 760 3 14 14 11
2 23 1 0 0 0 760 2 7 7 14
2 24 0 0 1 0 760 1 14 14 7
2 25 1 0 0 0 760 3 5 5 14
3 1 1 0 0 0 760 3 12 12 5
3 2 1 0 0 0 760 2 3 3 12
3 3 1 0 0 0 760 3 14 14 3
3 4 1 0 0 0 760 2 8 8 14
3 5 1 0 0 0 760 3 8 8 8
3 6 1 0 0 0 760 3 5 5 8
3 7 1 1 0 0 611 1 8 8 5
3 8 1 0 0 0 760 2 12 12 8
3 9 1 0 0 0 760 3 5 5 12
3 10 1 0 0 0 760 3 3 3 5
3 11 1 0 0 0 760 2 3 3 3
3 12 1 0 0 0 760 3 9 9 3
3 13 1 1 0 0 633 1 3 3 9
3 14 0 0 1 0 760 1 9 9 3
3 15 0 0 1 0 760 1 3 3 9
3 16 0 0 1 0 760 1 9 9 3
3 17 1 0 0 0 760 3 8 8 9
3 18 0 0 1 0 760 1 9 9 8
3 19 1 0 0 0 760 3 11 11 9
3 20 1 0 0 0 760 2 10 10 11
3 21 1 0 0 0 760 3 5 5 10
3 22 1 0 0 0 760 3 13 13 5
3 23 1 0 0 0 760 2 15 15 13
3 24 1 0 0 0 760 2 15 15 15
3 25 0 0 1 0 760 1 15 15 15
