1 1 1 0 0 0 760 2 5 5 0
1 2 1 0 0 0 760 3 2 2 5
1 3 1 0 0 0 760 3 9 9 2
1 4 1 0 0 0 760 2 6 6 9
1 5 0 0 1 0 760 1 9 9 6
1 6 1 0 0 0 760 2 1 1 9
1 7 1 0 0 0 760 3 12 12 1
1 8 1 0 0 0 760 3 13 13 12
1 9 1 0 0 0 760 3 13 13 13
1 10 1 0 0 0 760 2 2 2 13
1 11 1 0 0 0 760 2 3 3 2
1 12 1 0 0 0 760 2 14 14 3
1 13 1 0 0 0 760 3 1 1 14
1 14 0 0 1 0 760 1 14 14 1
1 15 1 0 0 0 760 2 13 13 14
1 16 1 1 0 0 751 1 14 14 13
1 17 1 0 0 0 760 3 4 4 14
1 18 1 0 0 0 760 3 7 7 4
1 19 1 0 0 0 760 2 1 1 7
1 20 0 0 1 0 760 1 7 7 1
1 21 1 0 0 0 760 2 5 5 7
1 22 1 0 0 0 760 3 8 8 5
1 23 1 0 0 0 760 3 7 7 8
1 24 1 0 0 0 760 3 5 5 7
1 25 0 0 1 0 760 1 7 7 5
2 1 1 0 0 0 760 2 14 14 7
2 2 1 0 0 0 760 2 15 15 14
2 3 1 0 0 0 760 3 11 11 15
2 4 1 0 0 0 760 2 14 14 11
2 5 0 0 1 0 760 1 11 11 14
2 6 1 0 0 0 760 2 8 8 11
2 7 1 0 0 0 760 2 1 1 8
2 8 1 0 0 0 760 2 3 3 1
2 9 1 0 0 0 760 2 4 4 3
2 10 1 1 0 0 688 1 3 3 4
2 11 1 0 0 0 760 2 14 14 3
2 12 1 0 0 0 760 2 7 7 14
2 13 1 1 0 0 672 1 14 14 7
2 14 0 0 1 0 760 1 7 7 14
2 15 0 0 0 1 704 2 7 7 7
2 16 1 1 0 0 656 1 7 7 7
2 17 1 0 0 0 760 2 10 10 7
2 18 1 0 0 0 760 2 10 10 10
2 19 0 0 1 0 760 1 10 10 10
2 20 1 0 0 0 760 3 8 8 10
2 21 1 0 0 0 760 2 1 1 8
2 22 0 0 1 0 760 1 8 8 1
2 23 1 0 0 0 760 2 15 15 8
2 24 1 1 0 0 635 1 8 8 15
2 25 0 0 1 0 760 1 15 15 8
3 1 1 0 0 0 760 2 15 15 15
3 2 1 0 0 0 760 1 2 2 15
3 3 1 0 0 0 760 3 1 1 2
3 4 1 1 0 0 583 1 2 2 1
3 5 1 0 0 0 760 3 2 2 2
3 6 0 0 0 1 484 2 6 6 2
3 7 0 0 1 0 760 1 2 2 6
3 8 1 0 0 0 760 2 7 7 2
3 9 1 0 0 0 760 2 10 10 7
3 10 0 0 1 0 760 1 7 7 10
3 11 1 0 0 0 760 3 8 8 7
3 12 1 1 0 0 696 1 7 7 8
3 13 1 0 0 0 760 3 6 6 7
3 14 1 0 0 0 760 3 14 14 6
3 15 1 0 0 0 760 2 9 9 14
3 16 1 0 0 0 760 2 13 13 9
3 17 1 0 0 0 760 2 2 2 13
3 18 1 0 0 0 760 2 12 12 2
3 19 1 1 0 0 638 1 2 2 12
3 20 1 0 0 0 760 3 4 4 2
3 21 1 1 0 0 669 1 2 2 4
3 22 1 0 0 0 760 2 1 1 2
3 23 1 0 0 0 760 3 15 15 1
3 24 0 0 1 0 760 1 1 1 15
3 25 1 0 0 0 760 3 8 8 1
