1 1 1 0 0 0 760 3 2 2 0
1 2 1 0 0 0 760 2 7 7 2
1 3 1 0 0 0 760 3 7 7 7
1 4 1 0 0 0 760 3 6 6 7
1 5 1 0 0 0 760 2 14 14 6
1 6 0 0 1 0 760 1 6 6 14
1 7 0 0 1 0 760 1 14 14 6
1 8 0 0 0 1 762 3 7 7 14
1 9 0 0 0 1 687 2 7 7 7
1 10 1 0 0 0 760 3 4 4 7
1 11 1 0 0 0 760 3 15 15 4
1 12 0 0 1 0 760 1 4 4 15
1 13 1 0 0 0 760 3 8 8 4
1 14 1 0 0 0 760 3 13 13 8
1 15 1 0 0 0 760 2 10 10 13
1 16 1 0 0 0 760 3 10 10 10
1 17 0 0 1 0 760 1 10 10 10
1 18 0 0 1 0 760 1 10 10 10
1 19 1 0 0 0 760 2 11 11 10
1 20 1 0 0 0 760 2 8 8 11
1 21 0 0 1 0 760 1 11 11 8
1 22 0 0 1 0 760 1 8 8 11
1 23 1 0 0 0 760 2 7 7 8
1 24 1 0 0 0 760 3 6 6 7
1 25 1 0 0 0 760 3 3 3 6
2 1 1 0 0 0 760 1 2 2 3
2 2 1 0 0 0 760 2 7 7 2
2 3 1 0 0 0 760 2 13 13 7
2 4 1 0 0 0 760 2 14 14 13
2 5 1 0 0 0 760 3 11 11 14
2 6 0 0 1 0 760 1 14 14 11
2 7 1 0 0 0 760 2 7 7 14
2 8 1 0 0 0 760 3 5 5 7
2 9 1 0 0 0 760 2 8 8 5
2 10 0 0 1 0 760 1 5 5 8
2 11 1 0 0 0 760 3 4 4 5
2 12 1 0 0 0 760 3 8 8 4
2 13 1 1 0 0 726 1 4 4 8
2 14 1 0 0 0 760 3 11 11 4
2 15 1 0 0 0 760 2 12 12 11
2 16 1 0 0 0 760 3 3 3 12
2 17 1 1 0 0 641 1 12 12 3
2 18 1 0 0 0 760 2 6 6 12
2 19 1 0 0 0 760 2 10 10 6
2 20 1 0 0 0 760 3 8 8 10
2 21 1 1 0 0 598 1 10 10 8
2 22 1 0 0 0 760 3 12 12 10
2 23 1 0 0 0 760 3 5 5 12
2 24 0 0 1 0 760 1 12 12 5
2 25 1 0 0 0 760 3 14 14 12
3 1 1 0 0 0 760 2 7 7 14
3 2 1 0 0 0 760 3 1 1 7
3 3 1 1 0 0 595 1 7 7 1
3 4 0 0 1 0 760 1 1 1 7
3 5 1 0 0 0 760 3 11 11 1
3 6 1 0 0 0 760 2 12 12 11
3 7 1 0 0 0 760 3 6 6 12
3 8 1 0 0 0 760 2 11 11 6
3 9 1 0 0 0 760 2 5 5 11
3 10 1 0 0 0 760 3 12 12 5
3 11 1 0 0 0 760 3 6 6 12
3 12 1 0 0 0 760 3 4 4 6
3 13 1 0 0 0 760 2 8 8 4
3 14 1 0 0 0 760 3 2 2 8
3 15 1 0 0 0 760 3 14 14 2
3 16 0 0 1 0 760 1 2 2 14
3 17 0 0 1 0 760 1 14 14 2
3 18 1 0 0 0 760 2 15 15 14
3 19 1 0 0 0 760 3 7 7 15
3 20 0 0 1 0 760 1 15 15 7
3 21 1 0 0 0 760 3 15 15 15
3 22 1 0 0 0 760 3 4 4 15
3 23 1 0 0 0 760 3 11 11 4
3 24 1 0 0 0 760 2 14 14 11
3 25 0 0 1 0 760 1 11 11 14
