1 1 1 0 0 0 760 1 6 6 0
1 2 1 0 0 0 760 2 7 7 6
1 3 1 0 0 0 760 2 3 3 7
1 4 0 0 1 0 760 1 7 7 3
1 5 1 0 0 0 760 2 7 7 7
1 6 1 0 0 0 760 3 12 12 7
1 7 1 1 0 0 762 1 7 7 12
1 8 1 0 0 0 760 3 15 15 7
1 9 1 0 0 0 760 2 1 1 15
1 10 1 0 0 0 760 3 4 4 1
1 11 1 0 0 0 760 3 11 11 4
1 12 1 0 0 0 760 2 15 15 11
1 13 1 0 0 0 760 2 12 12 15
1 14 0 0 1 0 760 1 15 15 12
1 15 1 0 0 0 760 3 9 9 15
1 16 0 0 1 0 760 1 15 15 9
1 17 1 0 0 0 760 3 14 14 15
1 18 0 0 0 1 705 2 9 9 14
1 19 1 1 0 0 691 1 14 14 9
1 20 1 0 0 0 760 2 1 1 14
1 21 1 0 0 0 760 2 12 12 1
1 22 1 0 0 0 760 3 7 7 12
1 23 0 0 1 0 760 1 12 12 7
1 24 1 0 0 0 760 3 14 14 12
1 25 1 0 0 0 760 2 2 2 14
2 1 1 0 0 0 760 2 10 10 2
2 2 1 0 0 0 760 3 11 11 10
2 3 1 0 0 0 760 2 11 11 11
2 4 1 0 0 0 760 3 1 1 11
2 5 1 0 0 0 760 3 10 10 1
2 6 0 0 1 0 760 1 1 1 10
2 7 0 0 1 0 760 1 10 10 1
2 8 1 0 0 0 760 3 13 13 10
2 9 1 0 0 0 760 2 14 14 13
2 10 1 1 0 0 727 1 13 13 14
2 11 1 0 0 0 760 2 10 10 13
2 12 1 0 0 0 760 3 3 3 10
2 13 1 0 0 0 760 3 3 3 3
2 14 1 0 0 0 760 3 12 12 3
2 15 1 1 0 0 549 1 3 3 12
2 16 1 0 0 0 760 2 14 14 3
2 17 1 0 0 0 760 3 4 4 14
2 18 1 1 0 0 565 1 14 14 4
2 19 1 0 0 0 760 2 6 6 14
2 20 1 0 0 0 760 2 12 12 6
2 21 1 0 0 0 760 2 1 1 12
2 22 0 0 0 1 715 3 6 6 1
2 23 0 0 0 1 695 3 4 4 6
2 24 0 0 1 0 760 1 6 6 4
2 25 0 0 1 0 760 1 4 4 6
3 1 1 0 0 0 760 2 2 2 4
3 2 1 0 0 0 760 2 13 13 2
3 3 1 0 0 0 760 3 11 11 13
3 4 0 0 0 1 698 3 2 2 11
3 5 1 0 0 0 760 3 12 12 2
3 6 1 0 0 0 760 2 6 6 12
3 7 0 0 1 0 760 1 12 12 6
3 8 1 0 0 0 760 2 15 15 12
3 9 1 1 0 0 732 1 12 12 15
3 10 1 0 0 0 760 2 11 11 12
3 11 0 0 1 0 760 1 12 12 11
3 12 1 0 0 0 760 2 13 13 12
3 13 1 0 0 0 760 3 9 9 13
3 14 0 0 1 0 760 1 13 13 9
3 15 1 0 0 0 760 3 15 15 13
3 16 0 0 1 0 760 1 13 13 15
3 17 1 0 0 0 760 3 12 12 13
3 18 1 0 0 0 760 2 14 14 12
3 19 0 0 1 0 760 1 12 12 14
3 20 1 0 0 0 760 2 9 9 12
3 21 1 0 0 0 760 3 15 15 9
3 22 1 0 0 0 760 3 12 12 15
3 23 1 0 0 0 760 2 9 9 12
3 24 1 1 0 0 761 1 12 12 9
3 25 0 0 1 0 760 1 9 9 12
