1 1 1 0 0 0 760 3 6 6 0
1 2 1 0 0 0 760 3 5 5 6
1 3 0 0 1 0 760 1 6 6 5
1 4 1 0 0 0 760 3 13 13 6
1 5 1 0 0 0 760 2 5 5 13
1 6 1 0 0 0 760 2 3 3 5
1 7 1 0 0 0 760 3 13 13 3
1 8 1 1 0 0 711 1 3 3 13
1 9 1 0 0 0 760 2 3 3 3
1 10 1 1 0 0 720 1 3 3 3
1 11 1 0 0 0 760 2 10 10 3
1 12 0 0 1 0 760 1 3 3 10
1 13 0 0 1 0 760 1 10 10 3
1 14 1 0 0 0 760 2 14 14 10
1 15 1 0 0 0 760 2 12 12 14
1 16 1 0 0 0 760 2 15 15 12
1 17 0 0 1 0 760 1 12 12 15
1 18 1 0 0 0 760 2 4 4 12
1 19 1 0 0 0 760 3 9 9 4
1 20 1 0 0 0 760 3 8 8 9
1 21 0 0 1 0 760 1 9 9 8
1 22 0 0 1 0 760 1 8 8 9
1 23 1 0 0 0 760 3 4 4 8
1 24 1 0 0 0 760 3 1 1 4
1 25 0 0 1 0 760 1 4 4 1
2 1 1 0 0 0 760 2 6 6 4
2 2 1 0 0 0 760 2 3 3 6
2 3 1 0 0 0 760 2 10 10 3
2 4 1 0 0 0 760 3 12 12 10
2 5 1 0 0 0 760 2 9 9 12
2 6 1 1 0 0 586 1 12 12 9
2 7 0 0 1 0 760 1 9 9 12
2 8 1 0 0 0 760 2 5 5 9
2 9 0 0 1 0 760 1 9 9 5
2 10 1 0 0 0 760 2 8 8 9
2 11 1 0 0 0 760 2 2 2 8
2 12 1 0 0 0 760 2 10 10 2
2 13 0 0 1 0 760 1 2 2 10
2 14 1 0 0 0 760 2 8 8 2
2 15 0 0 1 0 760 1 2 2 8
2 16 1 0 0 0 760 3 11 11 2
2 17 1 0 0 0 760 3 12 12 11
2 18 1 0 0 0 760 2 10 10 12
2 19 1 0 0 0 760 3 11 11 10
2 20 1 0 0 0 760 3 1 1 11
2 21 1 0 0 0 760 2 14 14 1
2 22 1 0 0 0 760 2 5 5 14
2 23 1 1 0 0 631 1 14 14 5
2 24 1 0 0 0 760 3 8 8 14
2 25 1 0 0 0 760 2 4 4 8
3 1 1 0 0 0 760 2 9 9 4
3 2 1 0 0 0 760 1 10 10 9
3 3 1 0 0 0 760 3 7 7 10
3 4 1 0 0 0 760 3 15 15 7
3 5 1 0 0 0 760 3 4 4 15
3 6 1 0 0 0 760 2 6 6 4
3 7 1 0 0 0 760 3 9 9 6
3 8 0 0 1 0 760 1 6 6 9
3 9 1 0 0 0 760 2 15 15 6
3 10 1 0 0 0 760 2 7 7 15
3 11 1 0 0 0 760 3 12 12 7
3 12 1 0 0 0 760 3 9 9 12
3 13 1 0 0 0 760 3 9 9 9
3 14 1 0 0 0 760 3 3 3 9
3 15 1 0 0 0 760 3 11 11 3
3 16 1 0 0 0 760 3 12 12 11
3 17 1 0 0 0 760 2 15 15 12
3 18 0 0 1 0 760 1 12 12 15
3 19 1 0 0 0 760 2 10 10 12
3 20 0 0 1 0 760 1 12 12 10
3 21 1 0 0 0 760 2 8 8 12
3 22 1 0 0 0 760 2 10 10 8
3 23 0 0 1 0 760 1 8 8 10
3 24 0 0 1 0 760 1 10 10 8
3 25 0 0 1 0 760 1 8 8 10
