1 1 1 0 0 0 760 1 7 7 0
1 2 1 0 0 0 760 1 10 10 7
1 3 1 1 0 0 673 1 7 7 10
1 4 1 0 0 0 760 2 11 11 7
1 5 1 0 0 0 760 2 3 3 11
1 6 1 0 0 0 760 2 6 6 3
1 7 1 0 0 0 760 3 2 2 6
1 8 1 0 0 0 760 2 10 10 2
1 9 1 0 0 0 760 3 3 3 10
1 10 0 0 1 0 760 1 10 10 3
1 11 1 1 0 0 755 1 3 3 10
1 12 1 0 0 0 760 3 8 8 3
1 13 1 1 0 0 755 1 3 3 8
1 14 1 0 0 0 760 3 14 14 3
1 15 1 1 0 0 710 1 3 3 14
1 16 1 0 0 0 760 3 12 12 3
1 17 1 0 0 0 760 3 13 13 12
1 18 1 0 0 0 760 2 1 1 13
1 19 1 0 0 0 760 3 5 5 1
1 20 1 0 0 0 760 2 10 10 5
1 21 0 0 1 0 760 1 5 5 10
1 22 1 0 0 0 760 3 6 6 5
1 23 1 0 0 0 760 3 1 1 6
1 24 1 0 0 0 760 3 8 8 1
1 25 1 0 0 0 760 3 6 6 8
2 1 1 0 0 0 760 1 15 15 6
2 2 1 0 0 0 760 3 3 3 15
2 3 1 0 0 0 760 3 14 14 3
2 4 0 0 1 0 760 1 3 3 14
2 5 1 0 0 0 760 3 2 2 3
2 6 1 0 0 0 760 3 2 2 2
2 7 0 0 1 0 760 1 2 2 2
2 8 1 1 0 0 623 1 2 2 2
2 9 1 0 0 0 760 2 14 14 2
2 10 1 0 0 0 760 2 12 12 14
2 11 1 0 0 0 760 3 15 15 12
2 12 1 0 0 0 760 3 8 8 15
2 13 1 0 0 0 760 2 4 4 8
2 14 0 0 1 0 760 1 8 8 4
2 15 1 0 0 0 760 3 5 5 8
2 16 0 0 0 1 737 3 2 2 5
2 17 1 1 0 0 755 1 5 5 2
2 18 1 0 0 0 760 2 1 1 5
2 19 1 0 0 0 760 3 2 2 1
2 20 0 0 1 0 760 1 1 1 2
2 21 1 0 0 0 760 3 4 4 1
2 22 1 0 0 0 760 2 10 10 4
2 23 1 0 0 0 760 3 6 6 10
2 24 1 0 0 0 760 2 2 2 6
2 25 1 0 0 0 760 2 10 10 2
3 1 1 0 0 0 760 1 9 9 10
3 2 1 0 0 0 760 3 7 7 9
3 3 1 0 0 0 760 3 12 12 7
3 4 1 0 0 0 760 2 1 1 12
3 5 1 0 0 0 760 2 10 10 1
3 6 1 0 0 0 760 3 9 9 10
3 7 1 0 0 0 760 3 13 13 9
3 8 1 0 0 0 760 3 14 14 13
3 9 0 0 1 0 760 1 13 13 14
3 10 1 0 0 0 760 3 11 11 13
3 11 1 0 0 0 760 2 1 1 11
3 12 1 0 0 0 760 3 9 9 1
3 13 1 0 0 0 760 3 3 3 9
3 14 1 0 0 0 760 2 13 13 3
3 15 0 0 0 1 756 2 10 10 13
3 16 0 0 1 0 760 1 13 13 10
3 17 1 0 0 0 760 3 8 8 13
3 18 1 0 0 0 760 3 2 2 8
3 19 1 0 0 0 760 3 14 14 2
3 20 1 0 0 0 760 2 3 3 14
3 21 1 0 0 0 760 3 15 15 3
3 22 1 0 0 0 760 2 8 8 15
3 23 0 0 1 0 760 1 15 15 8
3 24 1 0 0 0 760 2 5 5 15
3 25 1 0 0 0 760 3 8 8 5
