1 1 1 0 0 0 760 2 10 10 0
1 2 1 0 0 0 760 1 3 3 10
1 3 1 1 0 0 568 1 10 10 3
1 4 1 0 0 0 760 3 9 9 10
1 5 1 1 0 0 714 1 10 10 9
1 6 1 1 0 0 607 1 9 9 10
1 7 1 1 0 0 557 1 10 10 9
1 8 0 0 1 0 760 1 9 9 10
1 9 1 1 0 0 654 1 10 10 9
1 10 1 0 0 0 760 3 8 8 10
1 11 1 0 0 0 760 3 1 1 8
1 12 1 1 0 0 604 1 8 8 1
1 13 0 0 1 0 760 1 1 1 8
1 14 1 1 0 0 562 1 8 8 1
1 15 1 0 0 0 760 3 7 7 8
1 16 1 0 0 0 760 2 11 11 7
1 17 0 0 0 1 578 2 11 11 11
1 18 1 0 0 0 760 3 14 14 11
1 19 1 0 0 0 760 3 3 3 14
1 20 1 0 0 0 760 2 8 8 3
1 21 0 0 1 0 760 1 3 3 8
1 22 1 1 0 0 742 1 8 8 3
1 23 1 1 0 0 641 1 3 3 8
1 24 1 0 0 0 760 3 1 1 3
1 25 1 1 0 0 743 1 3 3 1
2 1 1 0 0 0 760 3 4 4 3
2 2 1 0 0 0 760 3 13 13 4
2 3 1 1 0 0 522 1 4 4 13
2 4 1 0 0 0 760 2 8 8 4
2 5 1 0 0 0 760 2 6 6 8
2 6 1 0 0 0 760 3 10 10 6
2 7 1 1 0 0 735 1 6 6 10
2 8 1 0 0 0 760 3 8 8 6
2 9 1 0 0 0 760 3 10 10 8
2 10 1 0 0 0 760 3 4 4 10
2 11 1 0 0 0 760 2 8 8 4
2 12 1 0 0 0 760 2 10 10 8
2 13 1 1 0 0 676 1 8 8 10
2 14 1 0 0 0 760 2 1 1 8
2 15 1 0 0 0 760 2 12 12 1
2 16 1 1 0 0 692 1 1 1 12
2 17 1 0 0 0 760 3 14 14 1
2 18 1 0 0 0 760 3 14 14 14
2 19 1 0 0 0 760 3 1 1 14
2 20 1 0 0 0 760 2 2 2 1
2 21 1 1 0 0 599 1 1 1 2
2 22 1 0 0 0 760 2 8 8 1
2 23 1 0 0 0 760 3 9 9 8
2 24 1 0 0 0 760 2 2 2 9
2 25 1 0 0 0 760 2 2 2 2
3 1 1 0 0 0 760 1 3 3 2
3 2 1 0 0 0 760 2 7 7 3
3 3 1 0 0 0 760 3 10 10 7
3 4 1 1 0 0 651 1 7 7 10
3 5 1 1 0 0 662 1 10 10 7
3 6 1 0 0 0 760 3 11 11 10
3 7 1 0 0 0 760 2 6 6 11
3 8 1 0 0 0 760 3 4 4 6
3 9 1 0 0 0 760 3 13 13 4
3 10 1 0 0 0 760 2 14 14 13
3 11 1 0 0 0 760 3 3 3 14
3 12 0 0 1 0 760 1 14 14 3
3 13 0 0 1 0 760 1 3 3 14
3 14 0 0 1 0 760 1 14 14 3
3 15 1 1 0 0 656 1 3 3 14
3 16 1 1 0 0 526 1 14 14 3
3 17 1 0 0 0 760 3 2 2 14
3 18 1 0 0 0 760 2 5 5 2
3 19 1 0 0 0 760 3 12 12 5
3 20 1 0 0 0 760 3 10 10 12
3 21 1 1 0 0 689 1 12 12 10
3 22 1 1 0 0 614 1 10 10 12
3 23 1 0 0 0 760 2 6 6 10
3 24 0 0 0 1 662 3 2 2 6
3 25 1 0 0 0 760 2 11 11 2
