1 1 1 0 0 0 760 1 13 13 0
1 2 1 0 0 0 760 1 8 8 13
1 3 1 0 0 0 760 2 15 15 8
1 4 1 0 0 0 760 3 3 3 15
1 5 1 0 0 0 760 3 8 8 3
1 6 0 0 1 0 760 1 3 3 8
1 7 0 0 1 0 760 1 8 8 3
1 8 1 0 0 0 760 2 9 9 8
1 9 1 0 0 0 760 3 9 9 9
1 10 1 0 0 0 760 2 2 2 9
1 11 1 0 0 0 760 2 13 13 2
1 12 1 0 0 0 760 2 4 4 13
1 13 1 0 0 0 760 3 8 8 4
1 14 1 0 0 0 760 3 5 5 8
1 15 1 0 0 0 760 2 9 9 5
1 16 0 0 1 0 760 1 5 5 9
1 17 1 0 0 0 760 3 1 1 5
1 18 0 0 1 0 760 1 5 5 1
1 19 1 0 0 0 760 2 8 8 5
1 20 1 0 0 0 760 2 11 11 8
1 21 0 0 1 0 760 1 8 8 11
1 22 0 0 1 0 760 1 11 11 8
1 23 1 0 0 0 760 2 7 7 11
1 24 0 0 1 0 760 1 11 11 7
1 25 1 0 0 0 760 2 3 3 11
2 1 1 0 0 0 760 1 6 6 3
2 2 1 0 0 0 760 3 5 5 6
2 3 1 0 0 0 760 2 4 4 5
2 4 1 0 0 0 760 3 3 3 4
2 5 1 0 0 0 760 2 13 13 3
2 6 1 0 0 0 760 2 1 1 13
2 7 0 0 1 0 760 1 13 13 1
2 8 1 0 0 0 760 3 5 5 13
2 9 1 0 0 0 760 2 11 11 5
2 10 1 0 0 0 760 2 1 1 11
2 11 1 0 0 0 760 3 2 2 1
2 12 1 0 0 0 760 2 11 11 2
2 13 1 0 0 0 760 2 1 1 11
2 14 0 0 1 0 760 1 11 11 1
2 15 1 0 0 0 760 3 13 13 11
2 16 1 0 0 0 760 3 5 5 13
2 17 0 0 0 1 463 2 11 11 5
2 18 1 0 0 0 760 3 4 4 11
2 19 1 0 0 0 760 2 3 3 4
2 20 1 0 0 0 760 3 5 5 3
2 21 1 0 0 0 760 2 12 12 5
2 22 1 0 0 0 760 3 8 8 12
2 23 0 0 1 0 760 1 12 12 8
2 24 0 0 1 0 760 1 8 8 12
2 25 0 0 1 0 760 1 12 12 8
3 1 1 0 0 0 760 1 13 13 12
3 2 1 0 0 0 760 1 6 6 13
3 3 1 0 0 0 760 3 14 14 6
3 4 0 0 1 0 760 1 6 6 14
3 5 0 0 1 0 760 1 14 14 6
3 6 0 0 1 0 760 1 6 6 14
3 7 0 0 1 0 760 1 14 14 6
3 8 1 0 0 0 760 2 4 4 14
3 9 1 0 0 0 760 2 6 6 4
3 10 1 0 0 0 760 3 7 7 6
3 11 1 0 0 0 760 2 5 5 7
3 12 0 0 1 0 760 1 7 7 5
3 13 1 0 0 0 760 3 6 6 7
3 14 1 0 0 0 760 2 6 6 6
3 15 1 0 0 0 760 3 2 2 6
3 16 1 0 0 0 760 2 1 1 2
3 17 1 1 0 0 595 1 2 2 1
3 18 1 0 0 0 760 2 12 12 2
3 19 1 0 0 0 760 3 1 1 12
3 20 1 0 0 0 760 2 10 10 1
3 21 1 0 0 0 760 2 11 11 10
3 22 1 0 0 0 760 3 14 14 11
3 23 0 0 1 0 760 1 11 11 14
3 24 0 0 1 0 760 1 14 14 11
3 25 1 0 0 0 760 3 10 10 14
