1 1 1 0 0 0 760 2 12 12 0
1 2 1 0 0 0 760 3 1 1 12
1 3 1 0 0 0 760 3 8 8 1
1 4 0 0 1 0 760 1 1 1 8
1 5 1 0 0 0 760 3 7 7 1
1 6 1 0 0 0 760 3 10 10 7
1 7 1 0 0 0 760 3 14 14 10
1 8 1 0 0 0 760 2 14 14 14
1 9 1 0 0 0 760 2 6 6 14
1 10 1 0 0 0 760 2 2 2 6
1 11 0 0 1 0 722 1 6 6 2
1 12 1 0 0 0 760 2 7 7 6
1 13 1 0 0 0 760 3 2 2 7
1 14 1 0 0 0 760 2 11 11 2
1 15 0 0 1 0 657 1 2 2 11
1 16 1 0 0 0 760 2 14 14 2
1 17 1 0 0 0 760 3 4 4 14
1 18 1 0 0 0 760 2 1 1 4
1 19 1 0 0 0 760 2 2 2 1
1 20 1 0 0 0 760 3 3 3 2
1 21 0 0 1 0 741 1 2 2 3
1 22 1 0 0 0 760 2 14 14 2
1 23 1 0 0 0 604 3 1 1 14
1 24 1 0 0 0 760 3 1 1 1
1 25 1 0 0 0 760 3 13 13 1
2 1 1 0 0 0 760 3 8 8 13
2 2 1 0 0 0 760 2 3 3 8
2 3 1 0 0 0 760 2 5 5 3
2 4 1 0 0 0 760 2 14 14 5
2 5 0 0 1 0 760 1 5 5 14
2 6 1 0 0 0 760 2 12 12 5
2 7 1 1 0 0 500 1 5 5 12
2 8 1 0 0 0 760 2 13 13 5
2 9 1 0 0 0 760 3 2 2 13
2 10 1 0 0 0 760 3 12 12 2
2 11 1 0 0 0 760 3 15 15 12
2 12 1 0 0 0 760 3 8 8 15
2 13 1 1 0 0 614 1 15 15 8
2 14 0 0 1 0 760 1 8 8 15
2 15 1 0 0 0 760 2 14 14 8
2 16 1 0 0 0 760 3 3 3 14
2 17 0 0 1 0 760 1 14 14 3
2 18 1 0 0 0 760 2 12 12 14
2 19 1 0 0 0 760 3 7 7 12
2 20 1 0 0 0 760 2 1 1 7
2 21 1 0 0 0 760 3 14 14 1
2 22 1 1 0 0 530 1 1 1 14
2 23 0 0 1 0 760 1 14 14 1
2 24 1 0 0 0 760 3 3 3 14
2 25 1 0 0 0 760 2 15 15 3
3 1 1 0 0 0 760 1 1 1 15
3 2 1 0 0 0 760 2 11 11 1
3 3 1 0 0 0 760 2 9 9 11
3 4 1 1 0 0 603 1 11 11 9
3 5 1 0 0 0 760 3 4 4 11
3 6 1 1 0 0 612 1 11 11 4
3 7 1 1 0 0 696 1 4 4 11
3 8 1 0 0 0 760 2 15 15 4
3 9 1 0 0 0 760 3 11 11 15
3 10 1 0 0 0 760 3 5 5 11
3 11 0 0 1 0 760 1 11 11 5
3 12 1 0 0 0 760 2 2 2 11
3 13 1 0 0 0 760 3 13 13 2
3 14 1 0 0 0 760 2 15 15 13
3 15 0 0 1 0 760 1 13 13 15
3 16 0 0 1 0 760 1 15 15 13
3 17 1 0 0 0 760 3 11 11 15
3 18 1 0 0 0 760 3 1 1 11
3 19 1 0 0 0 760 2 2 2 1
3 20 0 0 1 0 760 1 1 1 2
3 21 1 0 0 0 760 3 14 14 1
3 22 1 1 0 0 682 1 1 1 14
3 23 1 0 0 0 760 2 8 8 1
3 24 1 0 0 0 760 2 14 14 8
3 25 1 0 0 0 760 2 11 11 14
