1 1 1 0 0 0 760 3 2 2 0
1 2 1 0 0 0 760 1 1 1 2
1 3 1 0 0 0 760 3 15 15 1
1 4 1 0 0 0 760 3 11 11 15
1 5 1 1 0 0 700 1 15 15 11
1 6 1 0 0 0 760 3 12 12 15
1 7 1 0 0 0 760 3 3 3 12
1 8 1 1 0 0 567 1 12 12 3
1 9 1 0 0 0 760 3 6 6 12
1 10 1 0 0 0 760 3 2 2 6
1 11 1 1 0 0 648 1 6 6 2
1 12 1 1 0 0 659 1 2 2 6
1 13 1 0 0 0 760 3 14 14 2
1 14 1 0 0 0 760 2 12 12 14
1 15 1 1 0 0 702 1 14 14 12
1 16 1 0 0 0 760 2 6 6 14
1 17 1 1 0 0 555 1 14 14 6
1 18 1 0 0 0 760 3 13 13 14
1 19 1 0 0 0 760 2 11 11 13
1 20 1 0 0 0 760 2 4 4 11
1 21 1 0 0 0 760 3 8 8 4
1 22 1 1 0 0 717 1 4 4 8
1 23 1 0 0 0 760 3 9 9 4
1 24 1 1 0 0 619 1 4 4 9
1 25 1 0 0 0 760 2 1 1 4
2 1 1 0 0 0 760 2 8 8 1
2 2 1 0 0 0 760 3 4 4 8
2 3 1 0 0 0 760 3 14 14 4
2 4 1 1 0 0 539 1 4 4 14
2 5 1 0 0 0 760 2 7 7 4
2 6 1 0 0 0 760 3 7 7 7
2 7 1 1 0 0 565 1 7 7 7
2 8 1 0 0 0 760 2 6 6 7
2 9 1 1 0 0 636 1 7 7 6
2 10 1 1 0 0 621 1 6 6 7
2 11 1 0 0 0 760 2 11 11 6
2 12 1 0 0 0 760 3 3 3 11
2 13 0 0 1 0 760 1 11 11 3
2 14 0 0 1 0 760 1 3 3 11
2 15 1 0 0 0 760 3 4 4 3
2 16 1 0 0 0 760 3 14 14 4
2 17 1 0 0 0 760 2 1 1 14
2 18 1 0 0 0 760 3 5 5 1
2 19 1 0 0 0 760 3 2 2 5
2 20 1 0 0 0 760 3 3 3 2
2 21 1 0 0 0 760 3 14 14 3
2 22 0 0 1 0 760 1 3 3 14
2 23 1 0 0 0 760 3 1 1 3
2 24 0 0 1 0 760 1 3 3 1
2 25 1 0 0 0 760 3 9 9 3
3 1 1 0 0 0 760 1 14 14 9
3 2 1 0 0 0 760 3 12 12 14
3 3 1 0 0 0 760 2 6 6 12
3 4 1 0 0 0 760 2 9 9 6
3 5 1 0 0 0 760 3 11 11 9
3 6 0 0 1 0 760 1 9 9 11
3 7 0 0 1 0 760 1 11 11 9
3 8 1 0 0 0 760 3 3 3 11
3 9 1 0 0 0 760 2 7 7 3
3 10 0 0 1 0 760 1 3 3 7
3 11 1 0 0 0 760 2 14 14 3
3 12 1 0 0 0 760 2 2 2 14
3 13 1 0 0 0 760 3 9 9 2
3 14 1 0 0 0 760 3 8 8 9
3 15 1 1 0 0 712 1 9 9 8
3 16 1 0 0 0 760 3 10 10 9
3 17 1 0 0 0 760 2 13 13 10
3 18 1 0 0 0 760 2 2 2 13
3 19 0 0 1 0 760 1 13 13 2
3 20 1 1 0 0 680 1 2 2 13
3 21 1 0 0 0 760 3 1 1 2
3 22 0 0 1 0 760 1 2 2 1
3 23 1 0 0 0 760 3 7 7 2
3 24 1 0 0 0 760 3 4 4 7
3 25 0 0 0 1 625 2 4 4 4
