1 1 1 0 0 0 760 2 9 9 0
1 2 1 0 0 0 760 1 13 13 9
1 3 1 0 0 0 760 2 4 4 13
1 4 1 0 0 0 760 3 10 10 4
1 5 1 1 0 0 651 1 4 4 10
1 6 1 0 0 0 760 3 8 8 4
1 7 1 0 0 0 760 3 15 15 8
1 8 0 0 1 0 760 1 8 8 15
1 9 1 0 0 0 760 3 11 11 8
1 10 1 0 0 0 760 3 3 3 11
1 11 1 0 0 0 760 3 12 12 3
1 12 1 0 0 0 760 2 11 11 12
1 13 1 0 0 0 760 3 9 9 11
1 14 1 1 0 0 698 1 11 11 9
1 15 1 1 0 0 713 1 9 9 11
1 16 1 0 0 0 760 3 2 2 9
1 17 1 0 0 0 760 3 5 5 2
1 18 1 0 0 0 760 2 7 7 5
1 19 1 0 0 0 760 3 1 1 7
1 20 1 1 0 0 710 1 7 7 1
1 21 1 0 0 0 760 2 15 15 7
1 22 1 1 0 0 569 1 7 7 15
1 23 1 1 0 0 628 1 15 15 7
1 24 0 0 1 0 760 1 7 7 15
1 25 1 1 0 0 668 1 15 15 7
2 1 1 0 0 0 760 3 2 2 15
2 2 1 0 0 0 760 1 6 6 2
2 3 1 0 0 0 760 2 6 6 6
2 4 1 0 0 0 760 2 12 12 6
2 5 1 0 0 0 760 3 11 11 12
2 6 1 0 0 0 760 2 6 6 11
2 7 1 0 0 0 760 3 13 13 6
2 8 1 0 0 0 760 2 2 2 13
2 9 1 0 0 0 760 3 9 9 2
2 10 1 1 0 0 594 1 2 2 9
2 11 1 1 0 0 647 1 9 9 2
2 12 1 1 0 0 714 1 2 2 9
2 13 1 0 0 0 760 2 4 4 2
2 14 1 0 0 0 760 2 13 13 4
2 15 1 1 0 0 670 1 4 4 13
2 16 1 0 0 0 760 3 4 4 4
2 17 1 0 0 0 760 3 11 11 4
2 18 1 0 0 0 760 3 7 7 11
2 19 0 0 1 0 760 1 11 11 7
2 20 1 0 0 0 760 3 2 2 11
2 21 1 0 0 0 760 3 1 1 2
2 22 1 0 0 0 760 2 12 12 1
2 23 1 1 0 0 601 1 1 1 12
2 24 1 0 0 0 760 3 7 7 1
2 25 1 0 0 0 760 3 4 4 7
3 1 1 0 0 0 760 1 5 5 4
3 2 1 0 0 0 760 3 7 7 5
3 3 0 0 1 0 760 1 5 5 7
3 4 1 0 0 0 760 2 11 11 5
3 5 1 0 0 0 760 2 9 9 11
3 6 1 0 0 0 760 3 4 4 9
3 7 1 0 0 0 760 3 12 12 4
3 8 1 0 0 0 760 3 10 10 12
3 9 1 0 0 0 760 2 15 15 10
3 10 1 0 0 0 760 3 15 15 15
3 11 0 0 1 0 760 1 15 15 15
3 12 1 0 0 0 760 2 12 12 15
3 13 1 0 0 0 760 3 4 4 12
3 14 1 1 0 0 650 1 12 12 4
3 15 1 1 0 0 590 1 4 4 12
3 16 1 0 0 0 760 3 2 2 4
3 17 1 0 0 0 760 2 2 2 2
3 18 1 1 0 0 555 1 2 2 2
3 19 1 0 0 0 760 3 15 15 2
3 20 1 0 0 0 760 3 4 4 15
3 21 1 0 0 0 760 2 14 14 4
3 22 1 0 0 0 760 3 8 8 14
3 23 1 0 0 0 760 3 13 13 8
3 24 1 0 0 0 760 3 12 12 13
3 25 1 0 0 0 760 2 5 5 12
