1 1 1 0 0 0 760 1 4 4 0
1 2 1 0 0 0 760 2 10 10 4
1 3 1 0 0 0 760 2 12 12 10
1 4 1 0 0 0 760 3 14 14 12
1 5 1 0 0 0 760 2 10 10 14
1 6 0 0 1 0 760 1 14 14 10
1 7 0 0 1 0 760 1 10 10 14
1 8 0 0 1 0 760 1 14 14 10
1 9 1 0 0 0 760 3 7 7 14
1 10 1 0 0 0 760 3 11 11 7
1 11 0 0 1 0 712 1 7 7 11
1 12 0 0 1 0 760 1 11 11 7
1 13 1 0 0 0 760 3 5 5 11
1 14 1 1 0 0 674 1 11 11 5
1 15 0 0 0 1 507 2 12 12 11
1 16 1 0 0 0 760 3 4 4 12
1 17 1 0 0 0 760 2 13 13 4
1 18 0 0 1 0 755 1 4 4 13
1 19 1 0 0 0 760 2 8 8 4
1 20 0 0 1 0 714 1 4 4 8
1 21 1 1 0 0 701 1 8 8 4
1 22 1 0 0 0 760 3 10 10 8
1 23 1 0 0 0 760 2 4 4 10
1 24 1 0 0 0 760 3 11 11 4
1 25 1 1 0 0 648 1 4 4 11
2 1 1 0 0 0 760 2 10 10 4
2 2 1 0 0 0 760 2 3 3 10
2 3 1 0 0 0 760 2 3 3 3
2 4 0 0 1 0 760 1 3 3 3
2 5 1 0 0 0 760 3 7 7 3
2 6 1 0 0 0 760 3 9 9 7
2 7 1 0 0 0 760 2 2 2 9
2 8 1 1 0 0 637 1 9 9 2
2 9 0 0 1 0 760 1 2 2 9
2 10 1 0 0 0 760 2 15 15 2
2 11 0 0 1 0 760 1 2 2 15
2 12 1 0 0 0 760 2 5 5 2
2 13 1 0 0 0 760 2 11 11 5
2 14 1 0 0 0 760 2 9 9 11
2 15 1 0 0 0 760 2 7 7 9
2 16 1 0 0 0 760 3 10 10 7
2 17 1 0 0 0 760 2 13 13 10
2 18 1 0 0 0 760 2 15 15 13
2 19 1 0 0 0 760 2 8 8 15
2 20 1 0 0 0 760 3 7 7 8
2 21 1 0 0 0 760 2 15 15 7
2 22 1 0 0 0 760 2 5 5 15
2 23 1 0 0 0 760 2 10 10 5
2 24 1 1 0 0 620 1 5 5 10
2 25 1 0 0 0 760 2 11 11 5
3 1 1 0 0 0 760 1 4 4 11
3 2 1 0 0 0 760 2 15 15 4
3 3 1 0 0 0 760 3 3 3 15
3 4 0 0 1 0 760 1 15 15 3
3 5 1 0 0 0 760 3 8 8 15
3 6 1 0 0 0 760 3 12 12 8
3 7 1 0 0 0 760 2 12 12 12
3 8 1 0 0 0 760 2 10 10 12
3 9 1 0 0 0 760 3 15 15 10
3 10 1 0 0 0 760 2 15 15 15
3 11 0 0 1 0 760 1 15 15 15
3 12 1 0 0 0 760 2 4 4 15
3 13 0 0 1 0 760 1 15 15 4
3 14 1 0 0 0 760 3 11 11 15
3 15 0 0 1 0 760 1 15 15 11
3 16 0 0 1 0 760 1 11 11 15
3 17 1 0 0 0 760 3 5 5 11
3 18 0 0 0 1 536 3 5 5 5
3 19 1 0 0 0 760 3 12 12 5
3 20 1 0 0 0 760 3 10 10 12
3 21 1 0 0 0 760 3 15 15 10
3 22 1 1 0 0 637 1 10 10 15
3 23 1 0 0 0 760 3 5 5 10
3 24 1 0 0 0 760 3 5 5 5
3 25 1 0 0 0 760 3 4 4 5
