1 1 1 0 0 0 760 2 13 13 0
1 2 1 0 0 0 760 3 1 1 13
1 3 1 0 0 0 760 2 15 15 1
1 4 1 0 0 0 760 2 12 12 15
1 5 1 1 0 0 670 1 15 15 12
1 6 1 0 0 0 760 3 3 3 15
1 7 1 0 0 0 760 3 13 13 3
1 8 1 0 0 0 760 2 5 5 13
1 9 1 0 0 0 760 3 12 12 5
1 10 1 1 0 0 635 1 5 5 12
1 11 0 0 1 0 760 1 12 12 5
1 12 0 0 1 0 760 1 5 5 12
1 13 1 1 0 0 535 1 12 12 5
1 14 1 0 0 0 760 3 1 1 12
1 15 1 1 0 0 493 1 12 12 1
1 16 1 1 0 0 561 1 1 1 12
1 17 0 0 0 1 700 3 9 9 1
1 18 1 0 0 0 760 2 15 15 9
1 19 1 0 0 0 760 3 14 14 15
1 20 1 0 0 0 760 3 4 4 14
1 21 1 1 0 0 714 1 14 14 4
1 22 1 0 0 0 760 2 6 6 14
1 23 1 0 0 0 760 3 10 10 6
1 24 0 0 0 1 754 3 4 4 10
1 25 1 0 0 0 760 2 1 1 4
2 1 1 0 0 0 760 3 13 13 1
2 2 1 0 0 0 760 1 15 15 13
2 3 1 1 0 0 745 1 13 13 15
2 4 1 0 0 0 760 3 2 2 13
2 5 0 0 1 0 760 1 13 13 2
2 6 1 0 0 0 760 3 8 8 13
2 7 1 0 0 0 760 2 2 2 8
2 8 1 0 0 0 760 3 7 7 2
2 9 0 0 1 0 760 1 2 2 7
2 10 1 0 0 0 760 2 10 10 2
2 11 1 0 0 0 760 2 12 12 10
2 12 0 0 1 0 760 1 10 10 12
2 13 0 0 1 0 760 1 12 12 10
2 14 1 0 0 0 760 3 14 14 12
2 15 1 0 0 0 760 2 13 13 14
2 16 0 0 1 0 760 1 14 14 13
2 17 0 0 1 0 760 1 13 13 14
2 18 1 0 0 0 760 3 5 5 13
2 19 1 0 0 0 760 2 7 7 5
2 20 1 0 0 0 760 3 4 4 7
2 21 1 0 0 0 760 3 13 13 4
2 22 1 1 0 0 607 1 4 4 13
2 23 1 0 0 0 760 2 10 10 4
2 24 1 1 0 0 524 1 4 4 10
2 25 1 0 0 0 760 3 9 9 4
3 1 1 0 0 0 760 2 1 1 9
3 2 1 0 0 0 760 2 13 13 1
3 3 1 0 0 0 760 2 12 12 13
3 4 1 0 0 0 760 3 10 10 12
3 5 1 0 0 0 760 3 13 13 10
3 6 1 1 0 0 577 1 10 10 13
3 7 1 1 0 0 753 1 13 13 10
3 8 0 0 1 0 760 1 10 10 13
3 9 1 0 0 0 760 3 15 15 10
3 10 1 0 0 0 760 3 2 2 15
3 11 1 1 0 0 636 1 15 15 2
3 12 1 1 0 0 651 1 2 2 15
3 13 1 0 0 0 760 2 9 9 2
3 14 0 0 1 0 760 1 2 2 9
3 15 1 1 0 0 684 1 9 9 2
3 16 1 0 0 0 760 3 3 3 9
3 17 1 0 0 0 760 2 5 5 3
3 18 1 0 0 0 760 3 1 1 5
3 19 1 0 0 0 760 2 3 3 1
3 20 1 0 0 0 760 2 12 12 3
3 21 1 0 0 0 760 2 14 14 12
3 22 1 1 0 0 663 1 12 12 14
3 23 1 1 0 0 575 1 14 14 12
3 24 1 1 0 0 632 1 12 12 14
3 25 1 0 0 0 760 3 3 3 12
