1 1 1 0 0 0 760 2 3 3 0
1 2 1 0 0 0 760 1 15 15 3
1 3 1 0 0 0 760 3 7 7 15
1 4 1 0 0 0 760 3 11 11 7
1 5 1 0 0 0 760 3 5 5 11
1 6 1 0 0 0 760 2 5 5 5
1 7 0 0 1 0 760 1 5 5 5
1 8 1 1 0 0 671 1 5 5 5
1 9 1 1 0 0 562 1 5 5 5
1 10 1 0 0 0 760 3 10 10 5
1 11 1 1 0 0 603 1 5 5 10
1 12 1 0 0 0 760 2 12 12 5
1 13 1 0 0 0 760 3 3 3 12
1 14 1 1 0 0 715 1 12 12 3
1 15 1 1 0 0 592 1 3 3 12
1 16 1 1 0 0 698 1 12 12 3
1 17 1 0 0 0 760 3 9 9 12
1 18 0 0 0 1 549 3 9 9 9
1 19 1 1 0 0 600 1 9 9 9
1 20 0 0 0 1 539 3 12 12 9
1 21 1 1 0 0 746 1 9 9 12
1 22 1 1 0 0 730 1 12 12 9
1 23 1 0 0 0 760 2 2 2 12
1 24 1 1 0 0 646 1 12 12 2
1 25 1 1 0 0 652 1 2 2 12
2 1 1 0 0 0 760 1 15 15 2
2 2 1 0 0 0 760 3 11 11 15
2 3 0 0 1 0 760 1 15 15 11
2 4 1 0 0 0 760 2 13 13 15
2 5 1 1 0 0 655 1 15 15 13
2 6 0 0 1 0 760 1 13 13 15
2 7 0 0 1 0 760 1 15 15 13
2 8 1 0 0 0 760 2 7 7 15
2 9 1 0 0 0 760 3 8 8 7
2 10 1 0 0 0 760 2 9 9 8
2 11 1 0 0 0 760 2 1 1 9
2 12 1 0 0 0 760 3 14 14 1
2 13 0 0 1 0 760 1 1 1 14
2 14 1 0 0 0 760 2 9 9 1
2 15 1 0 0 0 760 2 7 7 9
2 16 1 1 0 0 552 1 9 9 7
2 17 1 1 0 0 618 1 7 7 9
2 18 0 0 1 0 760 1 9 9 7
2 19 0 0 0 1 725 3 9 9 9
2 20 0 0 1 0 760 1 9 9 9
2 21 0 0 0 1 709 3 6 6 9
2 22 1 1 0 0 723 1 9 9 6
2 23 1 0 0 0 760 3 14 14 9
2 24 1 0 0 0 760 2 5 5 14
2 25 1 0 0 0 760 3 10 10 5
3 1 1 0 0 0 760 2 14 14 10
3 2 1 0 0 0 760 1 7 7 14
3 3 1 0 0 0 760 3 3 3 7
3 4 1 1 0 0 576 1 7 7 3
3 5 1 1 0 0 596 1 3 3 7
3 6 1 0 0 0 760 3 14 14 3
3 7 0 0 1 0 760 1 3 3 14
3 8 1 0 0 0 760 2 3 3 3
3 9 1 0 0 0 760 2 1 1 3
3 10 1 0 0 0 760 2 12 12 1
3 11 1 0 0 0 760 2 2 2 12
3 12 1 0 0 0 760 2 10 10 2
3 13 1 0 0 0 760 3 15 15 10
3 14 1 0 0 0 760 3 11 11 15
3 15 0 0 1 0 760 1 15 15 11
3 16 1 0 0 0 760 2 10 10 15
3 17 1 0 0 0 760 2 5 5 10
3 18 1 0 0 0 760 2 1 1 5
3 19 1 0 0 0 760 2 13 13 1
3 20 1 0 0 0 760 3 12 12 13
3 21 0 0 1 0 760 1 13 13 12
3 22 1 0 0 0 760 2 2 2 13
3 23 0 0 1 0 760 1 13 13 2
3 24 1 0 0 0 760 3 4 4 13
3 25 1 1 0 0 680 1 13 13 4
