1 1 1 0 0 0 760 3 12 12 0
1 2 1 0 0 0 760 1 14 14 12
1 3 0 0 1 0 760 1 12 12 14
1 4 0 0 1 0 760 1 14 14 12
1 5 1 0 0 0 760 3 4 4 14
1 6 1 0 0 0 760 3 9 9 4
1 7 1 0 0 0 760 2 13 13 9
1 8 0 0 1 0 760 1 9 9 13
1 9 1 0 0 0 760 3 2 2 9
1 10 1 0 0 0 760 3 11 11 2
1 11 0 0 1 0 760 1 2 2 11
1 12 1 0 0 0 760 3 4 4 2
1 13 1 0 0 0 760 2 14 14 4
1 14 1 0 0 0 473 2 8 8 14
1 15 0 0 1 0 760 1 14 14 8
1 16 0 0 1 0 760 1 8 8 14
1 17 1 0 0 0 760 2 10 10 8
1 18 0 0 1 0 760 1 8 8 10
1 19 0 0 1 0 738 1 10 10 8
1 20 0 0 1 0 760 1 8 8 10
1 21 1 0 0 0 760 3 1 1 8
1 22 0 0 1 0 760 1 8 8 1
1 23 1 0 0 0 760 2 15 15 8
1 24 1 0 0 0 760 3 4 4 15
1 25 1 0 0 0 760 2 11 11 4
2 1 1 0 0 0 760 3 1 1 11
2 2 1 0 0 0 760 2 3 3 1
2 3 1 0 0 0 760 2 3 3 3
2 4 1 0 0 0 760 3 10 10 3
2 5 0 0 1 0 760 1 3 3 10
2 6 1 0 0 0 760 3 7 7 3
2 7 1 0 0 0 760 3 14 14 7
2 8 1 0 0 0 760 2 3 3 14
2 9 0 0 1 0 760 1 14 14 3
2 10 1 0 0 0 760 3 9 9 14
2 11 1 0 0 0 760 2 12 12 9
2 12 0 0 1 0 760 1 9 9 12
2 13 0 0 1 0 760 1 12 12 9
2 14 0 0 1 0 760 1 9 9 12
2 15 1 0 0 0 760 2 7 7 9
2 16 1 0 0 0 760 2 3 3 7
2 17 1 0 0 0 760 2 9 9 3
2 18 1 0 0 0 760 3 7 7 9
2 19 1 0 0 0 760 3 12 12 7
2 20 1 1 0 0 739 1 7 7 12
2 21 1 0 0 0 760 3 15 15 7
2 22 0 0 1 0 760 1 7 7 15
2 23 1 0 0 0 760 2 11 11 7
2 24 0 0 1 0 760 1 7 7 11
2 25 1 0 0 0 760 3 9 9 7
3 1 1 0 0 0 760 2 14 14 9
3 2 1 0 0 0 760 1 5 5 14
3 3 1 0 0 0 760 3 2 2 5
3 4 1 0 0 0 760 3 4 4 2
3 5 1 0 0 0 760 3 15 15 4
3 6 0 0 1 0 760 1 4 4 15
3 7 1 0 0 0 760 3 2 2 4
3 8 1 0 0 0 760 2 6 6 2
3 9 1 0 0 0 760 3 10 10 6
3 10 1 0 0 0 760 2 4 4 10
3 11 1 0 0 0 760 3 8 8 4
3 12 1 0 0 0 760 2 10 10 8
3 13 1 0 0 0 760 2 13 13 10
3 14 0 0 1 0 760 1 10 10 13
3 15 0 0 1 0 760 1 13 13 10
3 16 1 0 0 0 760 3 8 8 13
3 17 1 0 0 0 760 2 8 8 8
3 18 1 0 0 0 760 2 1 1 8
3 19 0 0 1 0 760 1 8 8 1
3 20 0 0 1 0 760 1 1 1 8
3 21 1 1 0 0 538 1 8 8 1
3 22 1 0 0 0 760 3 7 7 8
3 23 1 1 0 0 746 1 8 8 7
3 24 0 0 1 0 760 1 7 7 8
3 25 1 0 0 0 760 2 15 15 7
