1 1 1 0 0 0 686 1 13 13 0
1 2 1 0 0 0 760 1 12 12 13
1 3 1 0 0 0 760 2 9 9 12
1 4 1 0 0 0 760 2 2 2 9
1 5 1 0 0 0 760 3 5 5 2
1 6 0 0 1 0 680 1 2 2 5
1 7 1 0 0 0 760 2 7 7 2
1 8 1 0 0 0 760 2 3 3 7
1 9 1 0 0 0 760 2 10 10 3
1 10 0 0 1 0 701 1 3 3 10
1 11 0 0 1 0 730 1 10 10 3
1 12 0 0 1 0 566 1 3 3 10
1 13 1 0 0 0 514 3 15 15 3
1 14 1 0 0 0 760 3 14 14 15
1 15 0 0 1 0 640 1 15 15 14
1 16 1 0 0 0 760 3 6 6 15
1 17 1 0 0 0 760 3 3 3 6
1 18 1 0 0 0 760 3 3 3 3
1 19 1 0 0 0 760 3 5 5 3
1 20 0 0 1 0 659 1 3 3 5
1 21 1 0 0 0 760 3 13 13 3
1 22 0 0 1 0 607 1 3 3 13
1 23 1 0 0 0 760 2 7 7 3
1 24 1 0 0 0 760 2 9 9 7
1 25 1 0 0 0 760 2 11 11 9
2 1 1 0 0 0 760 1 5 5 11
2 2 1 0 0 0 760 1 3 3 5
2 3 0 0 1 0 760 1 5 5 3
2 4 1 0 0 0 760 2 10 10 5
2 5 1 0 0 0 760 2 7 7 10
2 6 1 1 0 0 707 1 10 10 7
2 7 1 0 0 0 760 2 12 12 10
2 8 1 0 0 0 760 3 11 11 12
2 9 1 0 0 0 760 2 5 5 11
2 10 1 1 0 0 721 1 11 11 5
2 11 1 0 0 0 760 2 15 15 11
2 12 1 0 0 0 760 2 7 7 15
2 13 1 0 0 0 760 2 10 10 7
2 14 1 0 0 0 760 3 4 4 10
2 15 1 0 0 0 760 3 2 2 4
2 16 1 0 0 0 760 2 11 11 2
2 17 1 0 0 0 760 3 6 6 11
2 18 1 0 0 0 760 2 2 2 6
2 19 1 0 0 0 760 2 15 15 2
2 20 0 0 1 0 760 1 2 2 15
2 21 1 0 0 0 760 2 6 6 2
2 22 0 0 1 0 760 1 2 2 6
2 23 1 0 0 0 760 3 4 4 2
2 24 0 0 1 0 760 1 2 2 4
2 25 1 0 0 0 760 2 15 15 2
3 1 1 0 0 0 760 3 12 12 15
3 2 1 0 0 0 760 2 11 11 12
3 3 1 0 0 0 760 2 6 6 11
3 4 1 0 0 0 760 3 6 6 6
3 5 1 0 0 0 760 2 5 5 6
3 6 0 0 1 0 760 1 6 6 5
3 7 1 0 0 0 760 2 8 8 6
3 8 0 0 1 0 760 1 6 6 8
3 9 1 0 0 0 760 2 2 2 6
3 10 1 0 0 0 760 3 10 10 2
3 11 0 0 1 0 760 1 2 2 10
3 12 1 0 0 0 760 2 5 5 2
3 13 1 0 0 0 760 2 7 7 5
3 14 1 1 0 0 511 1 5 5 7
3 15 1 0 0 0 760 2 9 9 5
3 16 1 0 0 0 760 3 10 10 9
3 17 1 0 0 0 760 3 4 4 10
3 18 1 0 0 0 760 3 2 2 4
3 19 1 0 0 0 760 3 7 7 2
3 20 0 0 1 0 760 1 2 2 7
3 21 1 0 0 0 760 2 15 15 2
3 22 1 0 0 0 760 2 10 10 15
3 23 1 0 0 0 760 2 7 7 10
3 24 0 0 1 0 760 1 10 10 7
3 25 0 0 0 1 730 2 10 10 10
