1 1 1 0 0 0 760 1 12 12 0
1 2 1 0 0 0 760 3 2 2 12
1 3 1 1 0 0 712 1 12 12 2
1 4 1 1 0 0 614 1 2 2 12
1 5 1 0 0 0 760 2 11 11 2
1 6 1 0 0 0 760 2 14 14 11
1 7 0 0 1 0 760 1 11 11 14
1 8 1 0 0 0 760 3 13 13 11
1 9 1 0 0 0 760 3 3 3 13
1 10 1 0 0 0 760 2 7 7 3
1 11 1 1 0 0 544 1 3 3 7
1 12 1 0 0 0 760 2 9 9 3
1 13 1 0 0 0 760 3 1 1 9
1 14 1 1 0 0 528 1 9 9 1
1 15 1 1 0 0 561 1 1 1 9
1 16 1 0 0 0 760 3 2 2 1
1 17 1 0 0 0 760 3 8 8 2
1 18 1 1 0 0 749 1 2 2 8
1 19 1 0 0 0 760 2 1 1 2
1 20 1 0 0 0 760 3 10 10 1
1 21 1 0 0 0 760 2 5 5 10
1 22 1 0 0 0 760 2 15 15 5
1 23 1 1 0 0 614 1 5 5 15
1 24 1 1 0 0 589 1 15 15 5
1 25 1 0 0 0 760 3 8 8 15
2 1 1 0 0 0 760 3 13 13 8
2 2 1 0 0 0 760 1 5 5 13
2 3 1 0 0 0 760 3 6 6 5
2 4 1 0 0 0 760 2 12 12 6
2 5 1 1 0 0 528 1 6 6 12
2 6 1 1 0 0 496 1 12 12 6
2 7 1 0 0 0 760 2 9 9 12
2 8 1 0 0 0 760 2 13 13 9
2 9 1 1 0 0 510 1 9 9 13
2 10 1 0 0 0 760 2 6 6 9
2 11 1 0 0 0 760 3 4 4 6
2 12 1 0 0 0 760 3 4 4 4
2 13 1 0 0 0 760 3 9 9 4
2 14 1 0 0 0 760 3 5 5 9
2 15 1 0 0 0 760 2 5 5 5
2 16 1 0 0 0 760 3 2 2 5
2 17 1 1 0 0 525 1 5 5 2
2 18 1 0 0 0 760 3 12 12 5
2 19 0 0 1 0 760 1 5 5 12
2 20 1 1 0 0 600 1 12 12 5
2 21 1 0 0 0 760 3 12 12 12
2 22 1 0 0 0 760 2 9 9 12
2 23 1 1 0 0 647 1 12 12 9
2 24 1 0 0 0 760 2 7 7 12
2 25 1 0 0 0 760 2 4 4 7
3 1 1 0 0 0 760 2 4 4 4
3 2 1 0 0 0 760 1 7 7 4
3 3 1 0 0 0 760 3 14 14 7
3 4 1 0 0 0 760 3 5 5 14
3 5 1 0 0 0 760 3 2 2 5
3 6 0 0 1 0 760 1 5 5 2
3 7 1 0 0 0 760 2 13 13 5
3 8 1 1 0 0 529 1 5 5 13
3 9 1 0 0 0 760 2 15 15 5
3 10 1 0 0 0 760 2 8 8 15
3 11 1 0 0 0 760 3 13 13 8
3 12 1 0 0 0 760 3 5 5 13
3 13 1 0 0 0 760 3 2 2 5
3 14 1 0 0 0 760 2 15 15 2
3 15 1 0 0 0 760 2 12 12 15
3 16 1 0 0 0 760 3 11 11 12
3 17 1 0 0 0 760 2 4 4 11
3 18 1 0 0 0 760 3 13 13 4
3 19 1 1 0 0 529 1 4 4 13
3 20 1 1 0 0 535 1 13 13 4
3 21 0 0 1 0 760 1 4 4 13
3 22 0 0 1 0 760 1 13 13 4
3 23 1 0 0 0 760 2 14 14 13
3 24 1 0 0 0 760 2 9 9 14
3 25 1 0 0 0 760 3 2 2 9
