1 1 1 0 0 0 760 2 5 5 0
1 2 1 0 0 0 760 2 15 15 5
1 3 1 0 0 0 760 3 12 12 15
1 4 1 0 0 0 760 2 14 14 12
1 5 1 1 0 0 642 1 12 12 14
1 6 0 0 1 0 760 1 14 14 12
1 7 1 0 0 0 760 3 9 9 14
1 8 1 0 0 0 760 3 5 5 9
1 9 0 0 0 1 541 3 5 5 5
1 10 1 1 0 0 725 1 5 5 5
1 11 1 0 0 0 760 3 3 3 5
1 12 1 0 0 0 760 2 7 7 3
1 13 1 0 0 0 760 3 2 2 7
1 14 0 0 1 0 760 1 7 7 2
1 15 0 0 1 0 760 1 2 2 7
1 16 1 0 0 0 760 2 15 15 2
1 17 1 0 0 0 760 3 10 10 15
1 18 1 0 0 0 760 2 7 7 10
1 19 0 0 1 0 760 1 10 10 7
1 20 1 0 0 0 760 2 9 9 10
1 21 1 0 0 0 760 2 3 3 9
1 22 1 0 0 0 760 2 6 6 3
1 23 1 0 0 0 760 3 1 1 6
1 24 1 0 0 0 760 2 4 4 1
1 25 1 0 0 0 760 3 5 5 4
2 1 1 0 0 0 760 3 8 8 5
2 2 1 0 0 0 760 2 13 13 8
2 3 0 0 1 0 760 1 8 8 13
2 4 1 0 0 0 760 2 12 12 8
2 5 1 0 0 0 760 3 3 3 12
2 6 1 0 0 0 760 3 10 10 3
2 7 1 0 0 0 760 3 1 1 10
2 8 0 0 1 0 760 1 10 10 1
2 9 1 0 0 0 760 3 3 3 10
2 10 1 1 0 0 601 1 10 10 3
2 11 1 0 0 0 760 2 4 4 10
2 12 1 0 0 0 760 2 9 9 4
2 13 0 0 0 1 590 2 10 10 9
2 14 1 0 0 0 760 2 1 1 10
2 15 1 1 0 0 597 1 10 10 1
2 16 1 0 0 0 760 3 2 2 10
2 17 1 1 0 0 538 1 10 10 2
2 18 1 1 0 0 629 1 2 2 10
2 19 1 1 0 0 522 1 10 10 2
2 20 1 0 0 0 760 2 5 5 10
2 21 1 0 0 0 760 3 7 7 5
2 22 1 0 0 0 760 3 1 1 7
2 23 1 0 0 0 760 2 12 12 1
2 24 1 0 0 0 760 3 14 14 12
2 25 1 0 0 0 760 2 8 8 14
3 1 1 0 0 0 760 1 4 4 8
3 2 1 0 0 0 760 2 3 3 4
3 3 1 0 0 0 760 2 13 13 3
3 4 0 0 1 0 760 1 3 3 13
3 5 1 0 0 0 760 2 5 5 3
3 6 0 0 1 0 760 1 3 3 5
3 7 1 0 0 0 760 3 12 12 3
3 8 1 0 0 0 760 3 11 11 12
3 9 0 0 1 0 760 1 12 12 11
3 10 1 1 0 0 625 1 11 11 12
3 11 1 0 0 0 760 3 9 9 11
3 12 1 1 0 0 593 1 11 11 9
3 13 1 0 0 0 760 3 12 12 11
3 14 1 0 0 0 760 2 5 5 12
3 15 1 1 0 0 659 1 12 12 5
3 16 1 0 0 0 760 2 9 9 12
3 17 1 1 0 0 660 1 12 12 9
3 18 1 1 0 0 659 1 9 9 12
3 19 1 1 0 0 631 1 12 12 9
3 20 1 0 0 0 760 3 14 14 12
3 21 1 1 0 0 705 1 12 12 14
3 22 1 1 0 0 663 1 14 14 12
3 23 1 1 0 0 679 1 12 12 14
3 24 1 0 0 0 760 2 13 13 12
3 25 1 0 0 0 760 2 2 2 13
