1 1 1 0 0 0 760 3 14 14 0
1 2 1 0 0 0 760 2 12 12 14
1 3 1 0 0 0 760 3 6 6 12
1 4 1 0 0 0 760 3 15 15 6
1 5 1 0 0 0 760 3 7 7 15
1 6 0 0 1 0 760 1 15 15 7
1 7 1 0 0 0 545 2 2 2 15
1 8 1 1 0 0 637 1 15 15 2
1 9 1 0 0 0 760 2 12 12 15
1 10 1 0 0 0 760 2 13 13 12
1 11 1 0 0 0 760 3 2 2 13
1 12 1 1 0 0 675 1 13 13 2
1 13 1 0 0 0 760 2 4 4 13
1 14 1 0 0 0 760 3 6 6 4
1 15 1 0 0 0 760 3 9 9 6
1 16 1 0 0 0 760 3 10 10 9
1 17 1 1 0 0 665 1 9 9 10
1 18 1 0 0 0 760 2 13 13 9
1 19 1 0 0 0 760 3 1 1 13
1 20 1 0 0 0 760 2 14 14 1
1 21 0 0 1 0 760 1 1 1 14
1 22 1 1 0 0 699 1 14 14 1
1 23 0 0 0 1 508 3 9 9 14
1 24 1 1 0 0 655 1 14 14 9
1 25 1 0 0 0 760 2 3 3 14
2 1 1 0 0 0 760 3 12 12 3
2 2 1 0 0 0 760 3 4 4 12
2 3 1 1 0 0 654 1 12 12 4
2 4 1 1 0 0 590 1 4 4 12
2 5 1 0 0 0 760 2 15 15 4
2 6 1 0 0 0 760 3 6 6 15
2 7 0 0 0 1 662 2 5 5 6
2 8 1 1 0 0 702 1 6 6 5
2 9 1 0 0 0 760 2 8 8 6
2 10 1 0 0 0 760 2 2 2 8
2 11 1 1 0 0 726 1 8 8 2
2 12 1 1 0 0 609 1 2 2 8
2 13 1 0 0 0 760 3 6 6 2
2 14 1 0 0 0 760 2 12 12 6
2 15 1 1 0 0 659 1 6 6 12
2 16 1 0 0 0 760 3 7 7 6
2 17 0 0 0 1 624 3 8 8 7
2 18 1 0 0 0 760 3 10 10 8
2 19 1 1 0 0 647 1 8 8 10
2 20 1 0 0 0 760 2 11 11 8
2 21 1 1 0 0 546 1 8 8 11
2 22 1 0 0 0 760 3 3 3 8
2 23 1 0 0 0 760 3 9 9 3
2 24 1 1 0 0 588 1 3 3 9
2 25 0 0 1 0 760 1 9 9 3
3 1 1 0 0 0 760 1 4 4 9
3 2 1 0 0 0 760 2 10 10 4
3 3 1 1 0 0 593 1 4 4 10
3 4 1 1 0 0 720 1 10 10 4
3 5 1 0 0 0 760 2 2 2 10
3 6 1 1 0 0 513 1 10 10 2
3 7 1 0 0 0 760 2 9 9 10
3 8 1 0 0 0 760 2 6 6 9
3 9 1 0 0 0 760 3 5 5 6
3 10 0 0 1 0 760 1 6 6 5
3 11 1 0 0 0 760 2 10 10 6
3 12 1 0 0 0 760 2 15 15 10
3 13 1 0 0 0 760 2 15 15 15
3 14 1 0 0 0 760 3 9 9 15
3 15 1 1 0 0 675 1 15 15 9
3 16 1 0 0 0 760 2 6 6 15
3 17 1 0 0 0 760 3 2 2 6
3 18 1 0 0 0 760 3 8 8 2
3 19 1 0 0 0 760 3 4 4 8
3 20 0 0 1 0 760 1 8 8 4
3 21 1 0 0 0 760 3 1 1 8
3 22 1 0 0 0 760 2 14 14 1
3 23 0 0 1 0 760 1 1 1 14
3 24 1 0 0 0 760 3 2 2 1
3 25 0 0 1 0 760 1 1 1 2
