1 1 1 0 0 0 760 1 7 7 0
1 2 1 0 0 0 760 3 15 15 7
1 3 1 0 0 0 760 2 9 9 15
1 4 1 0 0 0 760 3 3 3 9
1 5 1 0 0 0 760 3 8 8 3
1 6 1 0 0 0 760 2 14 14 8
1 7 0 0 1 0 760 1 8 8 14
1 8 0 0 1 0 760 1 14 14 8
1 9 1 0 0 0 760 2 13 13 14
1 10 1 0 0 0 760 2 3 3 13
1 11 1 0 0 0 760 2 15 15 3
1 12 1 0 0 0 760 3 2 2 15
1 13 1 0 0 0 760 3 5 5 2
1 14 1 0 0 0 760 2 1 1 5
1 15 1 0 0 0 760 2 4 4 1
1 16 1 0 0 0 760 2 4 4 4
1 17 1 1 0 0 546 1 4 4 4
1 18 0 0 1 0 760 1 4 4 4
1 19 1 1 0 0 498 1 4 4 4
1 20 1 1 0 0 493 1 4 4 4
1 21 1 1 0 0 498 1 4 4 4
1 22 1 1 0 0 504 1 4 4 4
1 23 1 0 0 0 760 3 6 6 4
1 24 1 0 0 0 760 3 6 6 6
1 25 1 0 0 0 760 2 14 14 6
2 1 1 0 0 0 760 1 12 12 14
2 2 1 0 0 0 760 3 7 7 12
2 3 1 0 0 0 760 2 6 6 7
2 4 1 0 0 0 760 3 3 3 6
2 5 1 0 0 0 760 2 11 11 3
2 6 1 0 0 0 760 2 7 7 11
2 7 1 0 0 0 760 3 2 2 7
2 8 0 0 1 0 760 1 7 7 2
2 9 1 0 0 0 760 3 7 7 7
2 10 1 0 0 0 760 2 10 10 7
2 11 1 0 0 0 760 3 2 2 10
2 12 1 0 0 0 760 3 7 7 2
2 13 0 0 1 0 760 1 2 2 7
2 14 1 0 0 0 760 2 8 8 2
2 15 0 0 0 1 686 2 8 8 8
2 16 1 0 0 0 760 3 9 9 8
2 17 1 0 0 0 760 3 11 11 9
2 18 1 1 0 0 552 1 9 9 11
2 19 1 0 0 0 760 2 5 5 9
2 20 1 0 0 0 760 2 8 8 5
2 21 1 0 0 0 760 3 6 6 8
2 22 1 1 0 0 570 1 8 8 6
2 23 1 0 0 0 760 3 8 8 8
2 24 1 0 0 0 760 2 3 3 8
2 25 1 0 0 0 760 3 1 1 3
3 1 1 0 0 0 760 3 11 11 1
3 2 1 0 0 0 760 2 11 11 11
3 3 0 0 1 0 760 1 11 11 11
3 4 1 0 0 0 760 2 7 7 11
3 5 1 1 0 0 513 1 11 11 7
3 6 1 0 0 0 760 2 8 8 11
3 7 1 0 0 0 760 3 12 12 8
3 8 1 0 0 0 760 2 12 12 12
3 9 1 1 0 0 722 1 12 12 12
3 10 1 0 0 0 760 2 14 14 12
3 11 1 0 0 0 760 3 3 3 14
3 12 1 0 0 0 760 3 6 6 3
3 13 0 0 1 0 760 1 3 3 6
3 14 1 0 0 0 760 2 8 8 3
3 15 1 0 0 0 760 2 13 13 8
3 16 1 0 0 0 760 3 7 7 13
3 17 1 0 0 0 760 2 11 11 7
3 18 1 0 0 0 760 2 4 4 11
3 19 1 0 0 0 760 3 2 2 4
3 20 0 0 1 0 760 1 4 4 2
3 21 1 1 0 0 649 1 2 2 4
3 22 1 0 0 0 760 3 1 1 2
3 23 1 1 0 0 631 1 2 2 1
3 24 1 0 0 0 760 3 13 13 2
3 25 1 1 0 0 526 1 2 2 13
