1 1 1 0 0 0 760 3 8 8 0
1 2 1 0 0 0 760 2 3 3 8
1 3 1 0 0 0 760 3 10 10 3
1 4 1 0 0 0 760 3 15 15 10
1 5 1 0 0 0 760 3 12 12 15
1 6 1 1 0 0 614 1 15 15 12
1 7 1 0 0 0 760 3 10 10 15
1 8 1 0 0 0 760 2 6 6 10
1 9 1 0 0 0 760 3 5 5 6
1 10 1 0 0 0 760 3 14 14 5
1 11 1 0 0 0 760 3 3 3 14
1 12 1 0 0 0 760 3 15 15 3
1 13 1 1 0 0 712 1 3 3 15
1 14 1 0 0 0 760 3 8 8 3
1 15 1 0 0 0 760 3 4 4 8
1 16 1 1 0 0 570 1 8 8 4
1 17 1 1 0 0 479 1 4 4 8
1 18 1 0 0 0 760 2 13 13 4
1 19 1 0 0 0 760 3 1 1 13
1 20 1 0 0 0 760 3 3 3 1
1 21 1 0 0 0 760 2 8 8 3
1 22 1 0 0 0 760 3 11 11 8
1 23 1 0 0 0 760 3 2 2 11
1 24 1 0 0 0 760 3 9 9 2
1 25 1 1 0 0 609 1 2 2 9
2 1 1 0 0 0 760 1 2 2 2
2 2 1 0 0 0 760 1 1 1 2
2 3 1 0 0 0 760 2 4 4 1
2 4 1 0 0 0 760 2 8 8 4
2 5 1 0 0 0 760 2 15 15 8
2 6 1 0 0 0 760 2 13 13 15
2 7 1 0 0 0 760 2 8 8 13
2 8 1 0 0 0 760 2 2 2 8
2 9 1 0 0 0 760 3 13 13 2
2 10 1 0 0 0 760 2 5 5 13
2 11 1 0 0 0 760 2 3 3 5
2 12 0 0 1 0 760 1 5 5 3
2 13 1 0 0 0 760 3 1 1 5
2 14 1 1 0 0 548 1 5 5 1
2 15 1 1 0 0 501 1 1 1 5
2 16 1 0 0 0 760 3 3 3 1
2 17 1 0 0 0 760 3 5 5 3
2 18 1 1 0 0 544 1 3 3 5
2 19 1 0 0 0 760 2 12 12 3
2 20 1 1 0 0 528 1 3 3 12
2 21 1 0 0 0 760 2 11 11 3
2 22 1 0 0 0 760 3 5 5 11
2 23 1 0 0 0 760 3 9 9 5
2 24 1 0 0 0 760 3 7 7 9
2 25 1 0 0 0 760 3 11 11 7
3 1 1 0 0 0 760 2 10 10 11
3 2 1 0 0 0 760 1 2 2 10
3 3 1 0 0 0 760 3 1 1 2
3 4 1 0 0 0 760 3 1 1 1
3 5 1 0 0 0 760 3 5 5 1
3 6 1 1 0 0 585 1 1 1 5
3 7 1 1 0 0 528 1 5 5 1
3 8 1 0 0 0 760 3 10 10 5
3 9 1 0 0 0 760 2 6 6 10
3 10 1 0 0 0 760 3 4 4 6
3 11 1 0 0 0 760 3 13 13 4
3 12 1 0 0 0 760 2 13 13 13
3 13 1 0 0 0 760 2 5 5 13
3 14 1 1 0 0 699 1 13 13 5
3 15 1 0 0 0 760 3 13 13 13
3 16 1 0 0 0 760 2 3 3 13
3 17 1 0 0 0 760 3 5 5 3
3 18 1 0 0 0 760 2 12 12 5
3 19 1 1 0 0 679 1 5 5 12
3 20 1 1 0 0 663 1 12 12 5
3 21 1 0 0 0 760 3 7 7 12
3 22 1 1 0 0 692 1 12 12 7
3 23 1 0 0 0 760 2 13 13 12
3 24 1 0 0 0 760 3 4 4 13
3 25 1 0 0 0 760 3 12 12 4
