1 1 1 0 0 0 760 1 1 1 0
1 2 1 0 0 0 760 2 6 6 1
1 3 0 0 1 0 760 1 1 1 6
1 4 1 0 0 0 760 3 7 7 1
1 5 1 0 0 0 760 3 15 15 7
1 6 1 0 0 0 760 2 2 2 15
1 7 0 0 1 0 760 1 15 15 2
1 8 1 1 0 0 760 1 2 2 15
1 9 1 0 0 0 760 3 7 7 2
1 10 1 0 0 0 760 2 7 7 7
1 11 1 0 0 0 760 3 9 9 7
1 12 1 0 0 0 760 2 2 2 9
1 13 1 0 0 0 760 3 1 1 2
1 14 1 0 0 0 760 3 8 8 1
1 15 1 0 0 0 760 3 4 4 8
1 16 0 0 1 0 760 1 8 8 4
1 17 1 0 0 0 760 3 12 12 8
1 18 1 0 0 0 760 2 4 4 12
1 19 1 0 0 0 760 3 6 6 4
1 20 1 0 0 0 760 2 13 13 6
1 21 1 0 0 0 760 2 14 14 13
1 22 1 1 0 0 683 1 13 13 14
1 23 1 0 0 0 760 2 2 2 13
1 24 1 0 0 0 760 3 7 7 2
1 25 1 0 0 0 760 2 8 8 7
2 1 1 0 0 0 760 2 6 6 8
2 2 1 0 0 0 760 2 6 6 6
2 3 0 0 1 0 760 1 6 6 6
2 4 1 0 0 0 760 3 7 7 6
2 5 0 0 1 0 760 1 6 6 7
2 6 1 0 0 0 760 3 14 14 6
2 7 1 0 0 0 760 3 2 2 14
2 8 1 0 0 0 760 3 3 3 2
2 9 0 0 1 0 760 1 2 2 3
2 10 1 0 0 0 760 3 12 12 2
2 11 1 0 0 0 760 2 13 13 12
2 12 1 1 0 0 661 1 12 12 13
2 13 1 1 0 0 645 1 13 13 12
2 14 1 0 0 0 760 2 7 7 13
2 15 1 0 0 0 760 3 4 4 7
2 16 1 0 0 0 760 2 5 5 4
2 17 1 0 0 0 760 3 7 7 5
2 18 1 0 0 0 760 2 9 9 7
2 19 1 1 0 0 672 1 7 7 9
2 20 1 0 0 0 760 3 15 15 7
2 21 1 1 0 0 675 1 7 7 15
2 22 0 0 1 0 760 1 15 15 7
2 23 1 1 0 0 600 1 7 7 15
2 24 0 0 1 0 760 1 15 15 7
2 25 0 0 0 1 666 2 15 15 15
3 1 1 0 0 0 760 2 2 2 15
3 2 1 0 0 0 760 2 12 12 2
3 3 1 1 0 0 669 1 2 2 12
3 4 1 1 0 0 528 1 12 12 2
3 5 1 0 0 0 760 2 8 8 12
3 6 1 1 0 0 527 1 12 12 8
3 7 0 0 0 1 726 2 2 2 12
3 8 1 0 0 0 760 3 11 11 2
3 9 1 1 0 0 561 1 2 2 11
3 10 0 0 1 0 760 1 11 11 2
3 11 1 0 0 0 760 2 8 8 11
3 12 1 1 0 0 681 1 11 11 8
3 13 1 1 0 0 733 1 8 8 11
3 14 1 0 0 0 760 3 14 14 8
3 15 1 1 0 0 657 1 8 8 14
3 16 1 0 0 0 760 2 7 7 8
3 17 1 0 0 0 760 2 11 11 7
3 18 1 0 0 0 760 3 4 4 11
3 19 1 0 0 0 760 2 10 10 4
3 20 1 0 0 0 760 3 2 2 10
3 21 1 0 0 0 760 2 4 4 2
3 22 0 0 1 0 760 1 2 2 4
3 23 1 0 0 0 760 3 10 10 2
3 24 0 0 1 0 760 1 2 2 10
3 25 1 0 0 0 760 2 2 2 2
