1 1 1 0 0 0 760 2 2 2 0
1 2 1 0 0 0 760 2 1 1 2
1 3 1 0 0 0 760 3 7 7 1
1 4 0 0 1 0 760 1 1 1 7
1 5 1 0 0 0 760 3 8 8 1
1 6 1 0 0 0 760 2 2 2 8
1 7 0 0 0 1 538 2 2 2 2
1 8 1 0 0 0 760 2 1 1 2
1 9 1 0 0 0 760 2 8 8 1
1 10 0 0 1 0 760 1 1 1 8
1 11 1 1 0 0 628 1 8 8 1
1 12 0 0 0 1 597 2 8 8 8
1 13 1 1 0 0 659 1 8 8 8
1 14 1 0 0 0 760 3 4 4 8
1 15 1 1 0 0 617 1 8 8 4
1 16 1 0 0 0 760 2 13 13 8
1 17 1 0 0 0 760 3 14 14 13
1 18 0 0 1 0 760 1 13 13 14
1 19 1 0 0 0 760 2 9 9 13
1 20 1 0 0 0 760 3 12 12 9
1 21 0 0 1 0 760 1 9 9 12
1 22 0 0 1 0 760 1 12 12 9
1 23 1 0 0 0 760 2 2 2 12
1 24 0 0 0 1 626 2 11 11 2
1 25 0 0 1 0 760 1 2 2 11
2 1 1 0 0 0 760 1 14 14 2
2 2 1 0 0 0 760 3 1 1 14
2 3 1 1 0 0 749 1 14 14 1
2 4 1 1 0 0 615 1 1 1 14
2 5 1 0 0 0 760 3 12 12 1
2 6 1 0 0 0 760 2 9 9 12
2 7 1 1 0 0 638 1 12 12 9
2 8 1 0 0 0 760 2 11 11 12
2 9 1 0 0 0 760 3 10 10 11
2 10 1 1 0 0 489 1 11 11 10
2 11 1 0 0 0 760 2 8 8 11
2 12 1 0 0 0 760 2 9 9 8
2 13 0 0 0 1 644 3 11 11 9
2 14 1 0 0 0 760 3 13 13 11
2 15 1 0 0 0 760 3 8 8 13
2 16 1 0 0 0 760 2 4 4 8
2 17 1 0 0 0 760 2 2 2 4
2 18 1 0 0 0 760 2 1 1 2
2 19 1 0 0 0 760 3 13 13 1
2 20 1 1 0 0 711 1 1 1 13
2 21 1 1 0 0 534 1 13 13 1
2 22 1 0 0 0 760 3 11 11 13
2 23 1 0 0 0 760 3 15 15 11
2 24 0 0 0 1 522 2 10 10 15
2 25 1 0 0 0 760 3 13 13 10
3 1 1 0 0 0 760 2 7 7 13
3 2 1 0 0 0 760 1 6 6 7
3 3 1 1 0 0 540 1 7 7 6
3 4 1 0 0 0 760 3 5 5 7
3 5 1 0 0 0 760 3 8 8 5
3 6 1 1 0 0 745 1 5 5 8
3 7 1 0 0 0 760 2 14 14 5
3 8 1 0 0 0 760 2 13 13 14
3 9 1 1 0 0 554 1 14 14 13
3 10 1 1 0 0 605 1 13 13 14
3 11 1 1 0 0 545 1 14 14 13
3 12 1 0 0 0 760 3 11 11 14
3 13 1 0 0 0 760 3 8 8 11
3 14 1 1 0 0 658 1 11 11 8
3 15 1 1 0 0 694 1 8 8 11
3 16 1 0 0 0 760 3 3 3 8
3 17 1 0 0 0 760 3 9 9 3
3 18 1 0 0 0 760 2 9 9 9
3 19 1 0 0 0 760 3 12 12 9
3 20 1 0 0 0 760 2 8 8 12
3 21 1 0 0 0 760 3 11 11 8
3 22 1 1 0 0 531 1 8 8 11
3 23 0 0 1 0 760 1 11 11 8
3 24 1 0 0 0 760 2 3 3 11
3 25 1 0 0 0 760 2 8 8 3
