1 1 1 0 0 0 760 3 11 11 0
1 2 1 0 0 0 760 3 6 6 11
1 3 1 1 0 0 505 1 11 11 6
1 4 0 0 1 0 760 1 6 6 11
1 5 1 0 0 0 760 3 10 10 6
1 6 1 0 0 0 760 3 13 13 10
1 7 1 0 0 0 760 2 13 13 13
1 8 1 0 0 0 760 3 9 9 13
1 9 0 0 1 0 760 1 13 13 9
1 10 0 0 1 0 760 1 9 9 13
1 11 0 0 0 1 486 3 15 15 9
1 12 1 1 0 0 751 1 9 9 15
1 13 1 0 0 0 760 3 7 7 9
1 14 1 0 0 0 760 2 1 1 7
1 15 1 0 0 0 760 2 3 3 1
1 16 1 1 0 0 578 1 1 1 3
1 17 1 0 0 0 760 3 4 4 1
1 18 0 0 1 0 760 1 1 1 4
1 19 1 0 0 0 760 2 9 9 1
1 20 1 0 0 0 760 2 9 9 9
1 21 1 0 0 0 760 3 3 3 9
1 22 1 0 0 0 760 2 6 6 3
1 23 1 0 0 0 760 3 1 1 6
1 24 1 1 0 0 641 1 6 6 1
1 25 1 1 0 0 733 1 1 1 6
2 1 1 0 0 0 760 1 5 5 1
2 2 1 0 0 0 760 3 9 9 5
2 3 1 1 0 0 649 1 5 5 9
2 4 1 0 0 0 760 3 1 1 5
2 5 1 0 0 0 760 3 6 6 1
2 6 1 0 0 0 760 2 2 2 6
2 7 0 0 1 0 760 1 6 6 2
2 8 0 0 1 0 760 1 2 2 6
2 9 1 0 0 0 760 2 15 15 2
2 10 1 0 0 0 760 3 12 12 15
2 11 0 0 1 0 760 1 15 15 12
2 12 1 0 0 0 760 3 9 9 15
2 13 1 0 0 0 760 2 1 1 9
2 14 1 1 0 0 690 1 9 9 1
2 15 1 0 0 0 760 3 7 7 9
2 16 1 0 0 0 760 3 7 7 7
2 17 1 0 0 0 760 3 12 12 7
2 18 1 1 0 0 549 1 7 7 12
2 19 1 0 0 0 760 3 9 9 7
2 20 0 0 1 0 760 1 7 7 9
2 21 0 0 1 0 760 1 9 9 7
2 22 0 0 0 1 714 3 9 9 9
2 23 0 0 1 0 760 1 9 9 9
2 24 1 0 0 0 760 3 5 5 9
2 25 1 1 0 0 611 1 9 9 5
3 1 1 0 0 0 760 1 1 1 9
3 2 1 0 0 0 760 2 10 10 1
3 3 1 0 0 0 760 2 10 10 10
3 4 1 0 0 0 760 3 5 5 10
3 5 0 0 1 0 760 1 10 10 5
3 6 1 0 0 0 760 3 15 15 10
3 7 0 0 1 0 760 1 10 10 15
3 8 1 0 0 0 760 3 3 3 10
3 9 1 0 0 0 760 3 4 4 3
3 10 1 1 0 0 516 1 3 3 4
3 11 1 0 0 0 760 2 9 9 3
3 12 0 0 1 0 760 1 3 3 9
3 13 1 0 0 0 760 3 12 12 3
3 14 0 0 1 0 760 1 3 3 12
3 15 1 0 0 0 760 3 1 1 3
3 16 1 0 0 0 760 3 7 7 1
3 17 1 0 0 0 760 2 8 8 7
3 18 1 1 0 0 534 1 7 7 8
3 19 0 0 1 0 760 1 8 8 7
3 20 1 0 0 0 760 3 1 1 8
3 21 0 0 1 0 760 1 8 8 1
3 22 0 0 1 0 760 1 1 1 8
3 23 1 1 0 0 608 1 8 8 1
3 24 1 0 0 0 760 2 7 7 8
3 25 1 1 0 0 722 1 8 8 7
