1 1 1 0 0 0 760 3 9 9 0
1 2 1 0 0 0 760 3 1 1 9
1 3 1 0 0 0 760 3 2 2 1
1 4 1 0 0 0 760 3 12 12 2
1 5 1 0 0 0 760 2 13 13 12
1 6 0 0 1 0 760 1 12 12 13
1 7 1 0 0 0 760 2 4 4 12
1 8 0 0 1 0 760 1 12 12 4
1 9 1 0 0 0 760 2 14 14 12
1 10 1 0 0 0 760 2 9 9 14
1 11 1 0 0 0 760 3 11 11 9
1 12 1 0 0 0 760 3 14 14 11
1 13 1 1 0 0 630 1 11 11 14
1 14 1 0 0 0 760 2 9 9 11
1 15 1 1 0 0 596 1 11 11 9
1 16 1 0 0 0 760 3 1 1 11
1 17 1 0 0 0 760 3 5 5 1
1 18 0 0 1 0 760 1 1 1 5
1 19 0 0 1 0 760 1 5 5 1
1 20 1 0 0 0 760 2 15 15 5
1 21 1 0 0 0 760 2 13 13 15
1 22 1 0 0 0 760 3 3 3 13
1 23 1 0 0 0 760 2 11 11 3
1 24 1 0 0 0 760 3 5 5 11
1 25 1 0 0 0 760 3 1 1 5
2 1 1 0 0 0 760 2 7 7 1
2 2 1 0 0 0 760 2 2 2 7
2 3 1 0 0 0 760 2 3 3 2
2 4 1 0 0 0 760 2 11 11 3
2 5 0 0 1 0 760 1 3 3 11
2 6 1 0 0 0 760 2 15 15 3
2 7 1 0 0 0 760 2 9 9 15
2 8 1 0 0 0 760 2 6 6 9
2 9 1 0 0 0 760 3 8 8 6
2 10 1 0 0 0 760 2 14 14 8
2 11 1 0 0 0 760 3 1 1 14
2 12 1 0 0 0 760 3 11 11 1
2 13 0 0 1 0 760 1 1 1 11
2 14 1 0 0 0 760 3 1 1 1
2 15 1 0 0 0 760 3 11 11 1
2 16 1 0 0 0 760 3 3 3 11
2 17 0 0 1 0 760 1 11 11 3
2 18 0 0 1 0 760 1 3 3 11
2 19 0 0 1 0 760 1 11 11 3
2 20 1 0 0 0 760 3 9 9 11
2 21 1 0 0 0 760 2 1 1 9
2 22 1 0 0 0 760 3 7 7 1
2 23 1 0 0 0 760 2 2 2 7
2 24 0 0 1 0 760 1 7 7 2
2 25 1 0 0 0 760 3 6 6 7
3 1 1 0 0 0 760 1 1 1 6
3 2 1 0 0 0 760 2 8 8 1
3 3 1 0 0 0 760 3 8 8 8
3 4 1 1 0 0 716 1 8 8 8
3 5 1 0 0 0 760 2 3 3 8
3 6 1 0 0 0 760 3 12 12 3
3 7 1 0 0 0 760 2 2 2 12
3 8 1 0 0 0 760 3 15 15 2
3 9 1 0 0 0 760 2 4 4 15
3 10 1 0 0 0 760 2 12 12 4
3 11 1 0 0 0 760 3 7 7 12
3 12 0 0 1 0 760 1 12 12 7
3 13 1 0 0 0 760 2 6 6 12
3 14 1 1 0 0 582 1 12 12 6
3 15 0 0 1 0 760 1 6 6 12
3 16 1 1 0 0 723 1 12 12 6
3 17 1 0 0 0 760 2 1 1 12
3 18 1 0 0 0 760 2 8 8 1
3 19 1 0 0 0 760 3 5 5 8
3 20 1 0 0 0 760 2 15 15 5
3 21 1 0 0 0 760 3 8 8 15
3 22 1 0 0 0 760 3 4 4 8
3 23 1 0 0 0 760 2 10 10 4
3 24 1 0 0 0 760 2 15 15 10
3 25 1 0 0 0 760 3 4 4 15
