1 1 1 0 0 0 760 1 3 3 0
1 2 1 0 0 0 760 1 14 14 3
1 3 1 1 0 0 487 1 3 3 14
1 4 1 0 0 0 760 2 12 12 3
1 5 1 1 0 0 762 1 3 3 12
1 6 1 0 0 0 760 3 6 6 3
1 7 1 0 0 0 760 3 6 6 6
1 8 1 1 0 0 637 1 6 6 6
1 9 1 0 0 0 760 3 2 2 6
1 10 1 0 0 0 760 2 5 5 2
1 11 1 0 0 0 760 3 14 14 5
1 12 1 1 0 0 709 1 5 5 14
1 13 1 0 0 0 760 3 15 15 5
1 14 1 0 0 0 760 3 10 10 15
1 15 1 0 0 0 760 3 1 1 10
1 16 1 0 0 0 760 3 1 1 1
1 17 1 0 0 0 760 2 12 12 1
1 18 1 0 0 0 760 3 12 12 12
1 19 1 0 0 0 760 2 4 4 12
1 20 1 1 0 0 741 1 12 12 4
1 21 0 0 0 1 730 3 9 9 12
1 22 0 0 1 0 760 1 12 12 9
1 23 0 0 1 0 760 1 9 9 12
1 24 1 1 0 0 612 1 12 12 9
1 25 0 0 1 0 760 1 9 9 12
2 1 1 0 0 0 760 3 1 1 9
2 2 1 0 0 0 760 1 3 3 1
2 3 1 1 0 0 505 1 1 1 3
2 4 0 0 1 0 760 1 3 3 1
2 5 0 0 0 1 585 2 6 6 3
2 6 0 0 1 0 760 1 3 3 6
2 7 1 0 0 0 760 3 7 7 3
2 8 0 0 1 0 760 1 3 3 7
2 9 1 0 0 0 760 3 13 13 3
2 10 0 0 1 0 760 1 3 3 13
2 11 0 0 1 0 760 1 13 13 3
2 12 1 0 0 0 760 3 4 4 13
2 13 1 0 0 0 760 2 10 10 4
2 14 0 0 0 1 644 2 10 10 10
2 15 0 0 1 0 760 1 10 10 10
2 16 1 1 0 0 751 1 10 10 10
2 17 0 0 1 0 760 1 10 10 10
2 18 1 1 0 0 658 1 10 10 10
2 19 1 0 0 0 760 2 6 6 10
2 20 1 0 0 0 760 2 12 12 6
2 21 1 0 0 0 760 3 11 11 12
2 22 1 0 0 0 760 3 4 4 11
2 23 1 0 0 0 760 3 5 5 4
2 24 1 0 0 0 760 2 8 8 5
2 25 1 0 0 0 760 3 14 14 8
3 1 1 0 0 0 760 2 12 12 14
3 2 1 0 0 0 760 3 4 4 12
3 3 1 0 0 0 760 2 8 8 4
3 4 1 0 0 0 760 3 5 5 8
3 5 1 0 0 0 760 3 9 9 5
3 6 1 0 0 0 760 2 8 8 9
3 7 1 0 0 0 760 3 7 7 8
3 8 0 0 1 0 760 1 8 8 7
3 9 1 0 0 0 760 3 4 4 8
3 10 0 0 1 0 760 1 8 8 4
3 11 0 0 1 0 760 1 4 4 8
3 12 1 0 0 0 760 3 12 12 4
3 13 0 0 1 0 760 1 4 4 12
3 14 1 0 0 0 760 2 7 7 4
3 15 1 1 0 0 597 1 4 4 7
3 16 1 0 0 0 760 2 3 3 4
3 17 0 0 1 0 760 1 4 4 3
3 18 1 0 0 0 760 2 5 5 4
3 19 1 0 0 0 760 2 1 1 5
3 20 0 0 1 0 760 1 5 5 1
3 21 1 0 0 0 760 2 11 11 5
3 22 1 0 0 0 760 3 15 15 11
3 23 0 0 1 0 760 1 11 11 15
3 24 1 0 0 0 760 2 2 2 11
3 25 1 0 0 0 760 3 10 10 2
