1 1 1 0 0 0 760 3 9 9 0
1 2 1 0 0 0 760 1 2 2 9
1 3 1 0 0 0 760 2 14 14 2
1 4 1 0 0 0 760 3 1 1 14
1 5 1 0 0 0 760 3 11 11 1
1 6 0 0 1 0 760 1 1 1 11
1 7 1 0 0 0 760 3 10 10 1
1 8 0 0 1 0 760 1 1 1 10
1 9 1 0 0 0 760 3 11 11 1
1 10 1 0 0 0 760 2 5 5 11
1 11 1 0 0 0 760 3 4 4 5
1 12 1 1 0 0 641 1 5 5 4
1 13 1 0 0 0 760 2 6 6 5
1 14 0 0 1 0 760 1 5 5 6
1 15 1 0 0 0 760 2 10 10 5
1 16 1 1 0 0 705 1 5 5 10
1 17 1 1 0 0 672 1 10 10 5
1 18 1 1 0 0 593 1 5 5 10
1 19 0 0 0 1 569 3 12 12 5
1 20 1 0 0 0 760 3 2 2 12
1 21 0 0 1 0 760 1 12 12 2
1 22 1 1 0 0 678 1 2 2 12
1 23 1 0 0 0 760 2 1 1 2
1 24 0 0 0 1 685 2 12 12 1
1 25 1 1 0 0 677 1 1 1 12
2 1 1 0 0 0 760 3 14 14 1
2 2 1 0 0 0 760 2 9 9 14
2 3 0 0 1 0 760 1 14 14 9
2 4 1 0 0 0 760 3 2 2 14
2 5 1 0 0 0 760 2 8 8 2
2 6 1 0 0 0 760 2 13 13 8
2 7 1 0 0 0 760 2 1 1 13
2 8 1 1 0 0 525 1 13 13 1
2 9 1 0 0 0 760 2 11 11 13
2 10 0 0 1 0 760 1 13 13 11
2 11 1 0 0 0 760 2 14 14 13
2 12 1 0 0 0 760 3 7 7 14
2 13 1 0 0 0 760 3 9 9 7
2 14 1 1 0 0 541 1 7 7 9
2 15 0 0 1 0 760 1 9 9 7
2 16 1 0 0 0 760 3 6 6 9
2 17 1 0 0 0 760 2 15 15 6
2 18 0 0 1 0 760 1 6 6 15
2 19 0 0 1 0 760 1 15 15 6
2 20 0 0 1 0 760 1 6 6 15
2 21 1 0 0 0 760 2 4 4 6
2 22 0 0 1 0 760 1 6 6 4
2 23 1 0 0 0 760 3 8 8 6
2 24 1 1 0 0 447 1 6 6 8
2 25 0 0 1 0 760 1 8 8 6
3 1 1 0 0 0 760 1 4 4 8
3 2 1 0 0 0 760 3 9 9 4
3 3 0 0 1 0 760 1 4 4 9
3 4 1 1 0 0 440 1 9 9 4
3 5 1 0 0 0 760 2 15 15 9
3 6 1 0 0 0 760 3 6 6 15
3 7 1 0 0 0 760 2 5 5 6
3 8 1 0 0 0 760 3 8 8 5
3 9 1 0 0 0 760 3 2 2 8
3 10 1 0 0 0 760 3 7 7 2
3 11 1 0 0 0 760 2 10 10 7
3 12 0 0 0 1 595 3 10 10 10
3 13 0 0 1 0 760 1 10 10 10
3 14 1 0 0 0 760 2 14 14 10
3 15 0 0 1 0 760 1 10 10 14
3 16 0 0 1 0 760 1 14 14 10
3 17 1 0 0 0 760 2 11 11 14
3 18 1 1 0 0 544 1 14 14 11
3 19 1 0 0 0 760 2 9 9 14
3 20 1 1 0 0 458 1 14 14 9
3 21 1 0 0 0 760 2 1 1 14
3 22 1 0 0 0 760 2 7 7 1
3 23 1 0 0 0 760 2 6 6 7
3 24 1 0 0 0 760 2 5 5 6
3 25 1 0 0 0 760 3 11 11 5
