1 1 1 0 0 0 760 3 4 4 0
1 2 1 0 0 0 760 1 1 1 4
1 3 1 0 0 0 760 3 8 8 1
1 4 0 0 1 0 760 1 1 1 8
1 5 1 0 0 0 760 3 15 15 1
1 6 0 0 0 1 754 3 5 5 15
1 7 1 0 0 0 663 2 3 3 5
1 8 1 1 0 0 742 1 5 5 3
1 9 1 1 0 0 734 1 3 3 5
1 10 1 0 0 0 760 3 3 3 3
1 11 1 0 0 0 760 2 14 14 3
1 12 1 0 0 0 760 2 4 4 14
1 13 1 0 0 0 760 3 12 12 4
1 14 1 0 0 0 760 3 14 14 12
1 15 1 0 0 0 760 2 7 7 14
1 16 1 0 0 0 760 2 1 1 7
1 17 1 0 0 0 760 2 14 14 1
1 18 1 0 0 0 760 2 11 11 14
1 19 1 0 0 0 760 2 13 13 11
1 20 1 0 0 0 760 3 3 3 13
1 21 1 0 0 0 760 3 8 8 3
1 22 1 1 0 0 745 1 3 3 8
1 23 1 0 0 0 760 2 12 12 3
1 24 0 0 1 0 760 1 3 3 12
1 25 0 0 1 0 760 1 12 12 3
2 1 1 0 0 0 760 3 14 14 12
2 2 1 0 0 0 760 1 11 11 14
2 3 0 0 1 0 760 1 14 14 11
2 4 0 0 1 0 760 1 11 11 14
2 5 1 1 0 0 632 1 14 14 11
2 6 1 0 0 0 760 3 15 15 14
2 7 1 0 0 0 760 2 2 2 15
2 8 0 0 1 0 760 1 15 15 2
2 9 0 0 1 0 760 1 2 2 15
2 10 1 1 0 0 539 1 15 15 2
2 11 1 0 0 0 760 2 1 1 15
2 12 1 0 0 0 760 3 5 5 1
2 13 1 0 0 0 760 2 8 8 5
2 14 1 0 0 0 760 3 9 9 8
2 15 1 0 0 0 760 3 11 11 9
2 16 1 1 0 0 588 1 9 9 11
2 17 1 0 0 0 760 3 6 6 9
2 18 1 0 0 0 760 2 8 8 6
2 19 0 0 1 0 760 1 6 6 8
2 20 0 0 1 0 760 1 8 8 6
2 21 1 0 0 0 760 3 12 12 8
2 22 0 0 1 0 760 1 8 8 12
2 23 0 0 1 0 760 1 12 12 8
2 24 1 0 0 0 760 2 9 9 12
2 25 0 0 1 0 760 1 12 12 9
3 1 1 0 0 0 760 2 1 1 12
3 2 1 0 0 0 760 2 4 4 1
3 3 1 1 0 0 471 1 1 1 4
3 4 1 0 0 0 760 2 5 5 1
3 5 0 0 0 1 686 3 5 5 5
3 6 1 1 0 0 647 1 5 5 5
3 7 1 0 0 0 760 2 4 4 5
3 8 1 0 0 0 760 3 2 2 4
3 9 1 1 0 0 459 1 4 4 2
3 10 1 0 0 0 760 2 4 4 4
3 11 1 0 0 0 760 3 11 11 4
3 12 0 0 1 0 760 1 4 4 11
3 13 0 0 0 1 685 2 4 4 4
3 14 0 0 1 0 760 1 4 4 4
3 15 1 0 0 0 760 2 8 8 4
3 16 1 0 0 0 760 2 9 9 8
3 17 0 0 1 0 760 1 8 8 9
3 18 0 0 1 0 760 1 9 9 8
3 19 0 0 0 1 709 3 9 9 9
3 20 1 0 0 0 760 3 15 15 9
3 21 1 0 0 0 760 2 15 15 15
3 22 1 0 0 0 760 2 7 7 15
3 23 1 0 0 0 760 3 12 12 7
3 24 1 0 0 0 760 3 9 9 12
3 25 1 0 0 0 760 2 1 1 9
