1 1 1 0 0 0 760 3 8 8 0
1 2 1 0 0 0 760 2 6 6 8
1 3 1 0 0 0 760 3 6 6 6
1 4 1 0 0 0 760 3 2 2 6
1 5 1 0 0 0 760 2 7 7 2
1 6 0 0 1 0 760 1 2 2 7
1 7 1 0 0 0 760 3 8 8 2
1 8 1 0 0 0 760 2 14 14 8
1 9 1 1 0 0 713 1 8 8 14
1 10 1 0 0 0 760 3 7 7 8
1 11 1 0 0 0 760 3 3 3 7
1 12 1 1 0 0 496 1 7 7 3
1 13 1 0 0 0 760 3 15 15 7
1 14 1 0 0 0 760 3 14 14 15
1 15 1 0 0 0 760 3 7 7 14
1 16 1 0 0 0 760 2 2 2 7
1 17 1 1 0 0 485 1 7 7 2
1 18 1 0 0 0 760 3 3 3 7
1 19 0 0 1 0 760 1 7 7 3
1 20 1 0 0 0 760 3 7 7 7
1 21 1 0 0 0 760 2 11 11 7
1 22 1 1 0 0 524 1 7 7 11
1 23 1 0 0 0 760 2 3 3 7
1 24 1 0 0 0 760 3 9 9 3
1 25 1 0 0 0 760 2 13 13 9
2 1 1 0 0 0 760 1 15 15 13
2 2 1 0 0 0 760 3 8 8 15
2 3 1 0 0 0 760 3 2 2 8
2 4 1 1 0 0 609 1 8 8 2
2 5 1 0 0 0 760 3 6 6 8
2 6 1 0 0 0 760 3 1 1 6
2 7 1 0 0 0 760 3 4 4 1
2 8 1 0 0 0 760 3 14 14 4
2 9 1 0 0 0 760 3 5 5 14
2 10 1 0 0 0 760 2 8 8 5
2 11 1 0 0 0 760 2 11 11 8
2 12 0 0 1 0 760 1 8 8 11
2 13 1 0 0 0 760 3 13 13 8
2 14 1 0 0 0 760 2 2 2 13
2 15 1 1 0 0 517 1 13 13 2
2 16 1 0 0 0 760 3 3 3 13
2 17 1 1 0 0 696 1 13 13 3
2 18 0 0 1 0 760 1 3 3 13
2 19 1 1 0 0 591 1 13 13 3
2 20 1 0 0 0 760 3 9 9 13
2 21 1 0 0 0 760 3 2 2 9
2 22 0 0 1 0 760 1 9 9 2
2 23 1 0 0 0 760 2 4 4 9
2 24 1 0 0 0 760 3 15 15 4
2 25 1 0 0 0 760 2 11 11 15
3 1 1 0 0 0 760 3 11 11 11
3 2 1 0 0 0 760 3 10 10 11
3 3 1 1 0 0 565 1 11 11 10
3 4 1 0 0 0 760 3 4 4 11
3 5 1 0 0 0 760 3 1 1 4
3 6 1 0 0 0 760 3 8 8 1
3 7 1 0 0 0 760 2 15 15 8
3 8 1 1 0 0 747 1 8 8 15
3 9 1 0 0 0 760 3 11 11 8
3 10 1 0 0 0 760 2 9 9 11
3 11 1 0 0 0 760 3 9 9 9
3 12 1 0 0 0 760 3 10 10 9
3 13 1 0 0 0 760 3 13 13 10
3 14 1 0 0 0 760 2 3 3 13
3 15 0 0 1 0 760 1 13 13 3
3 16 1 1 0 0 494 1 3 3 13
3 17 1 0 0 0 760 3 4 4 3
3 18 1 1 0 0 512 1 3 3 4
3 19 1 0 0 0 760 2 15 15 3
3 20 1 0 0 0 760 3 12 12 15
3 21 1 0 0 0 760 2 6 6 12
3 22 1 1 0 0 725 1 12 12 6
3 23 1 1 0 0 583 1 6 6 12
3 24 1 0 0 0 760 3 5 5 6
3 25 1 0 0 0 760 3 12 12 5
