1 1 1 0 0 0 760 1 6 6 0
1 2 1 0 0 0 760 2 5 5 6
1 3 1 1 0 0 657 1 6 6 5
1 4 1 0 0 0 760 2 10 10 6
1 5 1 0 0 0 760 2 9 9 10
1 6 1 0 0 0 760 2 6 6 9
1 7 1 0 0 0 760 2 7 7 6
1 8 1 0 0 0 760 3 1 1 7
1 9 1 0 0 0 760 2 6 6 1
1 10 1 0 0 0 760 3 3 3 6
1 11 1 0 0 0 760 3 9 9 3
1 12 1 0 0 0 760 3 9 9 9
1 13 1 0 0 0 760 3 10 10 9
1 14 1 0 0 0 760 2 8 8 10
1 15 1 0 0 0 760 3 15 15 8
1 16 1 0 0 0 760 3 4 4 15
1 17 1 0 0 0 760 3 4 4 4
1 18 1 0 0 0 760 2 10 10 4
1 19 1 0 0 0 760 2 6 6 10
1 20 1 0 0 0 760 3 8 8 6
1 21 1 0 0 0 760 3 11 11 8
1 22 1 0 0 0 760 2 10 10 11
1 23 1 0 0 0 760 2 10 10 10
1 24 1 0 0 0 760 2 11 11 10
1 25 1 0 0 0 760 3 7 7 11
2 1 1 0 0 0 760 3 14 14 7
2 2 1 0 0 0 760 1 14 14 14
2 3 1 0 0 0 760 2 1 1 14
2 4 1 0 0 0 760 3 4 4 1
2 5 1 0 0 0 760 2 3 3 4
2 6 0 0 1 0 760 1 4 4 3
2 7 1 0 0 0 760 3 1 1 4
2 8 1 0 0 0 760 3 15 15 1
2 9 1 0 0 0 760 3 7 7 15
2 10 1 0 0 0 760 2 1 1 7
2 11 1 0 0 0 760 2 2 2 1
2 12 1 1 0 0 623 1 1 1 2
2 13 0 0 0 1 601 3 1 1 1
2 14 0 0 1 0 760 1 1 1 1
2 15 1 0 0 0 760 2 11 11 1
2 16 1 0 0 0 760 3 9 9 11
2 17 1 0 0 0 760 2 5 5 9
2 18 1 0 0 0 760 2 5 5 5
2 19 1 1 0 0 590 1 5 5 5
2 20 1 0 0 0 760 3 3 3 5
2 21 0 0 1 0 760 1 5 5 3
2 22 1 0 0 0 760 2 12 12 5
2 23 0 0 1 0 760 1 5 5 12
2 24 1 0 0 0 760 3 9 9 5
2 25 1 0 0 0 760 2 15 15 9
3 1 1 0 0 0 760 2 3 3 15
3 2 1 0 0 0 760 2 12 12 3
3 3 1 0 0 0 760 3 12 12 12
3 4 1 0 0 0 760 3 8 8 12
3 5 0 0 1 0 760 1 12 12 8
3 6 1 0 0 0 760 3 7 7 12
3 7 1 1 0 0 564 1 12 12 7
3 8 1 0 0 0 760 2 14 14 12
3 9 1 1 0 0 706 1 12 12 14
3 10 1 1 0 0 550 1 14 14 12
3 11 1 0 0 0 760 2 13 13 14
3 12 1 0 0 0 760 3 6 6 13
3 13 1 0 0 0 760 3 6 6 6
3 14 0 0 1 0 760 1 6 6 6
3 15 1 0 0 0 760 2 8 8 6
3 16 1 1 0 0 589 1 6 6 8
3 17 0 0 1 0 760 1 8 8 6
3 18 0 0 1 0 760 1 6 6 8
3 19 1 0 0 0 760 3 13 13 6
3 20 1 0 0 0 760 3 10 10 13
3 21 0 0 1 0 760 1 13 13 10
3 22 1 0 0 0 760 3 7 7 13
3 23 0 0 1 0 760 1 13 13 7
3 24 1 0 0 0 760 3 14 14 13
3 25 0 0 0 1 594 3 1 1 14
