1 1 1 0 0 0 760 1 2 2 0
1 2 1 0 0 0 760 2 13 13 2
1 3 1 0 0 0 760 2 13 13 13
1 4 1 0 0 0 760 2 5 5 13
1 5 1 0 0 0 760 2 2 2 5
1 6 1 1 0 0 493 1 5 5 2
1 7 1 1 0 0 442 1 2 2 5
1 8 0 0 0 1 477 3 14 14 2
1 9 1 0 0 0 760 3 4 4 14
1 10 1 0 0 0 760 2 6 6 4
1 11 1 0 0 0 760 3 11 11 6
1 12 0 0 0 1 639 2 11 11 11
1 13 1 0 0 0 760 3 15 15 11
1 14 1 0 0 0 760 2 6 6 15
1 15 1 0 0 0 760 2 14 14 6
1 16 1 0 0 0 760 3 2 2 14
1 17 1 1 0 0 515 1 14 14 2
1 18 1 0 0 0 760 3 4 4 14
1 19 1 0 0 0 760 2 10 10 4
1 20 0 0 1 0 760 1 4 4 10
1 21 1 0 0 0 760 2 3 3 4
1 22 1 0 0 0 760 2 9 9 3
1 23 1 0 0 0 760 3 4 4 9
1 24 1 0 0 0 760 2 13 13 4
1 25 1 1 0 0 701 1 4 4 13
2 1 1 0 0 0 760 1 6 6 4
2 2 1 0 0 0 760 2 13 13 6
2 3 1 0 0 0 760 3 11 11 13
2 4 1 1 0 0 692 1 13 13 11
2 5 1 0 0 0 760 3 10 10 13
2 6 1 1 0 0 516 1 13 13 10
2 7 1 0 0 0 760 3 3 3 13
2 8 1 1 0 0 601 1 13 13 3
2 9 1 0 0 0 760 3 2 2 13
2 10 1 1 0 0 549 1 13 13 2
2 11 0 0 1 0 760 1 2 2 13
2 12 1 1 0 0 648 1 13 13 2
2 13 0 0 1 0 760 1 2 2 13
2 14 1 1 0 0 606 1 13 13 2
2 15 0 0 1 0 760 1 2 2 13
2 16 1 0 0 0 760 3 14 14 2
2 17 1 0 0 0 760 3 9 9 14
2 18 1 0 0 0 760 3 15 15 9
2 19 1 1 0 0 446 1 9 9 15
2 20 0 0 1 0 760 1 15 15 9
2 21 1 0 0 0 760 2 4 4 15
2 22 0 0 0 1 637 2 4 4 4
2 23 1 1 0 0 539 1 4 4 4
2 24 1 0 0 0 760 3 2 2 4
2 25 1 0 0 0 760 2 9 9 2
3 1 1 0 0 0 760 1 14 14 9
3 2 1 0 0 0 760 3 15 15 14
3 3 1 0 0 0 760 3 10 10 15
3 4 1 0 0 0 760 2 5 5 10
3 5 1 0 0 0 760 2 4 4 5
3 6 1 0 0 0 760 2 15 15 4
3 7 1 1 0 0 598 1 4 4 15
3 8 1 0 0 0 760 3 5 5 4
3 9 1 1 0 0 480 1 4 4 5
3 10 1 0 0 0 760 3 11 11 4
3 11 1 0 0 0 760 3 8 8 11
3 12 1 1 0 0 568 1 11 11 8
3 13 1 0 0 0 760 3 1 1 11
3 14 1 0 0 0 760 3 12 12 1
3 15 1 0 0 0 760 2 12 12 12
3 16 0 0 1 0 760 1 12 12 12
3 17 1 0 0 0 760 3 13 13 12
3 18 1 1 0 0 585 1 12 12 13
3 19 0 0 1 0 760 1 13 13 12
3 20 1 0 0 0 760 3 7 7 13
3 21 0 0 1 0 760 1 13 13 7
3 22 1 0 0 0 760 2 14 14 13
3 23 1 0 0 0 760 3 10 10 14
3 24 1 0 0 0 760 3 7 7 10
3 25 1 0 0 0 760 2 14 14 7
