1 1 1 0 0 0 760 1 5 5 0
1 2 1 0 0 0 760 2 1 1 5
1 3 1 0 0 0 760 3 3 3 1
1 4 1 0 0 0 760 2 5 5 3
1 5 1 0 0 0 760 2 9 9 5
1 6 1 0 0 0 760 3 12 12 9
1 7 1 0 0 0 760 2 15 15 12
1 8 1 0 0 0 760 3 9 9 15
1 9 0 0 1 0 760 1 15 15 9
1 10 1 0 0 0 760 3 1 1 15
1 11 1 0 0 0 760 2 13 13 1
1 12 1 1 0 0 643 1 1 1 13
1 13 1 1 0 0 758 1 13 13 1
1 14 1 0 0 0 760 3 2 2 13
1 15 1 0 0 0 760 2 15 15 2
1 16 1 1 0 0 656 1 2 2 15
1 17 1 0 0 0 760 2 2 2 2
1 18 1 0 0 0 760 3 4 4 2
1 19 1 0 0 0 760 2 4 4 4
1 20 1 1 0 0 638 1 4 4 4
1 21 1 0 0 0 760 2 12 12 4
1 22 1 0 0 0 760 3 6 6 12
1 23 1 0 0 0 760 3 7 7 6
1 24 1 0 0 0 760 3 14 14 7
1 25 1 1 0 0 762 1 7 7 14
2 1 1 0 0 0 760 2 12 12 7
2 2 1 0 0 0 760 2 10 10 12
2 3 1 0 0 0 760 2 3 3 10
2 4 0 0 1 0 760 1 10 10 3
2 5 1 0 0 0 760 2 11 11 10
2 6 1 0 0 0 760 2 12 12 11
2 7 1 0 0 0 760 2 14 14 12
2 8 1 0 0 0 760 3 2 2 14
2 9 1 0 0 0 760 3 2 2 2
2 10 1 0 0 0 760 3 15 15 2
2 11 0 0 1 0 760 1 2 2 15
2 12 1 0 0 0 760 2 14 14 2
2 13 1 0 0 0 760 2 9 9 14
2 14 0 0 1 0 760 1 14 14 9
2 15 1 0 0 0 760 2 3 3 14
2 16 1 0 0 0 760 2 8 8 3
2 17 1 1 0 0 514 1 3 3 8
2 18 1 0 0 0 760 2 10 10 3
2 19 1 0 0 0 760 2 14 14 10
2 20 1 0 0 0 760 2 9 9 14
2 21 0 0 1 0 760 1 14 14 9
2 22 1 0 0 0 760 3 7 7 14
2 23 0 0 1 0 760 1 14 14 7
2 24 0 0 1 0 760 1 7 7 14
2 25 1 0 0 0 760 2 6 6 7
3 1 1 0 0 0 760 3 14 14 6
3 2 1 0 0 0 760 2 7 7 14
3 3 1 0 0 0 760 3 6 6 7
3 4 0 0 1 0 760 1 7 7 6
3 5 1 0 0 0 760 2 12 12 7
3 6 1 1 0 0 529 1 7 7 12
3 7 1 0 0 0 760 2 3 3 7
3 8 1 0 0 0 760 3 4 4 3
3 9 0 0 1 0 760 1 3 3 4
3 10 1 0 0 0 760 2 9 9 3
3 11 1 0 0 0 760 3 11 11 9
3 12 1 0 0 0 760 3 7 7 11
3 13 0 0 1 0 760 1 11 11 7
3 14 0 0 1 0 760 1 7 7 11
3 15 1 0 0 0 760 3 10 10 7
3 16 1 0 0 0 760 3 10 10 10
3 17 1 0 0 0 760 3 6 6 10
3 18 1 0 0 0 760 2 7 7 6
3 19 1 0 0 0 760 3 8 8 7
3 20 1 0 0 0 760 2 12 12 8
3 21 1 0 0 0 760 2 14 14 12
3 22 0 0 1 0 760 1 12 12 14
3 23 1 0 0 0 760 2 15 15 12
3 24 1 0 0 0 760 2 13 13 15
3 25 1 0 0 0 760 2 2 2 13
