1 1 1 0 0 0 760 3 12 12 0
1 2 1 0 0 0 760 1 9 9 12
1 3 1 1 0 0 574 1 12 12 9
1 4 1 0 0 0 760 2 6 6 12
1 5 1 0 0 0 760 3 3 3 6
1 6 1 0 0 0 760 2 1 1 3
1 7 1 0 0 0 760 3 8 8 1
1 8 1 0 0 0 760 2 7 7 8
1 9 1 0 0 0 760 2 11 11 7
1 10 1 0 0 0 760 2 6 6 11
1 11 1 0 0 0 760 2 10 10 6
1 12 0 0 1 0 760 1 6 6 10
1 13 1 0 0 0 760 2 3 3 6
1 14 1 1 0 0 667 1 6 6 3
1 15 1 0 0 0 760 3 9 9 6
1 16 1 0 0 0 760 2 7 7 9
1 17 1 0 0 0 760 2 5 5 7
1 18 1 0 0 0 760 2 4 4 5
1 19 1 1 0 0 622 1 5 5 4
1 20 1 0 0 0 760 2 2 2 5
1 21 0 0 1 0 760 1 5 5 2
1 22 1 0 0 0 760 3 1 1 5
1 23 1 0 0 0 760 2 9 9 1
1 24 1 0 0 0 760 3 6 6 9
1 25 1 0 0 0 760 3 5 5 6
2 1 1 0 0 0 760 3 7 7 5
2 2 1 0 0 0 760 1 7 7 7
2 3 1 0 0 0 760 3 14 14 7
2 4 0 0 1 0 760 1 7 7 14
2 5 1 0 0 0 760 3 4 4 7
2 6 1 1 0 0 606 1 7 7 4
2 7 1 1 0 0 507 1 4 4 7
2 8 1 0 0 0 760 3 6 6 4
2 9 1 0 0 0 760 3 15 15 6
2 10 1 0 0 0 760 2 2 2 15
2 11 1 1 0 0 580 1 15 15 2
2 12 1 0 0 0 760 2 11 11 15
2 13 1 0 0 0 760 2 5 5 11
2 14 1 0 0 0 760 2 4 4 5
2 15 1 0 0 0 760 2 15 15 4
2 16 1 1 0 0 503 1 4 4 15
2 17 0 0 1 0 760 1 15 15 4
2 18 1 0 0 0 760 3 13 13 15
2 19 1 0 0 0 760 2 4 4 13
2 20 1 0 0 0 760 3 8 8 4
2 21 1 0 0 0 760 3 15 15 8
2 22 1 0 0 0 760 3 2 2 15
2 23 1 0 0 0 760 2 14 14 2
2 24 1 0 0 0 760 3 11 11 14
2 25 1 0 0 0 760 2 12 12 11
3 1 1 0 0 0 760 1 7 7 12
3 2 1 0 0 0 760 3 5 5 7
3 3 1 0 0 0 760 2 6 6 5
3 4 0 0 1 0 760 1 5 5 6
3 5 1 0 0 0 760 2 14 14 5
3 6 1 0 0 0 760 3 3 3 14
3 7 0 0 1 0 760 1 14 14 3
3 8 1 0 0 0 760 3 12 12 14
3 9 1 0 0 0 760 3 4 4 12
3 10 0 0 1 0 760 1 12 12 4
3 11 1 0 0 0 760 3 5 5 12
3 12 0 0 1 0 760 1 12 12 5
3 13 1 0 0 0 760 3 2 2 12
3 14 0 0 1 0 760 1 12 12 2
3 15 1 0 0 0 760 3 4 4 12
3 16 1 0 0 0 760 2 10 10 4
3 17 1 0 0 0 760 2 12 12 10
3 18 1 0 0 0 760 2 7 7 12
3 19 1 1 0 0 533 1 12 12 7
3 20 0 0 1 0 760 1 7 7 12
3 21 0 0 1 0 760 1 12 12 7
3 22 0 0 1 0 760 1 7 7 12
3 23 1 1 0 0 574 1 12 12 7
3 24 1 0 0 0 760 3 8 8 12
3 25 1 1 0 0 490 1 12 12 8
