1 1 1 0 0 0 760 2 8 8 0
1 2 1 0 0 0 760 2 13 13 8
1 3 1 0 0 0 760 3 9 9 13
1 4 1 0 0 0 760 2 6 6 9
1 5 0 0 1 0 760 1 9 9 6
1 6 1 0 0 0 760 2 3 3 9
1 7 1 0 0 0 760 3 14 14 3
1 8 1 1 0 0 661 1 3 3 14
1 9 1 0 0 0 760 3 9 9 3
1 10 1 0 0 0 760 2 11 11 9
1 11 0 0 0 1 568 3 11 11 11
1 12 1 0 0 0 760 3 1 1 11
1 13 1 1 0 0 714 1 11 11 1
1 14 0 0 1 0 760 1 1 1 11
1 15 1 1 0 0 749 1 11 11 1
1 16 0 0 1 0 760 1 1 1 11
1 17 1 0 0 0 760 2 12 12 1
1 18 1 1 0 0 649 1 1 1 12
1 19 1 0 0 0 760 2 8 8 1
1 20 1 0 0 0 760 3 14 14 8
1 21 1 0 0 0 760 3 14 14 14
1 22 1 0 0 0 760 2 13 13 14
1 23 1 0 0 0 760 2 3 3 13
1 24 0 0 1 0 760 1 13 13 3
1 25 1 0 0 0 760 2 13 13 13
2 1 1 0 0 0 760 3 6 6 13
2 2 1 0 0 0 760 3 7 7 6
2 3 1 0 0 0 760 3 10 10 7
2 4 1 1 0 0 524 1 7 7 10
2 5 1 0 0 0 760 2 14 14 7
2 6 0 0 1 0 760 1 7 7 14
2 7 1 0 0 0 760 2 1 1 7
2 8 0 0 0 1 523 2 14 14 1
2 9 1 0 0 0 760 3 13 13 14
2 10 1 1 0 0 730 1 14 14 13
2 11 1 0 0 0 760 3 11 11 14
2 12 0 0 1 0 760 1 14 14 11
2 13 0 0 1 0 760 1 11 11 14
2 14 1 1 0 0 637 1 14 14 11
2 15 1 1 0 0 563 1 11 11 14
2 16 1 1 0 0 595 1 14 14 11
2 17 1 0 0 0 760 3 5 5 14
2 18 0 0 1 0 760 1 14 14 5
2 19 1 0 0 0 760 2 8 8 14
2 20 1 0 0 0 760 3 12 12 8
2 21 1 0 0 0 760 2 9 9 12
2 22 1 0 0 0 760 3 3 3 9
2 23 1 1 0 0 509 1 9 9 3
2 24 1 0 0 0 760 2 9 9 9
2 25 1 0 0 0 760 3 11 11 9
3 1 1 0 0 0 760 3 13 13 11
3 2 1 0 0 0 760 1 3 3 13
3 3 1 1 0 0 536 1 13 13 3
3 4 1 0 0 0 760 3 13 13 13
3 5 1 1 0 0 745 1 13 13 13
3 6 0 0 1 0 760 1 13 13 13
3 7 1 1 0 0 743 1 13 13 13
3 8 1 0 0 0 760 2 5 5 13
3 9 1 0 0 0 760 3 7 7 5
3 10 1 0 0 0 760 2 13 13 7
3 11 1 0 0 0 760 3 1 1 13
3 12 1 0 0 0 760 2 12 12 1
3 13 1 0 0 0 760 2 14 14 12
3 14 1 1 0 0 574 1 12 12 14
3 15 1 1 0 0 549 1 14 14 12
3 16 1 0 0 0 760 3 6 6 14
3 17 1 0 0 0 760 3 11 11 6
3 18 0 0 1 0 760 1 6 6 11
3 19 1 0 0 0 760 3 6 6 6
3 20 1 1 0 0 590 1 6 6 6
3 21 1 0 0 0 760 2 12 12 6
3 22 1 0 0 0 760 3 2 2 12
3 23 1 0 0 0 760 3 4 4 2
3 24 0 0 1 0 760 1 2 2 4
3 25 0 0 1 0 760 1 4 4 2
