1 1 1 0 0 0 760 2 8 8 0
1 2 1 0 0 0 760 3 11 11 8
1 3 0 0 1 0 562 1 8 8 11
1 4 0 0 1 0 760 1 11 11 8
1 5 1 0 0 0 760 3 6 6 11
1 6 1 0 0 0 760 3 14 14 6
1 7 0 0 1 0 693 1 6 6 14
1 8 1 0 0 0 760 3 4 4 6
1 9 1 0 0 0 760 3 10 10 4
1 10 0 0 1 0 760 1 4 4 10
1 11 0 0 1 0 760 1 10 10 4
1 12 0 0 1 0 610 1 4 4 10
1 13 1 0 0 0 760 3 3 3 4
1 14 1 0 0 0 760 2 2 2 3
1 15 1 0 0 0 760 3 15 15 2
1 16 0 0 1 0 760 1 2 2 15
1 17 1 0 0 0 477 2 11 11 2
1 18 1 0 0 0 760 3 9 9 11
1 19 1 0 0 0 760 2 6 6 9
1 20 1 0 0 0 760 2 6 6 6
1 21 0 0 1 0 628 1 6 6 6
1 22 1 0 0 0 760 3 10 10 6
1 23 1 0 0 0 760 3 4 4 10
1 24 1 0 0 0 760 2 7 7 4
1 25 0 0 1 0 760 1 4 4 7
2 1 1 0 0 0 760 3 10 10 4
2 2 1 0 0 0 760 2 1 1 10
2 3 1 0 0 0 760 3 3 3 1
2 4 1 0 0 0 760 3 5 5 3
2 5 0 0 1 0 760 1 3 3 5
2 6 0 0 1 0 760 1 5 5 3
2 7 0 0 1 0 760 1 3 3 5
2 8 1 0 0 0 760 2 13 13 3
2 9 1 0 0 0 760 3 13 13 13
2 10 1 0 0 0 760 3 11 11 13
2 11 1 0 0 0 760 3 4 4 11
2 12 1 0 0 0 760 2 8 8 4
2 13 0 0 1 0 760 1 4 4 8
2 14 1 1 0 0 599 1 8 8 4
2 15 1 0 0 0 760 3 9 9 8
2 16 1 0 0 0 760 2 7 7 9
2 17 1 0 0 0 760 3 6 6 7
2 18 1 0 0 0 760 3 9 9 6
2 19 1 0 0 0 760 2 12 12 9
2 20 0 0 1 0 760 1 9 9 12
2 21 0 0 1 0 760 1 12 12 9
2 22 1 0 0 0 760 3 4 4 12
2 23 1 0 0 0 760 3 13 13 4
2 24 1 0 0 0 760 2 7 7 13
2 25 1 0 0 0 760 2 8 8 7
3 1 1 0 0 0 760 2 3 3 8
3 2 1 0 0 0 760 3 14 14 3
3 3 1 0 0 0 760 2 10 10 14
3 4 0 0 1 0 760 1 14 14 10
3 5 1 0 0 0 760 2 7 7 14
3 6 1 0 0 0 760 2 10 10 7
3 7 1 0 0 0 760 3 3 3 10
3 8 1 0 0 0 760 3 8 8 3
3 9 1 0 0 0 760 2 1 1 8
3 10 1 0 0 0 760 2 2 2 1
3 11 1 0 0 0 760 2 2 2 2
3 12 1 1 0 0 620 1 2 2 2
3 13 1 0 0 0 760 2 3 3 2
3 14 1 0 0 0 760 2 8 8 3
3 15 1 0 0 0 760 3 13 13 8
3 16 1 0 0 0 760 3 3 3 13
3 17 1 0 0 0 760 3 4 4 3
3 18 1 0 0 0 760 2 8 8 4
3 19 1 0 0 0 760 3 6 6 8
3 20 1 0 0 0 760 2 12 12 6
3 21 1 0 0 0 760 3 2 2 12
3 22 1 0 0 0 760 2 4 4 2
3 23 1 0 0 0 760 3 4 4 4
3 24 1 0 0 0 760 2 9 9 4
3 25 1 0 0 0 760 2 1 1 9
