1 1 1 0 0 0 760 3 3 3 0
1 2 1 0 0 0 760 2 11 11 3
1 3 1 0 0 0 760 2 10 10 11
1 4 1 0 0 0 760 3 5 5 10
1 5 0 0 1 0 735 1 10 10 5
1 6 1 0 0 0 760 2 7 7 10
1 7 0 0 0 1 511 3 9 9 7
1 8 0 0 1 0 760 1 7 7 9
1 9 1 0 0 0 610 2 6 6 7
1 10 1 0 0 0 760 3 14 14 6
1 11 1 0 0 0 760 2 2 2 14
1 12 0 0 0 1 738 3 3 3 2
1 13 0 0 1 0 740 1 2 2 3
1 14 1 0 0 0 760 2 6 6 2
1 15 1 0 0 0 760 3 4 4 6
1 16 1 0 0 0 760 2 2 2 4
1 17 1 0 0 0 760 2 5 5 2
1 18 1 0 0 0 760 2 7 7 5
1 19 1 0 0 0 760 2 9 9 7
1 20 0 0 1 0 760 1 7 7 9
1 21 0 0 1 0 760 1 9 9 7
1 22 1 0 0 0 760 2 4 4 9
1 23 0 0 1 0 760 1 9 9 4
1 24 0 0 1 0 681 1 4 4 9
1 25 0 0 1 0 760 1 9 9 4
2 1 1 0 0 0 760 2 3 3 9
2 2 1 0 0 0 760 2 10 10 3
2 3 1 0 0 0 760 2 7 7 10
2 4 1 0 0 0 760 3 6 6 7
2 5 1 0 0 0 760 3 14 14 6
2 6 0 0 1 0 760 1 6 6 14
2 7 0 0 0 1 605 3 6 6 6
2 8 1 0 0 0 760 2 9 9 6
2 9 1 0 0 0 760 2 8 8 9
2 10 1 0 0 0 760 2 6 6 8
2 11 0 0 1 0 760 1 8 8 6
2 12 1 0 0 0 760 2 9 9 8
2 13 1 0 0 0 760 3 14 14 9
2 14 1 1 0 0 519 1 9 9 14
2 15 1 0 0 0 760 3 6 6 9
2 16 1 0 0 0 760 2 14 14 6
2 17 1 1 0 0 608 1 6 6 14
2 18 1 0 0 0 760 2 3 3 6
2 19 1 0 0 0 760 2 10 10 3
2 20 0 0 1 0 760 1 3 3 10
2 21 0 0 1 0 760 1 10 10 3
2 22 1 0 0 0 760 3 14 14 10
2 23 0 0 1 0 760 1 10 10 14
2 24 1 0 0 0 760 3 8 8 10
2 25 1 0 0 0 760 2 14 14 8
3 1 1 0 0 0 760 1 14 14 14
3 2 1 0 0 0 760 2 12 12 14
3 3 1 0 0 0 760 2 5 5 12
3 4 0 0 1 0 760 1 12 12 5
3 5 1 0 0 0 760 2 3 3 12
3 6 1 0 0 0 760 2 5 5 3
3 7 0 0 1 0 760 1 3 3 5
3 8 1 0 0 0 760 3 10 10 3
3 9 1 0 0 0 760 3 11 11 10
3 10 1 1 0 0 696 1 10 10 11
3 11 1 0 0 0 760 2 15 15 10
3 12 0 0 1 0 760 1 10 10 15
3 13 1 0 0 0 760 2 8 8 10
3 14 0 0 1 0 760 1 10 10 8
3 15 1 0 0 0 760 3 15 15 10
3 16 1 0 0 0 760 3 11 11 15
3 17 1 0 0 0 760 2 4 4 11
3 18 1 0 0 0 760 3 12 12 4
3 19 0 0 1 0 760 1 4 4 12
3 20 1 0 0 0 760 2 6 6 4
3 21 0 0 1 0 760 1 4 4 6
3 22 1 0 0 0 760 3 5 5 4
3 23 1 0 0 0 760 3 8 8 5
3 24 1 0 0 0 760 3 13 13 8
3 25 1 0 0 0 760 3 5 5 13
