1 1 1 0 0 0 760 1 1 1 0
1 2 1 0 0 0 760 3 9 9 1
1 3 0 0 1 0 760 1 1 1 9
1 4 1 0 0 0 760 2 13 13 1
1 5 1 0 0 0 760 3 13 13 13
1 6 1 0 0 0 760 2 3 3 13
1 7 1 0 0 0 760 3 9 9 3
1 8 0 0 1 0 760 1 3 3 9
1 9 1 0 0 0 760 3 4 4 3
1 10 1 0 0 0 760 2 12 12 4
1 11 1 1 0 0 445 1 4 4 12
1 12 1 0 0 0 760 3 2 2 4
1 13 1 0 0 0 760 3 8 8 2
1 14 1 0 0 0 760 3 12 12 8
1 15 1 0 0 0 760 2 5 5 12
1 16 1 0 0 0 760 2 15 15 5
1 17 1 0 0 0 760 2 7 7 15
1 18 1 0 0 0 760 3 6 6 7
1 19 1 1 0 0 684 1 7 7 6
1 20 1 1 0 0 542 1 6 6 7
1 21 1 1 0 0 527 1 7 7 6
1 22 0 0 1 0 760 1 6 6 7
1 23 1 0 0 0 760 3 5 5 6
1 24 1 0 0 0 760 2 14 14 5
1 25 1 0 0 0 760 3 4 4 14
2 1 1 0 0 0 760 1 7 7 4
2 2 1 0 0 0 760 3 3 3 7
2 3 1 1 0 0 514 1 7 7 3
2 4 1 0 0 0 760 3 1 1 7
2 5 1 0 0 0 760 3 1 1 1
2 6 1 0 0 0 760 3 2 2 1
2 7 1 0 0 0 760 3 8 8 2
2 8 1 1 0 0 593 1 2 2 8
2 9 1 0 0 0 760 3 9 9 2
2 10 1 0 0 0 760 3 13 13 9
2 11 1 0 0 0 760 2 15 15 13
2 12 1 0 0 0 760 2 14 14 15
2 13 1 0 0 0 760 2 9 9 14
2 14 1 1 0 0 701 1 14 14 9
2 15 1 0 0 0 760 2 2 2 14
2 16 0 0 1 0 760 1 14 14 2
2 17 1 0 0 0 760 3 15 15 14
2 18 1 0 0 0 760 2 6 6 15
2 19 1 0 0 0 760 2 12 12 6
2 20 1 0 0 0 760 2 3 3 12
2 21 1 0 0 0 760 2 3 3 3
2 22 1 0 0 0 760 3 15 15 3
2 23 1 0 0 0 760 3 7 7 15
2 24 1 0 0 0 760 3 10 10 7
2 25 1 0 0 0 760 2 9 9 10
3 1 1 0 0 0 760 1 11 11 9
3 2 1 0 0 0 760 1 15 15 11
3 3 1 1 0 0 595 1 11 11 15
3 4 1 0 0 0 760 3 1 1 11
3 5 1 0 0 0 760 3 3 3 1
3 6 1 0 0 0 760 3 13 13 3
3 7 1 0 0 0 760 3 5 5 13
3 8 1 0 0 0 760 3 7 7 5
3 9 0 0 1 0 760 1 5 5 7
3 10 1 0 0 0 760 3 14 14 5
3 11 0 0 1 0 760 1 5 5 14
3 12 1 0 0 0 760 3 15 15 5
3 13 1 0 0 0 760 2 6 6 15
3 14 1 0 0 0 760 3 6 6 6
3 15 1 0 0 0 760 3 7 7 6
3 16 1 0 0 0 760 2 3 3 7
3 17 1 0 0 0 760 2 3 3 3
3 18 1 0 0 0 760 2 6 6 3
3 19 1 0 0 0 760 3 8 8 6
3 20 1 0 0 0 760 2 7 7 8
3 21 1 0 0 0 760 2 7 7 7
3 22 1 0 0 0 760 3 13 13 7
3 23 1 0 0 0 760 3 2 2 13
3 24 0 0 1 0 760 1 13 13 2
3 25 0 0 1 0 760 1 2 2 13
