1 1 1 0 0 0 760 2 6 6 0
1 2 1 0 0 0 760 2 8 8 6
1 3 1 0 0 0 760 3 15 15 8
1 4 1 0 0 0 760 3 7 7 15
1 5 1 0 0 0 760 2 5 5 7
1 6 1 0 0 0 760 2 10 10 5
1 7 0 0 1 0 760 1 5 5 10
1 8 1 1 0 0 696 1 10 10 5
1 9 1 0 0 0 760 2 9 9 10
1 10 1 0 0 0 760 3 14 14 9
1 11 1 0 0 0 760 2 7 7 14
1 12 0 0 1 0 760 1 14 14 7
1 13 1 0 0 0 760 2 11 11 14
1 14 1 0 0 0 760 2 10 10 11
1 15 1 0 0 0 760 3 4 4 10
1 16 1 0 0 0 760 3 7 7 4
1 17 1 1 0 0 703 1 4 4 7
1 18 1 0 0 0 760 3 15 15 4
1 19 1 1 0 0 676 1 4 4 15
1 20 1 0 0 0 760 2 4 4 4
1 21 1 0 0 0 760 2 7 7 4
1 22 1 0 0 0 760 2 12 12 7
1 23 1 0 0 0 760 2 14 14 12
1 24 0 0 1 0 760 1 12 12 14
1 25 1 0 0 0 760 3 7 7 12
2 1 1 0 0 0 760 1 13 13 7
2 2 1 0 0 0 760 3 11 11 13
2 3 1 1 0 0 539 1 13 13 11
2 4 1 1 0 0 548 1 11 11 13
2 5 1 1 0 0 581 1 13 13 11
2 6 1 0 0 0 760 2 3 3 13
2 7 1 0 0 0 760 3 10 10 3
2 8 1 0 0 0 760 2 7 7 10
2 9 0 0 1 0 760 1 10 10 7
2 10 0 0 1 0 760 1 7 7 10
2 11 1 0 0 0 760 3 4 4 7
2 12 1 0 0 0 760 3 5 5 4
2 13 1 0 0 0 760 3 1 1 5
2 14 1 0 0 0 760 2 13 13 1
2 15 1 0 0 0 760 3 10 10 13
2 16 1 0 0 0 760 3 2 2 10
2 17 1 0 0 0 760 3 5 5 2
2 18 1 0 0 0 760 3 4 4 5
2 19 1 1 0 0 517 1 5 5 4
2 20 0 0 1 0 760 1 4 4 5
2 21 1 1 0 0 742 1 5 5 4
2 22 0 0 1 0 760 1 4 4 5
2 23 1 0 0 0 760 2 11 11 4
2 24 1 1 0 0 540 1 4 4 11
2 25 0 0 1 0 760 1 11 11 4
3 1 1 0 0 0 760 3 15 15 11
3 2 1 0 0 0 760 1 13 13 15
3 3 1 1 0 0 501 1 15 15 13
3 4 1 1 0 0 552 1 13 13 15
3 5 0 0 1 0 760 1 15 15 13
3 6 0 0 1 0 760 1 13 13 15
3 7 0 0 1 0 760 1 15 15 13
3 8 1 0 0 0 760 2 3 3 15
3 9 1 0 0 0 760 2 13 13 3
3 10 1 0 0 0 760 2 1 1 13
3 11 1 1 0 0 725 1 13 13 1
3 12 1 0 0 0 760 2 12 12 13
3 13 1 0 0 0 760 3 3 3 12
3 14 0 0 1 0 760 1 12 12 3
3 15 1 0 0 0 760 2 11 11 12
3 16 1 1 0 0 455 1 12 12 11
3 17 1 1 0 0 503 1 11 11 12
3 18 1 1 0 0 555 1 12 12 11
3 19 1 0 0 0 760 2 4 4 12
3 20 1 0 0 0 760 3 7 7 4
3 21 1 0 0 0 760 3 8 8 7
3 22 1 0 0 0 760 2 4 4 8
3 23 1 0 0 0 760 3 7 7 4
3 24 0 0 0 1 654 3 7 7 7
3 25 0 0 1 0 760 1 7 7 7
