1 1 1 0 0 0 760 1 15 15 0
1 2 1 0 0 0 760 2 11 11 15
1 3 1 0 0 0 760 3 4 4 11
1 4 0 0 1 0 760 1 11 11 4
1 5 1 0 0 0 760 2 9 9 11
1 6 1 0 0 0 760 3 4 4 9
1 7 1 1 0 0 584 1 9 9 4
1 8 1 0 0 0 760 2 10 10 9
1 9 1 1 0 0 641 1 9 9 10
1 10 1 0 0 0 760 2 1 1 9
1 11 1 0 0 0 760 3 5 5 1
1 12 1 0 0 0 760 3 3 3 5
1 13 1 0 0 0 760 2 9 9 3
1 14 1 0 0 0 760 2 2 2 9
1 15 1 0 0 0 760 3 8 8 2
1 16 1 0 0 0 760 3 15 15 8
1 17 1 0 0 0 760 3 7 7 15
1 18 1 0 0 0 760 3 7 7 7
1 19 1 0 0 0 760 3 3 3 7
1 20 1 0 0 0 760 2 10 10 3
1 21 1 0 0 0 760 3 8 8 10
1 22 1 0 0 0 760 3 15 15 8
1 23 1 0 0 0 760 3 6 6 15
1 24 1 1 0 0 596 1 15 15 6
1 25 1 1 0 0 670 1 6 6 15
2 1 1 0 0 0 760 1 1 1 6
2 2 1 0 0 0 760 2 3 3 1
2 3 0 0 1 0 760 1 1 1 3
2 4 1 0 0 0 760 3 5 5 1
2 5 1 0 0 0 760 2 6 6 5
2 6 1 0 0 0 760 2 15 15 6
2 7 0 0 1 0 760 1 6 6 15
2 8 1 0 0 0 760 3 4 4 6
2 9 1 0 0 0 760 2 3 3 4
2 10 0 0 1 0 760 1 4 4 3
2 11 1 0 0 0 760 2 13 13 4
2 12 1 1 0 0 512 1 4 4 13
2 13 1 0 0 0 760 3 7 7 4
2 14 1 0 0 0 760 3 8 8 7
2 15 1 0 0 0 760 2 9 9 8
2 16 1 0 0 0 760 3 12 12 9
2 17 1 1 0 0 694 1 9 9 12
2 18 1 1 0 0 537 1 12 12 9
2 19 1 1 0 0 719 1 9 9 12
2 20 1 1 0 0 711 1 12 12 9
2 21 1 1 0 0 668 1 9 9 12
2 22 1 1 0 0 533 1 12 12 9
2 23 1 0 0 0 760 3 15 15 12
2 24 1 1 0 0 655 1 12 12 15
2 25 1 0 0 0 760 3 5 5 12
3 1 1 0 0 0 760 1 3 3 5
3 2 1 0 0 0 760 3 3 3 3
3 3 1 0 0 0 760 2 11 11 3
3 4 1 0 0 0 760 3 13 13 11
3 5 1 0 0 0 760 3 10 10 13
3 6 1 0 0 0 760 3 4 4 10
3 7 1 0 0 0 760 2 9 9 4
3 8 1 0 0 0 760 2 14 14 9
3 9 1 1 0 0 518 1 9 9 14
3 10 1 0 0 0 760 2 10 10 9
3 11 1 0 0 0 760 2 15 15 10
3 12 1 0 0 0 760 3 3 3 15
3 13 1 0 0 0 760 3 3 3 3
3 14 1 0 0 0 760 3 10 10 3
3 15 1 0 0 0 760 3 4 4 10
3 16 1 1 0 0 532 1 10 10 4
3 17 0 0 1 0 760 1 4 4 10
3 18 1 0 0 0 760 3 8 8 4
3 19 1 0 0 0 760 3 13 13 8
3 20 0 0 1 0 760 1 8 8 13
3 21 1 0 0 0 760 3 12 12 8
3 22 1 0 0 0 760 2 5 5 12
3 23 1 0 0 0 760 2 2 2 5
3 24 1 1 0 0 572 1 5 5 2
3 25 1 0 0 0 760 3 10 10 5
