1 1 1 0 0 0 760 3 13 13 0
1 2 1 0 0 0 760 2 7 7 13
1 3 1 1 0 0 579 1 13 13 7
1 4 1 1 0 0 739 1 7 7 13
1 5 1 0 0 0 760 3 11 11 7
1 6 1 0 0 0 760 2 2 2 11
1 7 1 1 0 0 536 1 11 11 2
1 8 1 0 0 0 760 2 15 15 11
1 9 1 0 0 0 760 2 4 4 15
1 10 1 0 0 0 760 2 8 8 4
1 11 1 0 0 0 760 2 10 10 8
1 12 1 0 0 0 760 3 1 1 10
1 13 0 0 1 0 760 1 10 10 1
1 14 0 0 0 1 701 2 6 6 10
1 15 1 1 0 0 716 1 10 10 6
1 16 1 1 0 0 734 1 6 6 10
1 17 1 0 0 0 760 3 2 2 6
1 18 1 0 0 0 760 3 13 13 2
1 19 0 0 0 1 513 2 4 4 13
1 20 1 0 0 0 760 2 15 15 4
1 21 1 0 0 0 760 2 13 13 15
1 22 1 0 0 0 760 2 1 1 13
1 23 0 0 1 0 760 1 13 13 1
1 24 1 0 0 0 760 3 9 9 13
1 25 1 0 0 0 760 3 1 1 9
2 1 1 0 0 0 760 3 15 15 1
2 2 1 0 0 0 760 3 5 5 15
2 3 1 0 0 0 760 2 2 2 5
2 4 1 0 0 0 760 2 12 12 2
2 5 1 0 0 0 760 2 5 5 12
2 6 1 0 0 0 760 2 1 1 5
2 7 1 0 0 0 760 3 10 10 1
2 8 1 0 0 0 760 3 11 11 10
2 9 1 0 0 0 760 3 8 8 11
2 10 1 0 0 0 760 3 1 1 8
2 11 1 0 0 0 760 3 2 2 1
2 12 1 1 0 0 476 1 1 1 2
2 13 1 0 0 0 760 2 12 12 1
2 14 0 0 1 0 760 1 1 1 12
2 15 0 0 1 0 760 1 12 12 1
2 16 1 1 0 0 594 1 1 1 12
2 17 1 0 0 0 760 3 11 11 1
2 18 0 0 1 0 760 1 1 1 11
2 19 1 0 0 0 760 3 8 8 1
2 20 1 0 0 0 760 3 7 7 8
2 21 1 0 0 0 760 2 4 4 7
2 22 1 0 0 0 760 3 4 4 4
2 23 0 0 1 0 760 1 4 4 4
2 24 1 0 0 0 760 3 9 9 4
2 25 1 0 0 0 760 3 12 12 9
3 1 1 0 0 0 760 3 10 10 12
3 2 1 0 0 0 760 1 4 4 10
3 3 1 0 0 0 760 2 6 6 4
3 4 1 0 0 0 760 2 2 2 6
3 5 1 0 0 0 760 3 13 13 2
3 6 1 0 0 0 760 3 9 9 13
3 7 1 0 0 0 760 2 8 8 9
3 8 1 0 0 0 760 3 14 14 8
3 9 0 0 1 0 760 1 8 8 14
3 10 1 1 0 0 757 1 14 14 8
3 11 1 0 0 0 760 3 15 15 14
3 12 1 0 0 0 760 2 5 5 15
3 13 1 0 0 0 760 2 10 10 5
3 14 1 0 0 0 760 2 14 14 10
3 15 0 0 1 0 760 1 10 10 14
3 16 0 0 0 1 646 3 10 10 10
3 17 1 0 0 0 760 2 12 12 10
3 18 1 1 0 0 455 1 10 10 12
3 19 1 0 0 0 760 3 5 5 10
3 20 1 0 0 0 760 3 2 2 5
3 21 1 0 0 0 760 3 2 2 2
3 22 0 0 1 0 760 1 2 2 2
3 23 0 0 0 1 613 2 8 8 2
3 24 1 0 0 0 760 3 11 11 8
3 25 1 0 0 0 760 3 2 2 11
