1 1 1 0 0 0 760 3 5 5 0
1 2 1 0 0 0 760 2 2 2 5
1 3 1 0 0 0 760 3 3 3 2
1 4 0 0 1 0 760 1 2 2 3
1 5 0 0 1 0 760 1 3 3 2
1 6 1 0 0 0 760 3 6 6 3
1 7 1 0 0 0 760 2 13 13 6
1 8 0 0 1 0 760 1 6 6 13
1 9 1 1 0 0 757 1 13 13 6
1 10 0 0 1 0 760 1 6 6 13
1 11 1 0 0 0 760 3 4 4 6
1 12 1 0 0 0 760 3 1 1 4
1 13 0 0 1 0 760 1 4 4 1
1 14 1 1 0 0 732 1 1 1 4
1 15 1 0 0 0 760 3 15 15 1
1 16 1 0 0 0 760 2 10 10 15
1 17 1 0 0 0 760 2 7 7 10
1 18 1 0 0 0 760 2 12 12 7
1 19 0 0 1 0 760 1 7 7 12
1 20 1 0 0 0 760 2 7 7 7
1 21 1 0 0 0 760 2 11 11 7
1 22 1 1 0 0 653 1 7 7 11
1 23 1 0 0 0 760 3 1 1 7
1 24 1 0 0 0 760 3 1 1 1
1 25 1 0 0 0 760 2 4 4 1
2 1 1 0 0 0 760 3 13 13 4
2 2 1 0 0 0 760 1 12 12 13
2 3 1 0 0 0 760 3 1 1 12
2 4 0 0 1 0 760 1 12 12 1
2 5 0 0 1 0 760 1 1 1 12
2 6 1 0 0 0 760 2 15 15 1
2 7 0 0 1 0 760 1 1 1 15
2 8 1 0 0 0 760 2 3 3 1
2 9 1 0 0 0 760 3 10 10 3
2 10 1 0 0 0 760 2 9 9 10
2 11 1 0 0 0 760 3 14 14 9
2 12 0 0 1 0 760 1 9 9 14
2 13 1 0 0 0 760 2 4 4 9
2 14 1 0 0 0 760 3 2 2 4
2 15 1 0 0 0 760 3 2 2 2
2 16 1 1 0 0 593 1 2 2 2
2 17 0 0 1 0 760 1 2 2 2
2 18 1 0 0 0 760 2 11 11 2
2 19 0 0 0 1 631 2 3 3 11
2 20 0 0 1 0 760 1 11 11 3
2 21 1 0 0 0 760 3 13 13 11
2 22 0 0 1 0 760 1 11 11 13
2 23 1 0 0 0 760 2 10 10 11
2 24 1 0 0 0 760 2 12 12 10
2 25 1 0 0 0 760 3 13 13 12
3 1 1 0 0 0 760 3 7 7 13
3 2 1 0 0 0 760 2 12 12 7
3 3 1 0 0 0 760 3 2 2 12
3 4 1 0 0 0 760 2 1 1 2
3 5 1 0 0 0 760 2 3 3 1
3 6 1 0 0 0 760 2 15 15 3
3 7 1 0 0 0 760 2 7 7 15
3 8 1 0 0 0 760 2 4 4 7
3 9 1 0 0 0 760 2 12 12 4
3 10 1 0 0 0 760 2 5 5 12
3 11 0 0 1 0 760 1 12 12 5
3 12 1 0 0 0 760 3 10 10 12
3 13 1 1 0 0 504 1 12 12 10
3 14 0 0 1 0 760 1 10 10 12
3 15 1 0 0 0 760 3 15 15 10
3 16 1 0 0 0 760 2 8 8 15
3 17 0 0 1 0 760 1 15 15 8
3 18 1 0 0 0 760 2 11 11 15
3 19 1 0 0 0 760 2 12 12 11
3 20 0 0 1 0 760 1 11 11 12
3 21 0 0 1 0 760 1 12 12 11
3 22 1 0 0 0 760 2 1 1 12
3 23 0 0 1 0 760 1 12 12 1
3 24 0 0 1 0 760 1 1 1 12
3 25 1 1 0 0 651 1 12 12 1
