1 1 1 0 0 0 760 1 12 12 0
1 2 1 0 0 0 760 2 5 5 12
1 3 1 0 0 0 760 3 8 8 5
1 4 1 0 0 0 760 3 12 12 8
1 5 1 0 0 0 760 3 3 3 12
1 6 1 0 0 0 760 3 10 10 3
1 7 1 0 0 0 760 3 11 11 10
1 8 1 0 0 0 760 3 14 14 11
1 9 1 0 0 0 760 2 5 5 14
1 10 1 0 0 0 760 3 2 2 5
1 11 0 0 1 0 760 1 5 5 2
1 12 1 0 0 0 760 3 13 13 5
1 13 1 0 0 0 760 2 13 13 13
1 14 1 0 0 0 760 2 14 14 13
1 15 1 0 0 0 760 2 15 15 14
1 16 1 1 0 0 662 1 14 14 15
1 17 1 0 0 0 760 2 12 12 14
1 18 0 0 1 0 760 1 14 14 12
1 19 0 0 1 0 760 1 12 12 14
1 20 1 1 0 0 604 1 14 14 12
1 21 1 1 0 0 678 1 12 12 14
1 22 1 0 0 0 760 3 2 2 12
1 23 1 1 0 0 653 1 12 12 2
1 24 1 1 0 0 734 1 2 2 12
1 25 1 1 0 0 667 1 12 12 2
2 1 1 0 0 0 760 3 4 4 12
2 2 1 0 0 0 760 3 5 5 4
2 3 1 0 0 0 760 2 5 5 5
2 4 1 0 0 0 760 3 14 14 5
2 5 1 0 0 0 760 2 14 14 14
2 6 0 0 1 0 760 1 14 14 14
2 7 1 1 0 0 549 1 14 14 14
2 8 1 1 0 0 564 1 14 14 14
2 9 1 0 0 0 760 3 9 9 14
2 10 1 0 0 0 760 3 3 3 9
2 11 0 0 1 0 760 1 9 9 3
2 12 0 0 1 0 760 1 3 3 9
2 13 1 1 0 0 496 1 9 9 3
2 14 0 0 1 0 760 1 3 3 9
2 15 1 1 0 0 703 1 9 9 3
2 16 0 0 1 0 760 1 3 3 9
2 17 1 0 0 0 760 2 14 14 3
2 18 1 0 0 0 760 3 14 14 14
2 19 1 0 0 0 760 3 3 3 14
2 20 1 0 0 0 760 3 2 2 3
2 21 1 0 0 0 760 2 15 15 2
2 22 1 0 0 0 760 3 5 5 15
2 23 1 0 0 0 760 3 11 11 5
2 24 1 0 0 0 760 3 7 7 11
2 25 1 0 0 0 760 2 1 1 7
3 1 1 0 0 0 760 3 11 11 1
3 2 1 0 0 0 760 2 8 8 11
3 3 1 0 0 0 760 3 12 12 8
3 4 1 1 0 0 560 1 8 8 12
3 5 1 0 0 0 760 2 13 13 8
3 6 1 0 0 0 760 2 6 6 13
3 7 1 0 0 0 760 3 15 15 6
3 8 1 0 0 0 760 2 5 5 15
3 9 1 0 0 0 760 3 10 10 5
3 10 1 1 0 0 559 1 5 5 10
3 11 1 0 0 0 760 3 7 7 5
3 12 0 0 1 0 760 1 5 5 7
3 13 1 0 0 0 760 2 11 11 5
3 14 1 0 0 0 760 2 13 13 11
3 15 1 1 0 0 538 1 11 11 13
3 16 1 0 0 0 760 3 6 6 11
3 17 0 0 0 1 612 2 7 7 6
3 18 0 0 1 0 760 1 6 6 7
3 19 1 0 0 0 760 3 8 8 6
3 20 1 1 0 0 462 1 6 6 8
3 21 1 0 0 0 760 2 7 7 6
3 22 1 0 0 0 760 3 11 11 7
3 23 0 0 1 0 760 1 7 7 11
3 24 1 0 0 0 760 2 3 3 7
3 25 1 0 0 0 760 2 11 11 3
