1 1 1 0 0 0 760 2 12 12 0
1 2 1 0 0 0 760 3 1 1 12
1 3 1 0 0 0 760 3 13 13 1
1 4 0 0 1 0 760 1 1 1 13
1 5 1 1 0 0 537 1 13 13 1
1 6 1 0 0 0 760 2 15 15 13
1 7 0 0 1 0 760 1 13 13 15
1 8 1 0 0 0 760 3 8 8 13
1 9 1 0 0 0 760 2 1 1 8
1 10 1 0 0 0 760 3 6 6 1
1 11 0 0 1 0 760 1 1 1 6
1 12 1 0 0 0 760 3 12 12 1
1 13 1 1 0 0 576 1 1 1 12
1 14 1 0 0 0 760 3 6 6 1
1 15 1 0 0 0 760 3 13 13 6
1 16 1 0 0 0 760 3 15 15 13
1 17 1 0 0 0 760 3 9 9 15
1 18 1 1 0 0 747 1 15 15 9
1 19 0 0 1 0 760 1 9 9 15
1 20 1 0 0 0 760 3 10 10 9
1 21 0 0 0 1 688 3 11 11 10
1 22 1 0 0 0 760 2 9 9 11
1 23 1 0 0 0 760 2 13 13 9
1 24 1 0 0 0 760 3 3 3 13
1 25 0 0 0 1 602 3 3 3 3
2 1 1 0 0 0 760 3 1 1 3
2 2 1 0 0 0 760 1 5 5 1
2 3 1 0 0 0 760 2 6 6 5
2 4 0 0 1 0 760 1 5 5 6
2 5 1 0 0 0 760 2 15 15 5
2 6 1 0 0 0 760 3 11 11 15
2 7 1 0 0 0 760 2 2 2 11
2 8 1 0 0 0 760 2 6 6 2
2 9 1 0 0 0 760 2 9 9 6
2 10 0 0 1 0 760 1 6 6 9
2 11 1 0 0 0 760 2 4 4 6
2 12 1 0 0 0 760 3 9 9 4
2 13 1 0 0 0 760 2 15 15 9
2 14 1 1 0 0 506 1 9 9 15
2 15 1 0 0 0 760 3 9 9 9
2 16 1 0 0 0 760 3 11 11 9
2 17 1 0 0 0 760 2 12 12 11
2 18 1 0 0 0 760 2 4 4 12
2 19 1 1 0 0 710 1 12 12 4
2 20 0 0 1 0 760 1 4 4 12
2 21 1 0 0 0 760 3 1 1 4
2 22 1 0 0 0 760 3 3 3 1
2 23 1 0 0 0 760 2 6 6 3
2 24 1 0 0 0 760 2 1 1 6
2 25 1 1 0 0 625 1 6 6 1
3 1 1 0 0 0 760 2 10 10 6
3 2 1 0 0 0 760 2 10 10 10
3 3 0 0 1 0 760 1 10 10 10
3 4 0 0 1 0 760 1 10 10 10
3 5 1 0 0 0 760 2 7 7 10
3 6 1 0 0 0 760 2 5 5 7
3 7 1 0 0 0 760 3 12 12 5
3 8 1 0 0 0 760 3 11 11 12
3 9 1 0 0 0 760 2 14 14 11
3 10 1 0 0 0 760 3 9 9 14
3 11 1 0 0 0 760 3 5 5 9
3 12 1 0 0 0 760 3 1 1 5
3 13 0 0 0 1 103 2 10 10 1
3 14 0 0 1 0 760 1 1 1 10
3 15 1 0 0 0 760 3 14 14 1
3 16 1 1 0 0 462 1 1 1 14
3 17 1 0 0 0 760 3 13 13 1
3 18 1 1 0 0 733 1 1 1 13
3 19 1 1 0 0 470 1 13 13 1
3 20 1 0 0 0 760 2 2 2 13
3 21 0 0 1 0 760 1 13 13 2
3 22 1 1 0 0 659 1 2 2 13
3 23 0 0 1 0 760 1 13 13 2
3 24 1 0 0 0 760 2 6 6 13
3 25 1 0 0 0 760 3 9 9 6
