1 1 1 0 0 0 523 2 1 1 0
1 2 1 0 0 0 760 1 12 12 1
1 3 1 1 0 0 489 1 1 1 12
1 4 1 1 0 0 718 1 12 12 1
1 5 1 1 0 0 581 1 1 1 12
1 6 1 0 0 0 760 3 6 6 1
1 7 0 0 1 0 760 1 1 1 6
1 8 1 0 0 0 760 2 12 12 1
1 9 1 0 0 0 760 3 9 9 12
1 10 0 0 0 1 657 2 9 9 9
1 11 1 1 0 0 583 1 9 9 9
1 12 1 0 0 0 760 3 10 10 9
1 13 1 0 0 0 760 2 1 1 10
1 14 1 0 0 0 760 2 7 7 1
1 15 1 0 0 0 760 3 4 4 7
1 16 1 0 0 0 760 2 10 10 4
1 17 1 0 0 0 760 3 11 11 10
1 18 1 0 0 0 760 3 12 12 11
1 19 1 0 0 0 760 3 6 6 12
1 20 1 0 0 0 760 2 9 9 6
1 21 1 0 0 0 760 3 4 4 9
1 22 1 0 0 0 760 2 12 12 4
1 23 1 0 0 0 760 2 15 15 12
1 24 1 0 0 0 760 2 10 10 15
1 25 1 0 0 0 760 3 2 2 10
2 1 1 0 0 0 760 1 14 14 2
2 2 1 0 0 0 760 3 9 9 14
2 3 1 0 0 0 760 3 12 12 9
2 4 1 1 0 0 471 1 9 9 12
2 5 1 0 0 0 760 2 7 7 9
2 6 1 1 0 0 480 1 9 9 7
2 7 1 0 0 0 760 2 10 10 9
2 8 1 1 0 0 510 1 9 9 10
2 9 1 1 0 0 577 1 10 10 9
2 10 1 0 0 0 760 3 2 2 10
2 11 0 0 1 0 760 1 10 10 2
2 12 1 1 0 0 651 1 2 2 10
2 13 1 0 0 0 760 2 1 1 2
2 14 1 0 0 0 760 3 14 14 1
2 15 1 0 0 0 760 3 13 13 14
2 16 1 1 0 0 573 1 14 14 13
2 17 1 0 0 0 760 2 8 8 14
2 18 1 0 0 0 760 2 7 7 8
2 19 1 1 0 0 530 1 8 8 7
2 20 1 0 0 0 760 3 4 4 8
2 21 0 0 1 0 760 1 8 8 4
2 22 1 0 0 0 760 2 2 2 8
2 23 1 0 0 0 760 2 6 6 2
2 24 1 0 0 0 760 2 8 8 6
2 25 0 0 1 0 760 1 6 6 8
3 1 1 0 0 0 760 1 14 14 6
3 2 1 0 0 0 760 3 5 5 14
3 3 1 1 0 0 468 1 14 14 5
3 4 1 0 0 0 760 2 4 4 14
3 5 1 0 0 0 760 2 1 1 4
3 6 1 1 0 0 681 1 4 4 1
3 7 1 0 0 0 760 3 8 8 4
3 8 1 0 0 0 760 2 3 3 8
3 9 1 0 0 0 760 3 11 11 3
3 10 0 0 1 0 760 1 3 3 11
3 11 1 0 0 0 760 3 10 10 3
3 12 1 1 0 0 467 1 3 3 10
3 13 1 0 0 0 760 2 8 8 3
3 14 0 0 1 0 760 1 3 3 8
3 15 1 0 0 0 760 3 4 4 3
3 16 1 0 0 0 760 3 14 14 4
3 17 1 1 0 0 703 1 4 4 14
3 18 1 0 0 0 760 3 15 15 4
3 19 1 1 0 0 555 1 4 4 15
3 20 0 0 1 0 760 1 15 15 4
3 21 1 1 0 0 544 1 4 4 15
3 22 1 0 0 0 760 2 11 11 4
3 23 1 0 0 0 760 3 2 2 11
3 24 0 0 1 0 760 1 11 11 2
3 25 1 0 0 0 760 2 4 4 11
