1 1 1 0 0 0 760 1 3 3 0
1 2 1 0 0 0 760 3 8 8 3
1 3 1 0 0 0 760 2 4 4 8
1 4 1 0 0 0 760 2 1 1 4
1 5 1 1 0 0 619 1 4 4 1
1 6 1 0 0 0 760 2 6 6 4
1 7 1 0 0 0 760 2 10 10 6
1 8 1 0 0 0 760 3 14 14 10
1 9 1 0 0 0 760 3 6 6 14
1 10 1 0 0 0 760 2 8 8 6
1 11 0 0 1 0 760 1 6 6 8
1 12 1 0 0 0 760 2 7 7 6
1 13 1 1 0 0 580 1 6 6 7
1 14 1 1 0 0 589 1 7 7 6
1 15 1 0 0 0 760 3 5 5 7
1 16 1 0 0 0 760 2 3 3 5
1 17 1 0 0 0 760 3 14 14 3
1 18 1 0 0 0 760 2 15 15 14
1 19 1 0 0 0 760 2 7 7 15
1 20 1 0 0 0 760 2 3 3 7
1 21 1 0 0 0 760 2 12 12 3
1 22 1 0 0 0 760 2 8 8 12
1 23 0 0 1 0 760 1 12 12 8
1 24 0 0 1 0 760 1 8 8 12
1 25 1 0 0 0 760 2 5 5 8
2 1 1 0 0 0 760 2 1 1 5
2 2 1 0 0 0 760 3 15 15 1
2 3 1 0 0 0 760 3 3 3 15
2 4 0 0 1 0 760 1 15 15 3
2 5 1 0 0 0 760 3 4 4 15
2 6 0 0 0 1 530 2 3 3 4
2 7 1 0 0 0 760 2 7 7 3
2 8 1 1 0 0 517 1 3 3 7
2 9 1 0 0 0 760 3 8 8 3
2 10 1 0 0 0 760 3 6 6 8
2 11 0 0 0 1 718 2 6 6 6
2 12 1 0 0 0 760 3 11 11 6
2 13 1 0 0 0 760 3 9 9 11
2 14 1 1 0 0 517 1 11 11 9
2 15 1 0 0 0 760 3 12 12 11
2 16 1 1 0 0 415 1 11 11 12
2 17 1 1 0 0 514 1 12 12 11
2 18 1 0 0 0 760 2 6 6 12
2 19 1 1 0 0 490 1 12 12 6
2 20 1 1 0 0 555 1 6 6 12
2 21 1 0 0 0 760 2 14 14 6
2 22 1 1 0 0 746 1 6 6 14
2 23 1 1 0 0 687 1 14 14 6
2 24 1 0 0 0 760 2 13 13 14
2 25 1 0 0 0 760 2 11 11 13
3 1 1 0 0 0 760 2 4 4 11
3 2 1 0 0 0 760 2 8 8 4
3 3 1 0 0 0 760 3 12 12 8
3 4 1 1 0 0 547 1 8 8 12
3 5 0 0 1 0 760 1 12 12 8
3 6 1 0 0 0 760 3 7 7 12
3 7 1 0 0 0 760 3 14 14 7
3 8 1 0 0 0 760 3 12 12 14
3 9 0 0 1 0 760 1 14 14 12
3 10 1 0 0 0 760 3 10 10 14
3 11 1 0 0 0 760 2 9 9 10
3 12 1 0 0 0 760 2 6 6 9
3 13 1 1 0 0 580 1 9 9 6
3 14 0 0 1 0 760 1 6 6 9
3 15 1 0 0 0 760 2 1 1 6
3 16 0 0 0 1 618 3 1 1 1
3 17 1 0 0 0 760 3 10 10 1
3 18 1 0 0 0 760 2 14 14 10
3 19 0 0 0 1 492 2 11 11 14
3 20 1 0 0 0 760 3 9 9 11
3 21 1 0 0 0 760 3 4 4 9
3 22 1 0 0 0 760 3 1 1 4
3 23 1 0 0 0 760 2 3 3 1
3 24 1 1 0 0 738 1 1 1 3
3 25 1 0 0 0 760 2 11 11 1
