1 1 1 0 0 0 760 3 1 1 0
1 2 1 0 0 0 760 2 5 5 1
1 3 0 0 1 0 760 1 1 1 5
1 4 1 0 0 0 760 2 12 12 1
1 5 0 0 1 0 760 1 1 1 12
1 6 1 0 0 0 760 3 10 10 1
1 7 1 0 0 0 760 2 4 4 10
1 8 1 0 0 0 760 2 13 13 4
1 9 0 0 1 0 760 1 4 4 13
1 10 0 0 1 0 760 1 13 13 4
1 11 0 0 1 0 760 1 4 4 13
1 12 0 0 1 0 760 1 13 13 4
1 13 1 0 0 0 760 3 7 7 13
1 14 0 0 1 0 760 1 13 13 7
1 15 0 0 1 0 760 1 7 7 13
1 16 0 0 0 1 554 3 4 4 7
1 17 1 0 0 0 760 2 10 10 4
1 18 1 0 0 0 760 3 5 5 10
1 19 0 0 1 0 760 1 10 10 5
1 20 1 0 0 0 760 2 12 12 10
1 21 1 1 0 0 708 1 10 10 12
1 22 1 0 0 0 760 2 6 6 10
1 23 0 0 0 1 543 2 13 13 6
1 24 0 0 1 0 760 1 6 6 13
1 25 0 0 0 1 552 3 4 4 6
2 1 1 0 0 0 760 3 10 10 4
2 2 1 0 0 0 760 2 14 14 10
2 3 0 0 1 0 760 1 10 10 14
2 4 1 0 0 0 760 2 9 9 10
2 5 1 0 0 0 760 3 6 6 9
2 6 1 0 0 0 760 2 13 13 6
2 7 1 0 0 0 760 3 8 8 13
2 8 1 0 0 0 760 2 6 6 8
2 9 1 0 0 0 760 3 12 12 6
2 10 1 1 0 0 588 1 6 6 12
2 11 1 0 0 0 760 3 2 2 6
2 12 1 1 0 0 663 1 6 6 2
2 13 1 0 0 0 760 2 8 8 6
2 14 0 0 1 0 760 1 6 6 8
2 15 1 0 0 0 760 2 9 9 6
2 16 1 1 0 0 619 1 6 6 9
2 17 1 0 0 0 760 3 11 11 6
2 18 1 1 0 0 683 1 6 6 11
2 19 1 1 0 0 702 1 11 11 6
2 20 1 0 0 0 760 2 15 15 11
2 21 1 0 0 0 760 3 6 6 15
2 22 1 1 0 0 758 1 15 15 6
2 23 1 0 0 0 760 3 12 12 15
2 24 1 0 0 0 760 2 11 11 12
2 25 1 1 0 0 647 1 12 12 11
3 1 1 0 0 0 760 1 4 4 12
3 2 1 0 0 0 760 2 6 6 4
3 3 1 0 0 0 760 3 12 12 6
3 4 1 0 0 0 760 3 12 12 12
3 5 0 0 1 0 760 1 12 12 12
3 6 0 0 1 0 760 1 12 12 12
3 7 1 0 0 0 760 3 10 10 12
3 8 1 0 0 0 760 2 9 9 10
3 9 1 0 0 0 760 2 11 11 9
3 10 1 0 0 0 760 2 4 4 11
3 11 1 0 0 0 760 2 4 4 4
3 12 1 0 0 0 760 2 12 12 4
3 13 1 0 0 0 760 3 10 10 12
3 14 1 1 0 0 714 1 12 12 10
3 15 1 0 0 0 760 2 13 13 12
3 16 1 0 0 0 760 3 7 7 13
3 17 0 0 1 0 760 1 13 13 7
3 18 1 0 0 0 760 2 15 15 13
3 19 0 0 1 0 760 1 13 13 15
3 20 1 0 0 0 760 3 1 1 13
3 21 1 0 0 0 760 2 9 9 1
3 22 1 1 0 0 505 1 1 1 9
3 23 0 0 1 0 760 1 9 9 1
3 24 1 0 0 0 760 3 6 6 9
3 25 1 0 0 0 760 3 8 8 6
