1 1 1 0 0 0 760 3 6 6 0
1 2 1 0 0 0 760 1 3 3 6
1 3 1 0 0 0 760 3 5 5 3
1 4 1 1 0 0 760 1 3 3 5
1 5 1 1 0 0 554 1 5 5 3
1 6 1 0 0 0 760 2 12 12 5
1 7 1 1 0 0 517 1 5 5 12
1 8 1 0 0 0 760 2 14 14 5
1 9 1 1 0 0 566 1 5 5 14
1 10 1 1 0 0 741 1 14 14 5
1 11 1 1 0 0 536 1 5 5 14
1 12 1 1 0 0 544 1 14 14 5
1 13 1 1 0 0 517 1 5 5 14
1 14 1 1 0 0 517 1 14 14 5
1 15 1 1 0 0 515 1 5 5 14
1 16 1 1 0 0 521 1 14 14 5
1 17 1 0 0 0 760 2 10 10 14
1 18 1 0 0 0 760 2 7 7 10
1 19 1 0 0 0 760 2 11 11 7
1 20 1 0 0 0 760 3 3 3 11
1 21 1 0 0 0 760 3 10 10 3
1 22 1 0 0 0 760 2 14 14 10
1 23 1 1 0 0 742 1 10 10 14
1 24 1 1 0 0 603 1 14 14 10
1 25 1 1 0 0 559 1 10 10 14
2 1 1 0 0 0 760 1 15 15 10
2 2 1 0 0 0 760 2 15 15 15
2 3 0 0 1 0 760 1 15 15 15
2 4 1 0 0 0 760 3 2 2 15
2 5 1 0 0 0 760 3 9 9 2
2 6 1 1 0 0 488 1 2 2 9
2 7 1 0 0 0 760 3 10 10 2
2 8 1 1 0 0 497 1 2 2 10
2 9 1 1 0 0 463 1 10 10 2
2 10 1 0 0 0 760 3 6 6 10
2 11 1 1 0 0 481 1 10 10 6
2 12 1 0 0 0 760 3 3 3 10
2 13 1 0 0 0 760 3 14 14 3
2 14 1 0 0 0 760 2 4 4 14
2 15 1 0 0 0 760 3 1 1 4
2 16 1 1 0 0 622 1 4 4 1
2 17 1 0 0 0 760 3 14 14 4
2 18 1 1 0 0 595 1 4 4 14
2 19 1 0 0 0 760 2 12 12 4
2 20 0 0 1 0 760 1 4 4 12
2 21 1 0 0 0 760 3 6 6 4
2 22 1 0 0 0 760 2 9 9 6
2 23 1 1 0 0 459 1 6 6 9
2 24 1 0 0 0 760 3 5 5 6
2 25 1 0 0 0 760 3 8 8 5
3 1 1 0 0 0 760 3 11 11 8
3 2 1 0 0 0 760 2 10 10 11
3 3 1 0 0 0 760 2 4 4 10
3 4 1 0 0 0 760 3 8 8 4
3 5 1 0 0 0 760 3 13 13 8
3 6 1 1 0 0 527 1 8 8 13
3 7 1 0 0 0 760 2 1 1 8
3 8 1 0 0 0 760 3 15 15 1
3 9 1 0 0 0 760 2 7 7 15
3 10 1 1 0 0 668 1 15 15 7
3 11 1 0 0 0 760 3 9 9 15
3 12 1 0 0 0 760 3 4 4 9
3 13 1 1 0 0 559 1 9 9 4
3 14 1 0 0 0 760 2 13 13 9
3 15 1 0 0 0 760 3 6 6 13
3 16 1 0 0 0 760 3 5 5 6
3 17 1 1 0 0 490 1 6 6 5
3 18 1 0 0 0 760 3 13 13 6
3 19 1 0 0 0 760 3 10 10 13
3 20 1 0 0 0 760 3 6 6 10
3 21 1 0 0 0 760 3 2 2 6
3 22 1 0 0 0 760 2 14 14 2
3 23 1 0 0 0 760 3 5 5 14
3 24 1 0 0 0 760 2 6 6 5
3 25 1 1 0 0 445 1 5 5 6
