1 1 1 0 0 0 760 2 7 7 0
1 2 1 0 0 0 760 2 15 15 7
1 3 1 1 0 0 651 1 7 7 15
1 4 0 0 1 0 760 1 15 15 7
1 5 1 1 0 0 765 1 7 7 15
1 6 1 0 0 0 760 2 8 8 7
1 7 1 1 0 0 722 1 7 7 8
1 8 1 1 0 0 596 1 8 8 7
1 9 1 0 0 0 760 2 5 5 8
1 10 1 0 0 0 760 3 1 1 5
1 11 1 1 0 0 586 1 5 5 1
1 12 1 0 0 0 760 3 7 7 5
1 13 1 0 0 0 760 2 6 6 7
1 14 1 1 0 0 512 1 7 7 6
1 15 1 0 0 0 760 2 11 11 7
1 16 1 0 0 0 760 3 1 1 11
1 17 1 1 0 0 704 1 11 11 1
1 18 1 0 0 0 760 3 3 3 11
1 19 1 0 0 0 760 2 10 10 3
1 20 1 0 0 0 760 2 14 14 10
1 21 1 1 0 0 708 1 10 10 14
1 22 1 1 0 0 593 1 14 14 10
1 23 1 0 0 0 760 2 6 6 14
1 24 1 0 0 0 760 2 7 7 6
1 25 0 0 1 0 760 1 6 6 7
2 1 1 0 0 0 760 1 1 1 6
2 2 1 0 0 0 760 1 12 12 1
2 3 0 0 1 0 760 1 1 1 12
2 4 1 0 0 0 760 3 2 2 1
2 5 1 0 0 0 760 2 6 6 2
2 6 1 0 0 0 760 3 5 5 6
2 7 1 0 0 0 760 3 8 8 5
2 8 1 0 0 0 760 2 15 15 8
2 9 1 0 0 0 760 2 11 11 15
2 10 1 0 0 0 760 3 2 2 11
2 11 1 1 0 0 572 1 11 11 2
2 12 0 0 1 0 760 1 2 2 11
2 13 1 0 0 0 760 3 3 3 2
2 14 1 0 0 0 760 3 11 11 3
2 15 1 1 0 0 672 1 3 3 11
2 16 1 0 0 0 760 3 14 14 3
2 17 1 1 0 0 680 1 3 3 14
2 18 1 0 0 0 760 2 13 13 3
2 19 1 1 0 0 562 1 3 3 13
2 20 1 0 0 0 760 2 14 14 3
2 21 1 0 0 0 760 2 9 9 14
2 22 0 0 0 1 618 3 9 9 9
2 23 1 1 0 0 560 1 9 9 9
2 24 1 1 0 0 576 1 9 9 9
2 25 1 1 0 0 742 1 9 9 9
3 1 1 0 0 0 760 1 6 6 9
3 2 1 0 0 0 760 1 15 15 6
3 3 0 0 1 0 760 1 6 6 15
3 4 1 0 0 0 760 3 12 12 6
3 5 1 0 0 0 760 3 3 3 12
3 6 1 1 0 0 644 1 12 12 3
3 7 0 0 1 0 760 1 3 3 12
3 8 1 0 0 0 760 2 9 9 3
3 9 0 0 1 0 760 1 3 3 9
3 10 1 0 0 0 760 3 8 8 3
3 11 1 0 0 0 760 2 11 11 8
3 12 1 0 0 0 760 3 1 1 11
3 13 1 0 0 0 760 3 15 15 1
3 14 1 0 0 0 760 3 6 6 15
3 15 1 0 0 0 760 2 14 14 6
3 16 1 0 0 0 760 2 11 11 14
3 17 1 1 0 0 547 1 14 14 11
3 18 1 0 0 0 760 3 3 3 14
3 19 1 0 0 0 760 3 13 13 3
3 20 1 0 0 0 760 3 13 13 13
3 21 1 0 0 0 760 2 9 9 13
3 22 1 1 0 0 662 1 13 13 9
3 23 1 1 0 0 697 1 9 9 13
3 24 1 0 0 0 760 3 12 12 9
3 25 1 1 0 0 528 1 9 9 12
