1 1 1 0 0 0 760 3 11 11 0
1 2 1 0 0 0 760 1 3 3 11
1 3 1 1 0 0 642 1 11 11 3
1 4 1 0 0 0 760 3 14 14 11
1 5 1 0 0 0 760 3 10 10 14
1 6 1 0 0 0 760 2 7 7 10
1 7 1 1 0 0 700 1 10 10 7
1 8 1 0 0 0 760 2 3 3 10
1 9 1 0 0 0 760 2 3 3 3
1 10 1 0 0 0 760 3 12 12 3
1 11 1 0 0 0 760 3 13 13 12
1 12 1 0 0 0 760 3 2 2 13
1 13 1 0 0 0 760 2 9 9 2
1 14 1 1 0 0 581 1 2 2 9
1 15 1 0 0 0 760 3 15 15 2
1 16 1 0 0 0 760 2 12 12 15
1 17 1 0 0 0 760 3 4 4 12
1 18 0 0 1 0 760 1 12 12 4
1 19 1 0 0 0 760 3 5 5 12
1 20 1 1 0 0 653 1 12 12 5
1 21 1 0 0 0 760 2 15 15 12
1 22 1 0 0 0 760 3 11 11 15
1 23 1 0 0 0 760 2 12 12 11
1 24 1 1 0 0 670 1 11 11 12
1 25 1 1 0 0 593 1 12 12 11
2 1 1 0 0 0 760 1 1 1 12
2 2 1 0 0 0 760 1 8 8 1
2 3 1 0 0 0 760 3 4 4 8
2 4 0 0 1 0 760 1 8 8 4
2 5 1 0 0 0 760 3 1 1 8
2 6 1 0 0 0 760 3 5 5 1
2 7 1 0 0 0 760 3 15 15 5
2 8 1 0 0 0 760 2 12 12 15
2 9 1 1 0 0 625 1 15 15 12
2 10 1 0 0 0 760 2 14 14 15
2 11 1 0 0 0 760 3 9 9 14
2 12 1 1 0 0 589 1 14 14 9
2 13 1 0 0 0 760 2 12 12 14
2 14 1 1 0 0 715 1 14 14 12
2 15 1 1 0 0 623 1 12 12 14
2 16 1 0 0 0 760 3 13 13 12
2 17 1 0 0 0 760 3 11 11 13
2 18 1 0 0 0 760 2 2 2 11
2 19 1 0 0 0 760 3 6 6 2
2 20 1 0 0 0 760 3 10 10 6
2 21 1 0 0 0 760 3 5 5 10
2 22 1 0 0 0 760 3 15 15 5
2 23 1 0 0 0 760 3 1 1 15
2 24 0 0 0 1 636 3 1 1 1
2 25 1 0 0 0 760 2 14 14 1
3 1 1 0 0 0 760 2 2 2 14
3 2 1 0 0 0 760 1 2 2 2
3 3 1 0 0 0 760 3 5 5 2
3 4 1 1 0 0 525 1 2 2 5
3 5 1 1 0 0 736 1 5 5 2
3 6 1 1 0 0 583 1 2 2 5
3 7 1 0 0 0 760 3 15 15 2
3 8 1 0 0 0 760 2 3 3 15
3 9 1 1 0 0 548 1 15 15 3
3 10 1 0 0 0 760 2 1 1 15
3 11 1 0 0 0 760 3 9 9 1
3 12 1 0 0 0 760 3 6 6 9
3 13 1 0 0 0 760 2 14 14 6
3 14 1 0 0 0 760 3 3 3 14
3 15 1 0 0 0 760 3 10 10 3
3 16 1 0 0 0 760 3 9 9 10
3 17 1 0 0 0 760 3 11 11 9
3 18 0 0 1 0 760 1 9 9 11
3 19 0 0 1 0 760 1 11 11 9
3 20 1 0 0 0 760 3 8 8 11
3 21 0 0 1 0 760 1 11 11 8
3 22 1 0 0 0 760 3 6 6 11
3 23 1 0 0 0 760 3 3 3 6
3 24 1 0 0 0 760 2 3 3 3
3 25 1 0 0 0 760 3 8 8 3
