1 1 1 0 0 0 760 3 15 15 0
1 2 1 0 0 0 760 2 8 8 15
1 3 1 0 0 0 760 3 7 7 8
1 4 1 0 0 0 760 3 9 9 7
1 5 1 0 0 0 760 3 13 13 9
1 6 1 0 0 0 760 2 2 2 13
1 7 1 1 0 0 614 1 13 13 2
1 8 1 0 0 0 760 2 7 7 13
1 9 1 1 0 0 564 1 13 13 7
1 10 1 0 0 0 760 2 1 1 13
1 11 1 0 0 0 760 2 6 6 1
1 12 1 0 0 0 760 3 13 13 6
1 13 0 0 0 1 606 3 13 13 13
1 14 1 0 0 0 760 2 11 11 13
1 15 0 0 1 0 760 1 13 13 11
1 16 1 0 0 0 760 2 13 13 13
1 17 1 0 0 0 760 3 11 11 13
1 18 1 0 0 0 760 3 12 12 11
1 19 1 0 0 0 760 3 9 9 12
1 20 1 0 0 0 760 3 10 10 9
1 21 1 0 0 0 760 2 5 5 10
1 22 0 0 0 1 594 3 5 5 5
1 23 1 0 0 0 760 3 1 1 5
1 24 0 0 1 0 760 1 5 5 1
1 25 0 0 1 0 760 1 1 1 5
2 1 1 0 0 0 760 2 12 12 1
2 2 1 0 0 0 760 1 5 5 12
2 3 1 0 0 0 760 3 15 15 5
2 4 1 1 0 0 545 1 5 5 15
2 5 1 0 0 0 760 3 4 4 5
2 6 1 0 0 0 760 3 7 7 4
2 7 1 0 0 0 760 2 13 13 7
2 8 0 0 0 1 693 2 4 4 13
2 9 1 1 0 0 520 1 13 13 4
2 10 1 0 0 0 760 3 8 8 13
2 11 1 0 0 0 760 2 1 1 8
2 12 0 0 1 0 760 1 8 8 1
2 13 1 0 0 0 760 2 15 15 8
2 14 1 1 0 0 585 1 8 8 15
2 15 1 0 0 0 760 2 12 12 8
2 16 1 0 0 0 760 2 12 12 12
2 17 1 0 0 0 760 3 1 1 12
2 18 1 0 0 0 760 3 8 8 1
2 19 1 0 0 0 760 2 10 10 8
2 20 1 0 0 0 760 2 11 11 10
2 21 1 0 0 0 760 2 15 15 11
2 22 1 0 0 0 760 2 7 7 15
2 23 1 0 0 0 760 3 13 13 7
2 24 1 0 0 0 760 2 11 11 13
2 25 1 0 0 0 760 3 9 9 11
3 1 1 0 0 0 760 2 3 3 9
3 2 1 0 0 0 760 3 14 14 3
3 3 1 0 0 0 760 2 10 10 14
3 4 1 0 0 0 760 2 1 1 10
3 5 1 0 0 0 760 3 11 11 1
3 6 1 0 0 0 760 3 14 14 11
3 7 1 0 0 0 760 2 4 4 14
3 8 1 1 0 0 676 1 14 14 4
3 9 1 1 0 0 627 1 4 4 14
3 10 1 0 0 0 760 3 11 11 4
3 11 1 0 0 0 760 2 11 11 11
3 12 1 1 0 0 698 1 11 11 11
3 13 1 0 0 0 760 2 8 8 11
3 14 1 0 0 0 760 3 9 9 8
3 15 1 0 0 0 760 2 15 15 9
3 16 1 1 0 0 482 1 9 9 15
3 17 1 0 0 0 760 3 9 9 9
3 18 1 0 0 0 760 3 8 8 9
3 19 1 0 0 0 760 3 13 13 8
3 20 1 0 0 0 760 3 15 15 13
3 21 1 0 0 0 760 2 9 9 15
3 22 1 0 0 0 760 3 11 11 9
3 23 1 0 0 0 760 2 12 12 11
3 24 1 1 0 0 472 1 11 11 12
3 25 1 0 0 0 760 3 9 9 11
