1 1 1 0 0 0 760 2 5 5 0
1 2 1 0 0 0 760 1 12 12 5
1 3 0 0 1 0 760 1 5 5 12
1 4 0 0 1 0 760 1 12 12 5
1 5 0 0 0 1 652 3 4 4 12
1 6 1 0 0 0 760 2 4 4 4
1 7 1 0 0 0 760 3 1 1 4
1 8 1 1 0 0 595 1 4 4 1
1 9 1 0 0 0 760 3 10 10 4
1 10 1 1 0 0 626 1 4 4 10
1 11 1 0 0 0 760 2 8 8 4
1 12 1 0 0 0 760 3 9 9 8
1 13 1 0 0 0 760 3 12 12 9
1 14 1 1 0 0 610 1 9 9 12
1 15 1 0 0 0 760 2 8 8 9
1 16 1 1 0 0 566 1 9 9 8
1 17 1 0 0 0 760 2 10 10 9
1 18 1 1 0 0 600 1 9 9 10
1 19 0 0 1 0 760 1 10 10 9
1 20 1 1 0 0 525 1 9 9 10
1 21 1 0 0 0 760 3 2 2 9
1 22 1 0 0 0 760 3 5 5 2
1 23 0 0 1 0 760 1 2 2 5
1 24 1 0 0 0 760 2 11 11 2
1 25 1 0 0 0 760 3 15 15 11
2 1 1 0 0 0 760 1 14 14 15
2 2 1 0 0 0 760 3 12 12 14
2 3 1 1 0 0 492 1 14 14 12
2 4 1 0 0 0 760 3 1 1 14
2 5 1 0 0 0 760 3 15 15 1
2 6 1 0 0 0 760 3 14 14 15
2 7 0 0 1 0 760 1 15 15 14
2 8 1 0 0 0 760 2 5 5 15
2 9 1 0 0 0 760 3 3 3 5
2 10 1 1 0 0 485 1 5 5 3
2 11 1 0 0 0 760 2 10 10 5
2 12 1 0 0 0 760 3 1 1 10
2 13 1 0 0 0 760 3 11 11 1
2 14 1 0 0 0 760 3 12 12 11
2 15 1 0 0 0 760 3 4 4 12
2 16 1 0 0 0 760 3 15 15 4
2 17 1 0 0 0 760 3 11 11 15
2 18 1 0 0 0 760 2 10 10 11
2 19 1 0 0 0 760 2 10 10 10
2 20 1 0 0 0 760 3 15 15 10
2 21 1 0 0 0 760 2 7 7 15
2 22 1 0 0 0 760 2 4 4 7
2 23 1 1 0 0 529 1 7 7 4
2 24 1 0 0 0 760 2 3 3 7
2 25 1 0 0 0 760 2 10 10 3
3 1 1 0 0 0 760 1 13 13 10
3 2 1 0 0 0 760 3 7 7 13
3 3 1 0 0 0 760 3 7 7 7
3 4 1 0 0 0 760 2 2 2 7
3 5 1 0 0 0 760 3 15 15 2
3 6 1 0 0 0 760 3 11 11 15
3 7 1 1 0 0 516 1 15 15 11
3 8 1 1 0 0 556 1 11 11 15
3 9 1 0 0 0 760 2 13 13 11
3 10 1 1 0 0 499 1 11 11 13
3 11 1 1 0 0 563 1 13 13 11
3 12 1 1 0 0 712 1 11 11 13
3 13 1 0 0 0 760 2 12 12 11
3 14 1 0 0 0 760 3 14 14 12
3 15 0 0 1 0 760 1 12 12 14
3 16 1 0 0 0 760 3 10 10 12
3 17 1 0 0 0 760 3 13 13 10
3 18 1 0 0 0 760 3 13 13 13
3 19 1 0 0 0 760 2 4 4 13
3 20 1 1 0 0 480 1 13 13 4
3 21 1 0 0 0 760 2 2 2 13
3 22 1 0 0 0 760 2 12 12 2
3 23 1 0 0 0 760 2 11 11 12
3 24 1 1 0 0 593 1 12 12 11
3 25 1 0 0 0 760 3 13 13 12
