1 1 1 0 0 0 760 2 5 5 0
1 2 1 0 0 0 760 1 14 14 5
1 3 1 0 0 0 760 3 3 3 14
1 4 1 0 0 0 760 3 9 9 3
1 5 1 1 0 0 610 1 3 3 9
1 6 1 0 0 0 760 3 2 2 3
1 7 1 0 0 0 760 3 4 4 2
1 8 1 0 0 0 760 2 6 6 4
1 9 1 1 0 0 718 1 4 4 6
1 10 1 0 0 0 760 2 1 1 4
1 11 1 0 0 0 760 3 12 12 1
1 12 1 0 0 0 760 2 5 5 12
1 13 1 1 0 0 600 1 12 12 5
1 14 1 1 0 0 609 1 5 5 12
1 15 1 0 0 0 760 3 7 7 5
1 16 1 1 0 0 574 1 5 5 7
1 17 0 0 1 0 760 1 7 7 5
1 18 1 0 0 0 760 2 11 11 7
1 19 0 0 0 1 494 3 9 9 11
1 20 1 1 0 0 558 1 11 11 9
1 21 1 0 0 0 760 2 3 3 11
1 22 1 1 0 0 545 1 11 11 3
1 23 1 1 0 0 570 1 3 3 11
1 24 1 0 0 0 760 3 4 4 3
1 25 1 0 0 0 760 2 13 13 4
2 1 1 0 0 0 760 3 7 7 13
2 2 1 0 0 0 760 1 4 4 7
2 3 1 0 0 0 760 2 8 8 4
2 4 1 0 0 0 760 2 9 9 8
2 5 1 0 0 0 760 3 4 4 9
2 6 0 0 0 1 717 3 8 8 4
2 7 1 0 0 0 760 2 7 7 8
2 8 1 0 0 0 760 2 4 4 7
2 9 1 1 0 0 557 1 7 7 4
2 10 1 1 0 0 526 1 4 4 7
2 11 1 0 0 0 760 3 12 12 4
2 12 1 0 0 0 760 2 3 3 12
2 13 1 0 0 0 760 3 8 8 3
2 14 1 0 0 0 760 3 10 10 8
2 15 1 1 0 0 669 1 8 8 10
2 16 1 1 0 0 706 1 10 10 8
2 17 1 0 0 0 760 3 9 9 10
2 18 1 1 0 0 504 1 10 10 9
2 19 1 1 0 0 638 1 9 9 10
2 20 1 1 0 0 529 1 10 10 9
2 21 1 0 0 0 760 3 13 13 10
2 22 1 0 0 0 760 2 7 7 13
2 23 1 1 0 0 677 1 13 13 7
2 24 1 1 0 0 526 1 7 7 13
2 25 1 1 0 0 658 1 13 13 7
3 1 1 0 0 0 760 3 11 11 13
3 2 1 0 0 0 760 3 6 6 11
3 3 1 1 0 0 526 1 11 11 6
3 4 1 1 0 0 709 1 6 6 11
3 5 1 0 0 0 760 2 4 4 6
3 6 1 0 0 0 760 2 11 11 4
3 7 1 1 0 0 514 1 4 4 11
3 8 1 1 0 0 565 1 11 11 4
3 9 1 0 0 0 760 3 1 1 11
3 10 1 0 0 0 760 3 8 8 1
3 11 1 0 0 0 760 2 4 4 8
3 12 1 1 0 0 546 1 8 8 4
3 13 0 0 0 1 654 3 1 1 8
3 14 1 0 0 0 760 2 4 4 1
3 15 1 0 0 0 760 2 3 3 4
3 16 1 1 0 0 603 1 4 4 3
3 17 1 0 0 0 760 2 7 7 4
3 18 1 0 0 0 760 3 6 6 7
3 19 0 0 1 0 760 1 7 7 6
3 20 1 0 0 0 760 2 11 11 7
3 21 1 0 0 0 760 3 11 11 11
3 22 1 1 0 0 484 1 11 11 11
3 23 1 0 0 0 760 3 10 10 11
3 24 1 0 0 0 760 2 4 4 10
3 25 1 0 0 0 760 2 15 15 4
