1 1 1 0 0 0 760 1 3 3 0
1 2 1 0 0 0 760 1 2 2 3
1 3 1 1 0 0 648 1 3 3 2
1 4 1 0 0 0 760 3 10 10 3
1 5 1 1 0 0 580 1 3 3 10
1 6 1 1 0 0 730 1 10 10 3
1 7 1 0 0 0 760 3 1 1 10
1 8 1 0 0 0 760 2 14 14 1
1 9 1 0 0 0 760 2 13 13 14
1 10 1 0 0 0 760 3 7 7 13
1 11 1 0 0 0 760 2 2 2 7
1 12 1 0 0 0 760 2 14 14 2
1 13 1 1 0 0 752 1 2 2 14
1 14 0 0 1 0 760 1 14 14 2
1 15 1 0 0 0 760 2 1 1 14
1 16 1 0 0 0 760 3 5 5 1
1 17 1 0 0 0 760 3 11 11 5
1 18 1 1 0 0 701 1 5 5 11
1 19 1 1 0 0 719 1 11 11 5
1 20 1 1 0 0 692 1 5 5 11
1 21 1 0 0 0 760 3 3 3 5
1 22 1 1 0 0 524 1 5 5 3
1 23 1 1 0 0 748 1 3 3 5
1 24 0 0 0 1 626 2 2 2 3
1 25 1 0 0 0 760 2 12 12 2
2 1 1 0 0 0 760 1 10 10 12
2 2 1 0 0 0 760 3 11 11 10
2 3 1 0 0 0 760 2 8 8 11
2 4 1 0 0 0 760 3 10 10 8
2 5 1 0 0 0 760 3 5 5 10
2 6 1 0 0 0 760 2 3 3 5
2 7 1 0 0 0 760 3 10 10 3
2 8 1 0 0 0 760 3 15 15 10
2 9 1 0 0 0 760 3 8 8 15
2 10 1 1 0 0 575 1 15 15 8
2 11 1 0 0 0 760 2 12 12 15
2 12 1 1 0 0 565 1 15 15 12
2 13 1 0 0 0 760 2 5 5 15
2 14 1 1 0 0 541 1 15 15 5
2 15 1 1 0 0 716 1 5 5 15
2 16 1 0 0 0 760 3 9 9 5
2 17 1 0 0 0 760 2 14 14 9
2 18 1 1 0 0 679 1 9 9 14
2 19 1 0 0 0 760 2 10 10 9
2 20 1 1 0 0 580 1 9 9 10
2 21 1 0 0 0 760 2 4 4 9
2 22 1 0 0 0 760 3 4 4 4
2 23 1 0 0 0 760 3 8 8 4
2 24 1 0 0 0 760 2 6 6 8
2 25 1 0 0 0 760 3 13 13 6
3 1 1 0 0 0 760 3 13 13 13
3 2 1 0 0 0 760 2 8 8 13
3 3 1 0 0 0 760 2 14 14 8
3 4 1 0 0 0 760 2 2 2 14
3 5 1 0 0 0 760 2 7 7 2
3 6 1 0 0 0 760 3 8 8 7
3 7 1 0 0 0 760 3 2 2 8
3 8 1 0 0 0 760 3 3 3 2
3 9 1 0 0 0 760 2 15 15 3
3 10 1 1 0 0 736 1 3 3 15
3 11 1 1 0 0 755 1 15 15 3
3 12 1 0 0 0 760 3 12 12 15
3 13 1 0 0 0 760 2 2 2 12
3 14 1 0 0 0 760 3 13 13 2
3 15 0 0 1 0 760 1 2 2 13
3 16 0 0 0 1 708 2 2 2 2
3 17 1 1 0 0 554 1 2 2 2
3 18 1 0 0 0 760 3 7 7 2
3 19 1 0 0 0 760 2 4 4 7
3 20 1 0 0 0 760 2 5 5 4
3 21 1 0 0 0 760 2 10 10 5
3 22 1 1 0 0 675 1 5 5 10
3 23 1 0 0 0 760 2 11 11 5
3 24 0 0 1 0 760 1 5 5 11
3 25 1 0 0 0 760 3 6 6 5
