1 1 1 0 0 0 760 2 7 7 0
1 2 1 0 0 0 760 2 14 14 7
1 3 1 0 0 0 760 3 4 4 14
1 4 1 0 0 0 760 3 15 15 4
1 5 0 0 1 0 760 1 4 4 15
1 6 1 0 0 0 760 2 4 4 4
1 7 1 0 0 0 760 2 7 7 4
1 8 1 1 0 0 665 1 4 4 7
1 9 1 1 0 0 722 1 7 7 4
1 10 1 0 0 0 760 2 15 15 7
1 11 1 0 0 0 760 2 15 15 15
1 12 0 0 1 0 760 1 15 15 15
1 13 1 0 0 0 760 3 5 5 15
1 14 0 0 1 0 760 1 15 15 5
1 15 1 0 0 0 760 3 8 8 15
1 16 1 1 0 0 570 1 15 15 8
1 17 1 0 0 0 760 3 7 7 15
1 18 1 0 0 0 760 2 11 11 7
1 19 1 0 0 0 760 3 15 15 11
1 20 1 0 0 0 760 3 3 3 15
1 21 1 0 0 0 760 2 8 8 3
1 22 1 0 0 0 760 2 10 10 8
1 23 0 0 1 0 760 1 8 8 10
1 24 1 0 0 0 760 3 2 2 8
1 25 1 0 0 0 760 3 6 6 2
2 1 1 0 0 0 760 3 1 1 6
2 2 1 0 0 0 760 1 13 13 1
2 3 1 1 0 0 596 1 1 1 13
2 4 1 0 0 0 760 2 1 1 1
2 5 1 0 0 0 760 2 4 4 1
2 6 1 0 0 0 760 3 9 9 4
2 7 1 0 0 0 760 2 9 9 9
2 8 1 0 0 0 760 3 5 5 9
2 9 1 0 0 0 760 3 3 3 5
2 10 1 0 0 0 760 2 14 14 3
2 11 1 0 0 0 760 2 14 14 14
2 12 1 0 0 0 760 3 4 4 14
2 13 1 0 0 0 760 2 15 15 4
2 14 1 1 0 0 535 1 4 4 15
2 15 1 1 0 0 635 1 15 15 4
2 16 0 0 1 0 760 1 4 4 15
2 17 1 0 0 0 760 3 12 12 4
2 18 1 0 0 0 760 2 1 1 12
2 19 1 0 0 0 760 3 14 14 1
2 20 0 0 1 0 760 1 1 1 14
2 21 1 0 0 0 760 2 2 2 1
2 22 1 0 0 0 760 3 6 6 2
2 23 1 1 0 0 605 1 2 2 6
2 24 1 0 0 0 760 2 3 3 2
2 25 1 0 0 0 760 3 3 3 3
3 1 1 0 0 0 760 1 13 13 3
3 2 1 0 0 0 760 1 13 13 13
3 3 0 0 1 0 760 1 13 13 13
3 4 1 0 0 0 760 2 1 1 13
3 5 1 0 0 0 760 2 2 2 1
3 6 1 0 0 0 760 2 5 5 2
3 7 1 1 0 0 644 1 2 2 5
3 8 1 0 0 0 760 2 15 15 2
3 9 1 0 0 0 760 3 11 11 15
3 10 1 0 0 0 760 2 7 7 11
3 11 1 0 0 0 760 3 3 3 7
3 12 1 0 0 0 760 2 13 13 3
3 13 1 1 0 0 589 1 3 3 13
3 14 1 0 0 0 760 2 4 4 3
3 15 1 0 0 0 760 3 8 8 4
3 16 1 1 0 0 580 1 4 4 8
3 17 1 0 0 0 760 3 2 2 4
3 18 1 0 0 0 760 2 13 13 2
3 19 0 0 1 0 760 1 2 2 13
3 20 1 0 0 0 760 3 1 1 2
3 21 1 1 0 0 613 1 2 2 1
3 22 1 1 0 0 630 1 1 1 2
3 23 1 0 0 0 760 3 15 15 1
3 24 0 0 1 0 760 1 1 1 15
3 25 1 0 0 0 760 2 7 7 1
