1 1 1 0 0 0 760 2 14 14 0
1 2 1 0 0 0 760 3 11 11 14
1 3 0 0 1 0 760 1 14 14 11
1 4 1 0 0 0 760 2 9 9 14
1 5 0 0 1 0 760 1 14 14 9
1 6 1 1 0 0 734 1 9 9 14
1 7 1 0 0 0 760 3 3 3 9
1 8 1 0 0 0 760 2 12 12 3
1 9 0 0 1 0 760 1 3 3 12
1 10 1 1 0 0 700 1 12 12 3
1 11 1 0 0 0 760 2 9 9 12
1 12 1 0 0 0 760 2 1 1 9
1 13 1 1 0 0 609 1 9 9 1
1 14 1 0 0 0 760 3 13 13 9
1 15 1 1 0 0 566 1 9 9 13
1 16 0 0 1 0 760 1 13 13 9
1 17 1 0 0 0 760 3 12 12 13
1 18 1 0 0 0 760 3 9 9 12
1 19 1 0 0 0 760 3 14 14 9
1 20 1 1 0 0 658 1 9 9 14
1 21 1 1 0 0 629 1 14 14 9
1 22 1 0 0 0 760 2 8 8 14
1 23 1 0 0 0 760 3 4 4 8
1 24 1 0 0 0 760 3 12 12 4
1 25 1 0 0 0 760 3 6 6 12
2 1 1 0 0 0 760 2 14 14 6
2 2 1 0 0 0 760 3 14 14 14
2 3 1 1 0 0 541 1 14 14 14
2 4 0 0 1 0 760 1 14 14 14
2 5 1 1 0 0 542 1 14 14 14
2 6 1 0 0 0 760 3 9 9 14
2 7 1 0 0 0 760 2 4 4 9
2 8 0 0 1 0 760 1 9 9 4
2 9 1 0 0 0 760 2 1 1 9
2 10 1 0 0 0 760 2 2 2 1
2 11 1 0 0 0 760 2 8 8 2
2 12 0 0 1 0 760 1 2 2 8
2 13 1 0 0 0 760 3 14 14 2
2 14 1 0 0 0 760 3 5 5 14
2 15 1 0 0 0 760 3 8 8 5
2 16 1 0 0 0 760 2 12 12 8
2 17 1 0 0 0 760 3 11 11 12
2 18 1 0 0 0 760 2 13 13 11
2 19 1 0 0 0 760 3 3 3 13
2 20 1 0 0 0 760 2 8 8 3
2 21 1 0 0 0 760 2 13 13 8
2 22 1 0 0 0 760 2 6 6 13
2 23 0 0 1 0 760 1 13 13 6
2 24 1 0 0 0 760 2 4 4 13
2 25 1 0 0 0 760 2 9 9 4
3 1 1 0 0 0 760 3 10 10 9
3 2 1 0 0 0 760 3 11 11 10
3 3 1 0 0 0 760 2 6 6 11
3 4 1 0 0 0 760 3 15 15 6
3 5 1 0 0 0 760 3 5 5 15
3 6 0 0 1 0 760 1 15 15 5
3 7 1 0 0 0 760 2 12 12 15
3 8 0 0 1 0 760 1 15 15 12
3 9 1 0 0 0 760 2 6 6 15
3 10 0 0 1 0 760 1 15 15 6
3 11 0 0 1 0 760 1 6 6 15
3 12 1 0 0 0 760 2 3 3 6
3 13 1 0 0 0 760 2 12 12 3
3 14 0 0 1 0 760 1 3 3 12
3 15 1 0 0 0 760 2 7 7 3
3 16 0 0 1 0 760 1 3 3 7
3 17 1 1 0 0 639 1 7 7 3
3 18 1 0 0 0 760 2 2 2 7
3 19 1 0 0 0 760 3 8 8 2
3 20 1 0 0 0 760 3 12 12 8
3 21 1 0 0 0 760 3 13 13 12
3 22 1 1 0 0 687 1 12 12 13
3 23 1 0 0 0 760 3 8 8 12
3 24 1 0 0 0 760 2 15 15 8
3 25 1 1 0 0 711 1 8 8 15
