1 1 1 0 0 0 760 3 7 7 0
1 2 1 0 0 0 760 2 14 14 7
1 3 1 0 0 0 760 2 1 1 14
1 4 1 1 0 0 588 1 14 14 1
1 5 1 0 0 0 760 3 13 13 14
1 6 1 0 0 0 760 3 13 13 13
1 7 0 0 1 0 760 1 13 13 13
1 8 1 0 0 0 760 2 9 9 13
1 9 1 0 0 0 760 2 6 6 9
1 10 1 0 0 0 760 3 15 15 6
1 11 1 1 0 0 584 1 6 6 15
1 12 0 0 1 0 760 1 15 15 6
1 13 1 1 0 0 593 1 6 6 15
1 14 1 1 0 0 674 1 15 15 6
1 15 1 1 0 0 569 1 6 6 15
1 16 0 0 1 0 760 1 15 15 6
1 17 0 0 1 0 760 1 6 6 15
1 18 1 0 0 0 760 3 9 9 6
1 19 1 0 0 0 760 3 7 7 9
1 20 0 0 1 0 760 1 9 9 7
1 21 1 0 0 0 760 3 5 5 9
1 22 1 0 0 0 760 2 15 15 5
1 23 0 0 1 0 760 1 5 5 15
1 24 0 0 0 1 756 2 5 5 5
1 25 1 1 0 0 724 1 5 5 5
2 1 1 0 0 0 760 1 1 1 5
2 2 1 0 0 0 760 1 11 11 1
2 3 1 1 0 0 760 1 1 1 11
2 4 0 0 1 0 760 1 11 11 1
2 5 1 0 0 0 760 2 11 11 11
2 6 1 0 0 0 760 3 8 8 11
2 7 1 0 0 0 760 2 10 10 8
2 8 1 1 0 0 684 1 8 8 10
2 9 1 0 0 0 760 2 6 6 8
2 10 1 0 0 0 760 3 7 7 6
2 11 0 0 1 0 760 1 6 6 7
2 12 0 0 1 0 760 1 7 7 6
2 13 1 0 0 0 760 3 13 13 7
2 14 1 0 0 0 760 3 3 3 13
2 15 1 0 0 0 760 2 15 15 3
2 16 1 0 0 0 760 2 1 1 15
2 17 1 0 0 0 760 3 8 8 1
2 18 1 0 0 0 760 2 10 10 8
2 19 1 1 0 0 697 1 8 8 10
2 20 1 1 0 0 622 1 10 10 8
2 21 1 0 0 0 760 2 6 6 10
2 22 1 1 0 0 553 1 10 10 6
2 23 1 0 0 0 760 3 2 2 10
2 24 1 0 0 0 760 2 12 12 2
2 25 1 0 0 0 760 3 10 10 12
3 1 1 0 0 0 760 3 2 2 10
3 2 1 0 0 0 760 3 11 11 2
3 3 1 0 0 0 760 2 6 6 11
3 4 1 0 0 0 760 3 13 13 6
3 5 1 0 0 0 760 3 1 1 13
3 6 1 0 0 0 760 2 15 15 1
3 7 1 0 0 0 760 2 10 10 15
3 8 1 0 0 0 760 3 10 10 10
3 9 0 0 0 1 644 2 15 15 10
3 10 1 0 0 0 760 2 5 5 15
3 11 1 0 0 0 760 2 12 12 5
3 12 1 0 0 0 760 2 8 8 12
3 13 1 1 0 0 609 1 12 12 8
3 14 1 1 0 0 742 1 8 8 12
3 15 1 0 0 0 760 2 2 2 8
3 16 1 0 0 0 760 2 14 14 2
3 17 0 0 1 0 760 1 2 2 14
3 18 1 0 0 0 760 3 7 7 2
3 19 1 0 0 0 760 3 9 9 7
3 20 0 0 1 0 760 1 7 7 9
3 21 0 0 1 0 760 1 9 9 7
3 22 1 0 0 0 760 3 8 8 9
3 23 0 0 1 0 760 1 9 9 8
3 24 1 0 0 0 760 3 9 9 9
3 25 1 0 0 0 760 3 14 14 9
