1 1 1 0 0 0 760 3 13 13 0
1 2 1 0 0 0 760 1 2 2 13
1 3 0 0 1 0 760 1 13 13 2
1 4 1 0 0 0 760 2 4 4 13
1 5 1 0 0 0 760 2 8 8 4
1 6 1 0 0 0 760 2 6 6 8
1 7 1 0 0 0 760 3 13 13 6
1 8 1 0 0 0 760 3 4 4 13
1 9 1 0 0 0 760 2 11 11 4
1 10 1 0 0 0 760 3 14 14 11
1 11 1 0 0 0 760 2 2 2 14
1 12 0 0 1 0 760 1 14 14 2
1 13 1 0 0 0 760 2 3 3 14
1 14 1 0 0 0 760 3 11 11 3
1 15 0 0 1 0 760 1 3 3 11
1 16 1 0 0 0 760 2 13 13 3
1 17 1 0 0 0 760 3 13 13 13
1 18 1 0 0 0 760 3 6 6 13
1 19 1 0 0 0 760 2 14 14 6
1 20 1 0 0 0 760 3 10 10 14
1 21 1 0 0 0 760 3 5 5 10
1 22 1 0 0 0 760 3 1 1 5
1 23 1 0 0 0 760 3 15 15 1
1 24 1 0 0 0 760 2 4 4 15
1 25 1 0 0 0 760 3 13 13 4
2 1 1 0 0 0 760 1 3 3 13
2 2 1 0 0 0 760 1 11 11 3
2 3 1 0 0 0 760 3 2 2 11
2 4 1 0 0 0 760 2 13 13 2
2 5 0 0 1 0 760 1 2 2 13
2 6 0 0 0 1 597 3 2 2 2
2 7 1 1 0 0 637 1 2 2 2
2 8 1 1 0 0 669 1 2 2 2
2 9 1 0 0 0 760 3 11 11 2
2 10 1 0 0 0 760 2 11 11 11
2 11 1 0 0 0 760 3 1 1 11
2 12 1 0 0 0 760 2 7 7 1
2 13 1 1 0 0 701 1 1 1 7
2 14 1 0 0 0 760 3 6 6 1
2 15 1 0 0 0 760 2 7 7 6
2 16 1 0 0 0 760 3 5 5 7
2 17 1 0 0 0 760 3 15 15 5
2 18 1 0 0 0 760 2 15 15 15
2 19 1 0 0 0 760 2 8 8 15
2 20 1 0 0 0 760 2 10 10 8
2 21 1 0 0 0 760 3 2 2 10
2 22 1 0 0 0 760 2 12 12 2
2 23 0 0 1 0 760 1 2 2 12
2 24 0 0 1 0 760 1 12 12 2
2 25 1 0 0 0 760 3 15 15 12
3 1 1 0 0 0 760 3 13 13 15
3 2 1 0 0 0 760 2 10 10 13
3 3 1 0 0 0 760 2 2 2 10
3 4 1 0 0 0 760 2 11 11 2
3 5 1 1 0 0 736 1 2 2 11
3 6 1 1 0 0 555 1 11 11 2
3 7 1 0 0 0 760 3 5 5 11
3 8 1 0 0 0 760 2 14 14 5
3 9 1 1 0 0 712 1 5 5 14
3 10 0 0 1 0 760 1 14 14 5
3 11 1 1 0 0 554 1 5 5 14
3 12 1 0 0 0 760 2 7 7 5
3 13 1 0 0 0 760 3 1 1 7
3 14 1 1 0 0 625 1 7 7 1
3 15 1 0 0 0 760 3 14 14 7
3 16 1 0 0 0 760 2 6 6 14
3 17 0 0 1 0 760 1 14 14 6
3 18 1 0 0 0 760 3 12 12 14
3 19 1 1 0 0 682 1 14 14 12
3 20 1 0 0 0 760 2 10 10 14
3 21 1 0 0 0 760 3 11 11 10
3 22 1 0 0 0 760 3 15 15 11
3 23 1 0 0 0 760 2 4 4 15
3 24 1 0 0 0 760 3 11 11 4
3 25 0 0 1 0 760 1 4 4 11
