1 1 1 0 0 0 760 3 6 6 0
1 2 1 0 0 0 760 2 14 14 6
1 3 1 0 0 0 760 2 11 11 14
1 4 1 0 0 0 760 3 1 1 11
1 5 1 0 0 0 760 3 10 10 1
1 6 1 0 0 0 760 3 9 9 10
1 7 1 1 0 0 545 1 10 10 9
1 8 1 1 0 0 621 1 9 9 10
1 9 1 1 0 0 552 1 10 10 9
1 10 1 0 0 0 760 3 15 15 10
1 11 1 1 0 0 758 1 10 10 15
1 12 1 1 0 0 600 1 15 15 10
1 13 1 0 0 0 760 2 7 7 15
1 14 0 0 1 0 760 1 15 15 7
1 15 0 0 1 0 760 1 7 7 15
1 16 1 0 0 0 760 2 3 3 7
1 17 1 1 0 0 618 1 7 7 3
1 18 0 0 1 0 760 1 3 3 7
1 19 1 0 0 0 760 3 2 2 3
1 20 1 0 0 0 760 2 9 9 2
1 21 1 0 0 0 760 3 4 4 9
1 22 1 0 0 0 760 2 12 12 4
1 23 1 0 0 0 760 2 2 2 12
1 24 1 0 0 0 760 2 8 8 2
1 25 1 0 0 0 760 2 3 3 8
2 1 1 0 0 0 760 1 2 2 3
2 2 1 0 0 0 760 1 7 7 2
2 3 1 0 0 0 760 2 12 12 7
2 4 1 1 0 0 678 1 7 7 12
2 5 1 1 0 0 689 1 12 12 7
2 6 1 0 0 0 760 3 4 4 12
2 7 1 1 0 0 562 1 12 12 4
2 8 1 0 0 0 760 2 13 13 12
2 9 1 0 0 0 760 2 8 8 13
2 10 1 0 0 0 760 3 6 6 8
2 11 0 0 1 0 760 1 8 8 6
2 12 1 1 0 0 648 1 6 6 8
2 13 1 0 0 0 760 2 13 13 6
2 14 1 0 0 0 760 2 15 15 13
2 15 1 1 0 0 743 1 13 13 15
2 16 0 0 1 0 760 1 15 15 13
2 17 1 0 0 0 760 2 4 4 15
2 18 1 0 0 0 760 2 4 4 4
2 19 1 1 0 0 544 1 4 4 4
2 20 1 0 0 0 760 2 10 10 4
2 21 1 0 0 0 760 3 7 7 10
2 22 1 0 0 0 760 3 11 11 7
2 23 0 0 1 0 760 1 7 7 11
2 24 1 1 0 0 615 1 11 11 7
2 25 1 1 0 0 532 1 7 7 11
3 1 1 0 0 0 760 3 2 2 7
3 2 1 0 0 0 760 3 5 5 2
3 3 1 0 0 0 760 3 3 3 5
3 4 1 0 0 0 760 2 11 11 3
3 5 1 0 0 0 760 3 5 5 11
3 6 1 1 0 0 718 1 11 11 5
3 7 0 0 1 0 760 1 5 5 11
3 8 0 0 0 1 542 3 5 5 5
3 9 1 1 0 0 648 1 5 5 5
3 10 0 0 1 0 760 1 5 5 5
3 11 1 0 0 0 760 2 14 14 5
3 12 1 0 0 0 760 2 11 11 14
3 13 0 0 1 0 760 1 14 14 11
3 14 0 0 1 0 760 1 11 11 14
3 15 1 0 0 0 760 2 11 11 11
3 16 1 0 0 0 760 2 3 3 11
3 17 1 0 0 0 760 2 8 8 3
3 18 1 1 0 0 596 1 3 3 8
3 19 1 0 0 0 760 3 12 12 3
3 20 1 0 0 0 760 3 5 5 12
3 21 1 1 0 0 631 1 12 12 5
3 22 1 0 0 0 760 2 3 3 12
3 23 1 0 0 0 760 2 8 8 3
3 24 1 0 0 0 760 2 1 1 8
3 25 1 0 0 0 760 2 10 10 1
