1 1 1 0 0 0 760 1 15 15 0
1 2 1 0 0 0 760 3 9 9 15
1 3 1 0 0 0 760 3 3 3 9
1 4 1 0 0 0 760 3 12 12 3
1 5 1 0 0 0 760 2 8 8 12
1 6 1 0 0 0 760 2 2 2 8
1 7 1 0 0 0 760 2 12 12 2
1 8 1 1 0 0 641 1 2 2 12
1 9 1 1 0 0 707 1 12 12 2
1 10 1 0 0 0 760 3 13 13 12
1 11 1 0 0 0 760 3 8 8 13
1 12 1 0 0 0 760 2 11 11 8
1 13 1 0 0 0 760 2 10 10 11
1 14 1 0 0 0 760 2 12 12 10
1 15 1 0 0 0 760 3 8 8 12
1 16 0 0 1 0 760 1 12 12 8
1 17 1 0 0 0 760 2 7 7 12
1 18 1 0 0 0 760 2 13 13 7
1 19 1 0 0 0 760 3 13 13 13
1 20 1 0 0 0 760 2 4 4 13
1 21 0 0 1 0 760 1 13 13 4
1 22 1 0 0 0 760 2 12 12 13
1 23 0 0 1 0 760 1 13 13 12
1 24 1 1 0 0 611 1 12 12 13
1 25 1 0 0 0 760 3 1 1 12
2 1 1 0 0 0 760 2 4 4 1
2 2 1 0 0 0 760 2 12 12 4
2 3 0 0 0 1 613 3 12 12 12
2 4 1 0 0 0 760 3 6 6 12
2 5 1 0 0 0 760 3 6 6 6
2 6 1 0 0 0 760 2 5 5 6
2 7 1 0 0 0 760 3 10 10 5
2 8 1 0 0 0 760 3 2 2 10
2 9 1 0 0 0 760 2 15 15 2
2 10 1 0 0 0 760 3 12 12 15
2 11 1 1 0 0 745 1 15 15 12
2 12 1 0 0 0 760 3 1 1 15
2 13 1 0 0 0 760 2 3 3 1
2 14 1 0 0 0 760 2 11 11 3
2 15 1 0 0 0 760 3 11 11 11
2 16 1 0 0 0 760 2 14 14 11
2 17 1 0 0 0 760 3 2 2 14
2 18 1 0 0 0 760 2 4 4 2
2 19 1 0 0 0 760 2 5 5 4
2 20 1 0 0 0 760 3 12 12 5
2 21 1 1 0 0 547 1 5 5 12
2 22 1 0 0 0 760 3 13 13 5
2 23 1 1 0 0 507 1 5 5 13
2 24 1 0 0 0 760 2 9 9 5
2 25 1 0 0 0 760 2 14 14 9
3 1 1 0 0 0 760 2 5 5 14
3 2 1 0 0 0 760 1 9 9 5
3 3 1 0 0 0 760 2 2 2 9
3 4 1 0 0 0 760 3 8 8 2
3 5 1 0 0 0 760 2 12 12 8
3 6 1 1 0 0 608 1 8 8 12
3 7 0 0 1 0 760 1 12 12 8
3 8 1 0 0 0 760 3 12 12 12
3 9 1 0 0 0 760 2 6 6 12
3 10 1 0 0 0 760 3 3 3 6
3 11 1 0 0 0 760 3 12 12 3
3 12 1 1 0 0 623 1 3 3 12
3 13 1 0 0 0 760 3 5 5 3
3 14 1 1 0 0 533 1 3 3 5
3 15 1 0 0 0 760 3 9 9 3
3 16 1 0 0 0 760 2 13 13 9
3 17 1 0 0 0 760 2 3 3 13
3 18 1 0 0 0 760 3 11 11 3
3 19 1 1 0 0 546 1 3 3 11
3 20 1 0 0 0 760 2 2 2 3
3 21 1 0 0 0 760 3 4 4 2
3 22 1 0 0 0 760 2 13 13 4
3 23 1 0 0 0 760 3 7 7 13
3 24 1 0 0 0 760 3 1 1 7
3 25 0 0 1 0 760 1 7 7 1
