1 1 1 0 0 0 760 3 3 3 0
1 2 1 0 0 0 760 1 6 6 3
1 3 1 0 0 0 760 2 9 9 6
1 4 1 0 0 0 760 3 8 8 9
1 5 1 0 0 0 372 2 13 13 8
1 6 0 0 1 0 735 1 8 8 13
1 7 1 0 0 0 760 3 5 5 8
1 8 1 1 0 0 751 1 8 8 5
1 9 1 0 0 0 760 2 12 12 8
1 10 1 0 0 0 760 2 11 11 12
1 11 1 0 0 0 760 2 13 13 11
1 12 0 0 1 0 760 1 11 11 13
1 13 1 1 0 0 652 1 13 13 11
1 14 1 1 0 0 649 1 11 11 13
1 15 1 1 0 0 689 1 13 13 11
1 16 1 0 0 0 760 3 1 1 13
1 17 1 0 0 0 760 2 6 6 1
1 18 1 0 0 0 760 2 7 7 6
1 19 1 0 0 0 760 2 7 7 7
1 20 1 0 0 0 760 3 14 14 7
1 21 1 0 0 0 760 2 3 3 14
1 22 1 1 0 0 704 1 14 14 3
1 23 1 1 0 0 556 1 3 3 14
1 24 1 0 0 0 760 3 8 8 3
1 25 0 0 0 1 648 2 11 11 8
2 1 1 0 0 0 760 2 15 15 11
2 2 1 0 0 0 760 1 13 13 15
2 3 1 1 0 0 520 1 15 15 13
2 4 1 0 0 0 760 3 2 2 15
2 5 1 1 0 0 592 1 15 15 2
2 6 0 0 0 1 609 3 13 13 15
2 7 1 0 0 0 760 2 12 12 13
2 8 1 0 0 0 760 3 9 9 12
2 9 1 1 0 0 583 1 12 12 9
2 10 1 0 0 0 760 3 14 14 12
2 11 1 0 0 0 760 3 14 14 14
2 12 1 0 0 0 760 3 8 8 14
2 13 1 1 0 0 640 1 14 14 8
2 14 1 0 0 0 760 3 2 2 14
2 15 0 0 1 0 760 1 14 14 2
2 16 1 0 0 0 760 2 10 10 14
2 17 1 0 0 0 760 3 11 11 10
2 18 1 1 0 0 707 1 10 10 11
2 19 1 0 0 0 760 2 5 5 10
2 20 1 0 0 0 760 2 3 3 5
2 21 1 0 0 0 760 2 8 8 3
2 22 1 0 0 0 760 3 14 14 8
2 23 1 1 0 0 696 1 8 8 14
2 24 0 0 1 0 760 1 14 14 8
2 25 1 0 0 0 760 3 6 6 14
3 1 1 0 0 0 760 2 8 8 6
3 2 1 0 0 0 760 2 10 10 8
3 3 0 0 1 0 760 1 8 8 10
3 4 1 1 0 0 610 1 10 10 8
3 5 1 1 0 0 532 1 8 8 10
3 6 1 0 0 0 760 2 7 7 8
3 7 1 1 0 0 750 1 8 8 7
3 8 1 0 0 0 760 2 3 3 8
3 9 1 1 0 0 582 1 8 8 3
3 10 0 0 1 0 760 1 3 3 8
3 11 1 0 0 0 760 3 12 12 3
3 12 1 0 0 0 760 3 5 5 12
3 13 1 0 0 0 760 3 14 14 5
3 14 1 1 0 0 714 1 5 5 14
3 15 1 0 0 0 760 2 13 13 5
3 16 1 0 0 0 760 2 8 8 13
3 17 1 0 0 0 760 2 5 5 8
3 18 1 1 0 0 556 1 8 8 5
3 19 0 0 1 0 760 1 5 5 8
3 20 1 0 0 0 760 2 14 14 5
3 21 1 0 0 0 760 2 7 7 14
3 22 1 0 0 0 760 3 2 2 7
3 23 1 0 0 0 760 2 10 10 2
3 24 1 1 0 0 543 1 2 2 10
3 25 0 0 1 0 760 1 10 10 2
