1 1 1 0 0 0 760 3 8 8 0
1 2 1 0 0 0 760 2 9 9 8
1 3 1 0 0 0 760 2 13 13 9
1 4 0 0 1 0 760 1 9 9 13
1 5 0 0 1 0 760 1 13 13 9
1 6 1 0 0 0 760 3 2 2 13
1 7 1 0 0 0 760 2 14 14 2
1 8 1 0 0 0 760 3 7 7 14
1 9 1 0 0 0 760 2 13 13 7
1 10 1 0 0 0 760 2 3 3 13
1 11 1 0 0 0 760 3 6 6 3
1 12 0 0 1 0 760 1 3 3 6
1 13 1 0 0 0 760 3 3 3 3
1 14 1 0 0 0 760 3 1 1 3
1 15 1 0 0 0 760 3 10 10 1
1 16 1 0 0 0 760 3 10 10 10
1 17 1 0 0 0 760 3 15 15 10
1 18 1 0 0 0 760 2 12 12 15
1 19 1 0 0 0 760 3 2 2 12
1 20 1 0 0 0 760 2 15 15 2
1 21 1 0 0 0 760 3 6 6 15
1 22 1 0 0 0 760 3 1 1 6
1 23 1 0 0 0 760 3 10 10 1
1 24 1 0 0 0 760 3 7 7 10
1 25 1 0 0 0 760 2 15 15 7
2 1 1 0 0 0 760 3 12 12 15
2 2 1 0 0 0 760 2 6 6 12
2 3 1 0 0 0 760 2 9 9 6
2 4 1 0 0 0 760 2 8 8 9
2 5 1 1 0 0 658 1 9 9 8
2 6 1 0 0 0 760 3 2 2 9
2 7 1 0 0 0 760 2 8 8 2
2 8 0 0 1 0 760 1 2 2 8
2 9 1 1 0 0 736 1 8 8 2
2 10 1 0 0 0 760 2 9 9 8
2 11 1 0 0 0 760 3 13 13 9
2 12 1 1 0 0 624 1 9 9 13
2 13 1 0 0 0 760 2 7 7 9
2 14 1 0 0 0 760 2 14 14 7
2 15 1 0 0 0 760 2 14 14 14
2 16 1 0 0 0 760 3 4 4 14
2 17 1 0 0 0 760 2 10 10 4
2 18 1 1 0 0 688 1 4 4 10
2 19 1 0 0 0 760 2 1 1 4
2 20 0 0 1 0 760 1 4 4 1
2 21 0 0 1 0 760 1 1 1 4
2 22 1 0 0 0 760 2 5 5 1
2 23 1 0 0 0 760 2 15 15 5
2 24 1 0 0 0 760 3 7 7 15
2 25 1 0 0 0 760 3 13 13 7
3 1 1 0 0 0 760 3 11 11 13
3 2 1 0 0 0 760 2 8 8 11
3 3 1 1 0 0 645 1 11 11 8
3 4 1 0 0 0 760 2 1 1 11
3 5 1 0 0 0 760 3 6 6 1
3 6 1 1 0 0 713 1 1 1 6
3 7 0 0 1 0 760 1 6 6 1
3 8 1 1 0 0 630 1 1 1 6
3 9 1 0 0 0 760 3 12 12 1
3 10 1 0 0 0 760 2 2 2 12
3 11 0 0 1 0 760 1 12 12 2
3 12 0 0 1 0 760 1 2 2 12
3 13 0 0 1 0 760 1 12 12 2
3 14 1 1 0 0 610 1 2 2 12
3 15 1 1 0 0 575 1 12 12 2
3 16 1 0 0 0 760 2 7 7 12
3 17 1 0 0 0 760 3 13 13 7
3 18 1 0 0 0 760 2 5 5 13
3 19 1 0 0 0 760 3 1 1 5
3 20 1 0 0 0 760 2 15 15 1
3 21 1 0 0 0 760 2 9 9 15
3 22 1 0 0 0 760 3 3 3 9
3 23 1 1 0 0 616 1 9 9 3
3 24 0 0 1 0 760 1 3 3 9
3 25 1 0 0 0 760 3 13 13 3
