1 1 1 0 0 0 760 2 5 5 0
1 2 1 0 0 0 760 1 6 6 5
1 3 1 0 0 0 760 3 1 1 6
1 4 1 0 0 0 760 3 12 12 1
1 5 0 0 1 0 760 1 1 1 12
1 6 1 0 0 0 760 2 11 11 1
1 7 1 0 0 0 760 2 12 12 11
1 8 1 0 0 0 760 3 1 1 12
1 9 0 0 1 0 760 1 12 12 1
1 10 1 0 0 0 760 2 10 10 12
1 11 1 0 0 0 760 2 10 10 10
1 12 1 0 0 0 760 2 7 7 10
1 13 0 0 1 0 760 1 10 10 7
1 14 1 0 0 0 760 2 15 15 10
1 15 1 0 0 0 760 3 4 4 15
1 16 1 0 0 0 760 3 12 12 4
1 17 1 0 0 0 760 3 13 13 12
1 18 1 0 0 0 760 2 9 9 13
1 19 1 0 0 0 760 2 11 11 9
1 20 1 0 0 0 760 2 11 11 11
1 21 1 0 0 0 760 3 4 4 11
1 22 0 0 1 0 760 1 11 11 4
1 23 1 0 0 0 760 3 9 9 11
1 24 1 0 0 0 760 2 4 4 9
1 25 0 0 1 0 760 1 9 9 4
2 1 1 0 0 0 760 3 5 5 9
2 2 1 0 0 0 760 3 6 6 5
2 3 1 0 0 0 760 2 3 3 6
2 4 0 0 1 0 760 1 6 6 3
2 5 1 0 0 0 760 2 13 13 6
2 6 1 0 0 0 760 3 10 10 13
2 7 1 0 0 0 760 3 4 4 10
2 8 0 0 1 0 760 1 10 10 4
2 9 1 0 0 0 760 2 8 8 10
2 10 1 0 0 0 760 3 11 11 8
2 11 1 0 0 0 760 2 9 9 11
2 12 1 0 0 0 760 2 3 3 9
2 13 1 0 0 0 760 3 10 10 3
2 14 1 0 0 0 760 3 1 1 10
2 15 1 0 0 0 760 2 2 2 1
2 16 0 0 1 0 760 1 1 1 2
2 17 1 0 0 0 760 2 13 13 1
2 18 1 0 0 0 760 2 15 15 13
2 19 0 0 1 0 760 1 13 13 15
2 20 0 0 1 0 760 1 15 15 13
2 21 1 0 0 0 760 2 4 4 15
2 22 1 0 0 0 760 2 9 9 4
2 23 0 0 1 0 760 1 4 4 9
2 24 1 0 0 0 760 2 5 5 4
2 25 1 0 0 0 760 2 10 10 5
3 1 1 0 0 0 760 2 9 9 10
3 2 1 0 0 0 760 1 8 8 9
3 3 0 0 0 1 441 3 10 10 8
3 4 0 0 0 1 703 2 5 5 10
3 5 1 1 0 0 554 1 10 10 5
3 6 1 0 0 0 760 2 14 14 10
3 7 0 0 1 0 760 1 10 10 14
3 8 1 0 0 0 760 2 8 8 10
3 9 1 0 0 0 760 3 8 8 8
3 10 1 1 0 0 559 1 8 8 8
3 11 1 0 0 0 760 3 12 12 8
3 12 1 0 0 0 760 3 10 10 12
3 13 0 0 1 0 760 1 12 12 10
3 14 0 0 1 0 760 1 10 10 12
3 15 1 1 0 0 692 1 12 12 10
3 16 1 0 0 0 760 2 6 6 12
3 17 1 0 0 0 760 2 11 11 6
3 18 1 0 0 0 760 3 10 10 11
3 19 1 0 0 0 760 2 4 4 10
3 20 1 0 0 0 760 3 4 4 4
3 21 0 0 1 0 760 1 4 4 4
3 22 0 0 1 0 760 1 4 4 4
3 23 1 0 0 0 760 3 15 15 4
3 24 1 0 0 0 760 3 5 5 15
3 25 1 0 0 0 760 3 13 13 5
