1 1 1 0 0 0 760 3 6 6 0
1 2 1 0 0 0 760 1 11 11 6
1 3 1 0 0 0 760 3 10 10 11
1 4 1 1 0 0 699 1 11 11 10
1 5 1 0 0 0 760 3 12 12 11
1 6 0 0 1 0 760 1 11 11 12
1 7 1 0 0 0 760 3 3 3 11
1 8 1 1 0 0 601 1 11 11 3
1 9 1 0 0 0 760 3 13 13 11
1 10 1 1 0 0 589 1 11 11 13
1 11 1 0 0 0 760 3 5 5 11
1 12 1 0 0 0 760 3 1 1 5
1 13 1 0 0 0 760 2 3 3 1
1 14 1 0 0 0 760 3 2 2 3
1 15 1 1 0 0 673 1 3 3 2
1 16 1 0 0 0 760 2 3 3 3
1 17 1 0 0 0 760 3 4 4 3
1 18 1 1 0 0 604 1 3 3 4
1 19 1 1 0 0 702 1 4 4 3
1 20 1 1 0 0 523 1 3 3 4
1 21 1 1 0 0 688 1 4 4 3
1 22 1 1 0 0 746 1 3 3 4
1 23 0 0 1 0 760 1 4 4 3
1 24 1 1 0 0 649 1 3 3 4
1 25 1 0 0 0 760 3 12 12 3
2 1 1 0 0 0 760 1 2 2 12
2 2 1 0 0 0 760 2 11 11 2
2 3 1 1 0 0 538 1 2 2 11
2 4 1 1 0 0 457 1 11 11 2
2 5 1 0 0 0 760 2 10 10 11
2 6 1 1 0 0 485 1 11 11 10
2 7 1 0 0 0 760 3 12 12 11
2 8 1 0 0 0 760 3 8 8 12
2 9 1 0 0 0 760 2 2 2 8
2 10 1 0 0 0 760 3 7 7 2
2 11 1 0 0 0 760 2 4 4 7
2 12 1 0 0 0 760 2 12 12 4
2 13 1 1 0 0 519 1 4 4 12
2 14 1 0 0 0 760 2 2 2 4
2 15 1 0 0 0 760 2 10 10 2
2 16 1 0 0 0 760 2 11 11 10
2 17 1 0 0 0 760 2 5 5 11
2 18 1 0 0 0 760 3 5 5 5
2 19 1 0 0 0 760 2 10 10 5
2 20 1 1 0 0 523 1 5 5 10
2 21 1 0 0 0 760 2 13 13 5
2 22 1 0 0 0 760 3 6 6 13
2 23 1 0 0 0 760 2 10 10 6
2 24 1 0 0 0 760 3 4 4 10
2 25 1 1 0 0 531 1 10 10 4
3 1 1 0 0 0 760 3 15 15 10
3 2 1 0 0 0 760 1 7 7 15
3 3 1 0 0 0 760 2 8 8 7
3 4 1 0 0 0 760 2 8 8 8
3 5 1 1 0 0 534 1 8 8 8
3 6 1 1 0 0 702 1 8 8 8
3 7 1 0 0 0 760 2 14 14 8
3 8 1 1 0 0 514 1 8 8 14
3 9 1 0 0 0 760 2 15 15 8
3 10 1 0 0 0 760 2 9 9 15
3 11 1 1 0 0 521 1 15 15 9
3 12 1 1 0 0 576 1 9 9 15
3 13 1 0 0 0 760 2 2 2 9
3 14 1 0 0 0 760 3 4 4 2
3 15 1 0 0 0 760 3 1 1 4
3 16 1 0 0 0 760 2 5 5 1
3 17 1 1 0 0 610 1 1 1 5
3 18 1 0 0 0 760 3 8 8 1
3 19 0 0 0 1 525 3 5 5 8
3 20 0 0 1 0 760 1 8 8 5
3 21 1 0 0 0 760 3 14 14 8
3 22 1 0 0 0 760 2 15 15 14
3 23 1 0 0 0 760 3 1 1 15
3 24 1 0 0 0 760 3 1 1 1
3 25 1 0 0 0 760 3 4 4 1
