1 1 1 0 0 0 760 2 2 2 0
1 2 1 0 0 0 449 2 10 10 2
1 3 0 0 1 0 760 1 2 2 10
1 4 1 0 0 0 760 2 5 5 2
1 5 0 0 1 0 760 1 2 2 5
1 6 0 0 1 0 760 1 5 5 2
1 7 1 0 0 0 760 2 12 12 5
1 8 1 0 0 0 760 3 7 7 12
1 9 1 1 0 0 670 1 12 12 7
1 10 1 0 0 0 760 2 9 9 12
1 11 1 0 0 0 760 2 1 1 9
1 12 1 0 0 0 760 3 13 13 1
1 13 1 1 0 0 676 1 1 1 13
1 14 0 0 0 1 660 2 1 1 1
1 15 1 1 0 0 578 1 1 1 1
1 16 1 0 0 0 760 2 2 2 1
1 17 0 0 1 0 760 1 1 1 2
1 18 0 0 1 0 760 1 2 2 1
1 19 0 0 1 0 760 1 1 1 2
1 20 1 0 0 0 760 2 15 15 1
1 21 0 0 1 0 760 1 1 1 15
1 22 0 0 0 1 720 2 10 10 1
1 23 1 0 0 0 760 3 4 4 10
1 24 1 1 0 0 282 1 10 10 4
1 25 1 1 0 0 646 1 4 4 10
2 1 0 0 0 1 206 1 15 15 4
2 2 1 0 0 0 760 2 12 12 15
2 3 1 0 0 0 760 2 8 8 12
2 4 1 0 0 0 760 2 6 6 8
2 5 1 0 0 0 760 2 2 2 6
2 6 1 0 0 0 760 3 8 8 2
2 7 1 1 0 0 544 1 2 2 8
2 8 1 0 0 0 760 3 7 7 2
2 9 1 0 0 0 760 3 13 13 7
2 10 1 0 0 0 760 3 12 12 13
2 11 1 0 0 0 760 2 1 1 12
2 12 0 0 1 0 760 1 12 12 1
2 13 0 0 1 0 760 1 1 1 12
2 14 0 0 1 0 760 1 12 12 1
2 15 0 0 1 0 760 1 1 1 12
2 16 1 0 0 0 760 3 2 2 1
2 17 1 0 0 0 760 2 11 11 2
2 18 1 0 0 0 760 3 14 14 11
2 19 1 1 0 0 738 1 11 11 14
2 20 0 0 1 0 760 1 14 14 11
2 21 0 0 0 1 596 2 14 14 14
2 22 1 0 0 0 760 3 12 12 14
2 23 1 0 0 0 760 3 4 4 12
2 24 1 0 0 0 760 3 8 8 4
2 25 1 0 0 0 760 3 9 9 8
3 1 1 0 0 0 760 3 11 11 9
3 2 1 0 0 0 760 2 15 15 11
3 3 0 0 1 0 760 1 11 11 15
3 4 1 0 0 0 760 3 5 5 11
3 5 1 0 0 0 760 2 7 7 5
3 6 0 0 1 0 760 1 5 5 7
3 7 1 0 0 0 760 2 2 2 5
3 8 1 0 0 0 760 3 15 15 2
3 9 0 0 0 1 575 3 11 11 15
3 10 0 0 0 1 624 2 8 8 11
3 11 0 0 1 0 760 1 11 11 8
3 12 1 0 0 0 760 3 6 6 11
3 13 1 1 0 0 497 1 11 11 6
3 14 1 1 0 0 645 1 6 6 11
3 15 1 1 0 0 733 1 11 11 6
3 16 1 1 0 0 510 1 6 6 11
3 17 1 1 0 0 553 1 11 11 6
3 18 1 0 0 0 760 3 7 7 11
3 19 1 0 0 0 760 2 2 2 7
3 20 1 0 0 0 760 2 2 2 2
3 21 1 0 0 0 760 3 3 3 2
3 22 1 1 0 0 753 1 2 2 3
3 23 1 1 0 0 608 1 3 3 2
3 24 1 0 0 0 760 2 7 7 3
3 25 0 0 1 0 760 1 3 3 7
