1 1 1 0 0 0 760 2 12 12 0
1 2 1 0 0 0 760 1 1 1 12
1 3 1 0 0 0 760 3 8 8 1
1 4 1 1 0 0 528 1 1 1 8
1 5 1 1 0 0 603 1 8 8 1
1 6 1 1 0 0 653 1 1 1 8
1 7 1 0 0 0 760 2 11 11 1
1 8 1 0 0 0 760 2 14 14 11
1 9 1 0 0 0 760 3 5 5 14
1 10 1 0 0 0 760 3 12 12 5
1 11 1 0 0 0 760 3 15 15 12
1 12 1 0 0 0 760 3 9 9 15
1 13 0 0 1 0 760 1 15 15 9
1 14 1 1 0 0 677 1 9 9 15
1 15 1 0 0 0 760 2 3 3 9
1 16 1 0 0 0 760 3 2 2 3
1 17 1 1 0 0 580 1 3 3 2
1 18 0 0 0 1 695 2 4 4 3
1 19 1 0 0 0 760 3 2 2 4
1 20 1 1 0 0 568 1 4 4 2
1 21 1 0 0 0 760 2 6 6 4
1 22 1 0 0 0 760 3 12 12 6
1 23 1 1 0 0 580 1 6 6 12
1 24 1 0 0 0 760 3 1 1 6
1 25 1 0 0 0 760 2 12 12 1
2 1 1 0 0 0 760 1 10 10 12
2 2 1 0 0 0 760 3 10 10 10
2 3 1 0 0 0 760 3 6 6 10
2 4 1 1 0 0 544 1 10 10 6
2 5 1 1 0 0 550 1 6 6 10
2 6 1 1 0 0 536 1 10 10 6
2 7 1 0 0 0 760 3 5 5 10
2 8 1 1 0 0 518 1 10 10 5
2 9 1 0 0 0 760 2 14 14 10
2 10 1 0 0 0 760 2 14 14 14
2 11 0 0 1 0 760 1 14 14 14
2 12 1 0 0 0 760 3 11 11 14
2 13 1 1 0 0 607 1 14 14 11
2 14 1 0 0 0 760 3 12 12 14
2 15 1 0 0 0 760 2 13 13 12
2 16 1 0 0 0 760 3 15 15 13
2 17 1 0 0 0 760 2 14 14 15
2 18 1 0 0 0 760 3 9 9 14
2 19 1 1 0 0 571 1 14 14 9
2 20 1 0 0 0 760 3 3 3 14
2 21 1 0 0 0 760 2 13 13 3
2 22 1 0 0 0 760 2 2 2 13
2 23 1 1 0 0 567 1 13 13 2
2 24 1 0 0 0 760 3 14 14 13
2 25 1 1 0 0 711 1 13 13 14
3 1 1 0 0 0 760 3 11 11 13
3 2 1 0 0 0 760 3 8 8 11
3 3 1 0 0 0 760 2 1 1 8
3 4 1 1 0 0 527 1 8 8 1
3 5 1 0 0 0 760 2 8 8 8
3 6 1 0 0 0 760 2 10 10 8
3 7 1 0 0 0 760 2 12 12 10
3 8 1 0 0 0 760 3 13 13 12
3 9 1 1 0 0 538 1 12 12 13
3 10 0 0 1 0 760 1 13 13 12
3 11 1 0 0 0 760 3 10 10 13
3 12 1 1 0 0 574 1 13 13 10
3 13 1 1 0 0 628 1 10 10 13
3 14 1 1 0 0 582 1 13 13 10
3 15 1 1 0 0 523 1 10 10 13
3 16 1 0 0 0 760 2 15 15 10
3 17 1 0 0 0 760 3 3 3 15
3 18 1 0 0 0 760 2 4 4 3
3 19 1 1 0 0 580 1 3 3 4
3 20 1 0 0 0 760 3 14 14 3
3 21 1 0 0 0 760 3 12 12 14
3 22 1 0 0 0 760 2 1 1 12
3 23 1 0 0 0 760 2 14 14 1
3 24 1 0 0 0 760 3 4 4 14
3 25 1 1 0 0 682 1 14 14 4
