1 1 1 0 0 0 760 3 10 10 0
1 2 1 0 0 0 760 3 11 11 10
1 3 1 0 0 0 760 3 5 5 11
1 4 1 0 0 0 760 2 7 7 5
1 5 1 1 0 0 531 1 5 5 7
1 6 1 0 0 0 760 2 3 3 5
1 7 1 0 0 0 760 3 4 4 3
1 8 1 0 0 0 760 2 7 7 4
1 9 1 0 0 0 760 2 13 13 7
1 10 1 0 0 0 760 3 8 8 13
1 11 1 0 0 0 760 3 3 3 8
1 12 1 0 0 0 760 2 9 9 3
1 13 1 0 0 0 760 2 12 12 9
1 14 1 1 0 0 616 1 9 9 12
1 15 1 0 0 0 760 3 6 6 9
1 16 1 0 0 0 760 2 5 5 6
1 17 0 0 1 0 760 1 6 6 5
1 18 0 0 1 0 760 1 5 5 6
1 19 1 0 0 0 760 2 7 7 5
1 20 1 0 0 0 760 2 4 4 7
1 21 1 0 0 0 760 2 5 5 4
1 22 1 0 0 0 760 3 8 8 5
1 23 1 0 0 0 760 3 12 12 8
1 24 0 0 0 1 566 3 12 12 12
1 25 1 0 0 0 760 3 1 1 12
2 1 0 0 0 1 134 1 7 7 1
2 2 1 0 0 0 760 1 2 2 7
2 3 1 0 0 0 760 3 12 12 2
2 4 1 0 0 0 760 2 9 9 12
2 5 1 0 0 0 760 3 11 11 9
2 6 1 1 0 0 549 1 9 9 11
2 7 1 0 0 0 760 2 13 13 9
2 8 1 0 0 0 760 3 8 8 13
2 9 1 0 0 0 760 3 8 8 8
2 10 1 0 0 0 760 2 1 1 8
2 11 1 0 0 0 760 3 9 9 1
2 12 1 0 0 0 760 3 13 13 9
2 13 1 1 0 0 632 1 9 9 13
2 14 0 0 1 0 760 1 13 13 9
2 15 1 0 0 0 760 2 1 1 13
2 16 1 1 0 0 565 1 13 13 1
2 17 1 0 0 0 760 3 11 11 13
2 18 1 1 0 0 563 1 13 13 11
2 19 1 1 0 0 591 1 11 11 13
2 20 1 0 0 0 760 3 3 3 11
2 21 1 0 0 0 760 2 12 12 3
2 22 1 0 0 0 760 3 6 6 12
2 23 1 0 0 0 760 2 5 5 6
2 24 1 0 0 0 760 2 1 1 5
2 25 1 1 0 0 540 1 5 5 1
3 1 1 0 0 0 760 1 13 13 5
3 2 1 0 0 0 760 1 12 12 13
3 3 1 0 0 0 760 3 3 3 12
3 4 0 0 1 0 760 1 12 12 3
3 5 0 0 0 1 581 3 12 12 12
3 6 1 0 0 0 760 2 15 15 12
3 7 1 0 0 0 760 3 15 15 15
3 8 1 0 0 0 760 3 2 2 15
3 9 1 0 0 0 760 3 3 3 2
3 10 1 0 0 0 760 2 13 13 3
3 11 1 0 0 0 760 2 9 9 13
3 12 1 0 0 0 760 2 12 12 9
3 13 1 0 0 0 760 2 5 5 12
3 14 0 0 1 0 760 1 12 12 5
3 15 1 0 0 0 760 3 13 13 12
3 16 0 0 1 0 760 1 12 12 13
3 17 1 0 0 0 760 2 11 11 12
3 18 0 0 1 0 760 1 12 12 11
3 19 1 0 0 0 760 2 1 1 12
3 20 0 0 1 0 760 1 12 12 1
3 21 1 0 0 0 760 3 5 5 12
3 22 1 0 0 0 760 2 14 14 5
3 23 1 0 0 0 760 2 8 8 14
3 24 1 1 0 0 497 1 14 14 8
3 25 1 0 0 0 760 3 2 2 14
