1 1 1 0 0 0 160 3 14 14 0
1 2 1 0 0 0 760 3 6 6 14
1 3 0 0 1 0 561 1 14 14 6
1 4 1 0 0 0 760 3 13 13 14
1 5 1 1 0 0 604 1 14 14 13
1 6 1 0 0 0 760 3 15 15 14
1 7 1 0 0 0 760 3 5 5 15
1 8 1 0 0 0 760 2 11 11 5
1 9 1 1 0 0 678 1 5 5 11
1 10 1 0 0 0 760 3 7 7 5
1 11 1 1 0 0 648 1 5 5 7
1 12 1 0 0 0 760 3 9 9 5
1 13 1 0 0 0 760 2 12 12 9
1 14 1 1 0 0 645 1 9 9 12
1 15 0 0 1 0 760 1 12 12 9
1 16 1 1 0 0 587 1 9 9 12
1 17 1 0 0 0 760 2 10 10 9
1 18 1 1 0 0 523 1 9 9 10
1 19 1 0 0 0 760 3 11 11 9
1 20 1 0 0 0 760 3 1 1 11
1 21 1 0 0 0 760 2 9 9 1
1 22 1 0 0 0 760 2 5 5 9
1 23 1 1 0 0 609 1 9 9 5
1 24 1 1 0 0 735 1 5 5 9
1 25 1 0 0 0 760 2 1 1 5
2 1 1 0 0 0 760 1 7 7 1
2 2 1 0 0 0 760 2 8 8 7
2 3 0 0 1 0 760 1 7 7 8
2 4 0 0 0 1 487 2 7 7 7
2 5 1 0 0 0 760 2 4 4 7
2 6 0 0 1 0 760 1 7 7 4
2 7 1 0 0 0 760 3 5 5 7
2 8 1 1 0 0 508 1 7 7 5
2 9 1 0 0 0 760 2 15 15 7
2 10 1 0 0 0 760 2 10 10 15
2 11 1 0 0 0 760 3 14 14 10
2 12 1 0 0 0 760 2 14 14 14
2 13 1 0 0 0 760 2 3 3 14
2 14 1 0 0 0 760 2 13 13 3
2 15 1 0 0 0 760 2 10 10 13
2 16 1 0 0 0 760 3 2 2 10
2 17 1 0 0 0 760 3 8 8 2
2 18 1 0 0 0 760 2 5 5 8
2 19 1 0 0 0 760 2 14 14 5
2 20 1 0 0 0 760 3 7 7 14
2 21 1 0 0 0 760 3 7 7 7
2 22 1 0 0 0 760 3 5 5 7
2 23 1 1 0 0 745 1 7 7 5
2 24 1 0 0 0 760 2 13 13 7
2 25 0 0 0 1 602 2 13 13 13
3 1 1 0 0 0 760 3 12 12 13
3 2 1 0 0 0 760 2 4 4 12
3 3 0 0 1 0 760 1 12 12 4
3 4 0 0 0 1 595 3 5 5 12
3 5 0 0 0 1 446 3 13 13 5
3 6 1 0 0 0 760 3 3 3 13
3 7 0 0 1 0 760 1 13 13 3
3 8 1 0 0 0 760 2 6 6 13
3 9 0 0 0 1 432 2 6 6 6
3 10 1 1 0 0 649 1 6 6 6
3 11 0 0 0 1 731 2 2 2 6
3 12 1 1 0 0 728 1 6 6 2
3 13 1 1 0 0 759 1 2 2 6
3 14 1 0 0 0 760 3 10 10 2
3 15 0 0 1 0 760 1 2 2 10
3 16 0 0 1 0 760 1 10 10 2
3 17 1 0 0 0 760 2 4 4 10
3 18 1 0 0 0 760 2 11 11 4
3 19 1 1 0 0 660 1 4 4 11
3 20 1 0 0 0 760 3 15 15 4
3 21 0 0 0 1 564 2 14 14 15
3 22 1 0 0 0 760 2 14 14 14
3 23 1 1 0 0 426 1 14 14 14
3 24 1 1 0 0 609 1 14 14 14
3 25 0 0 0 1 467 2 10 10 14
