1 1 1 0 0 0 760 1 1 1 0
1 2 1 0 0 0 760 1 2 2 1
1 3 0 0 1 0 612 1 1 1 2
1 4 1 0 0 0 760 2 9 9 1
1 5 1 0 0 0 760 3 10 10 9
1 6 1 0 0 0 760 2 7 7 10
1 7 1 1 0 0 556 1 10 10 7
1 8 1 0 0 0 760 3 13 13 10
1 9 1 1 0 0 554 1 10 10 13
1 10 0 0 0 1 569 2 7 7 10
1 11 0 0 0 1 592 3 15 15 7
1 12 0 0 0 1 537 2 13 13 15
1 13 0 0 0 1 506 2 3 3 13
1 14 0 0 0 1 649 3 4 4 3
1 15 0 0 0 1 656 3 4 4 4
1 16 0 0 0 1 643 2 5 5 4
1 17 0 0 0 1 612 3 15 15 5
1 18 0 0 0 1 629 2 4 4 15
1 19 0 0 0 1 646 3 9 9 4
1 20 0 0 0 1 565 3 3 3 9
1 21 1 0 0 0 760 2 13 13 3
1 22 1 1 0 0 664 1 3 3 13
1 23 1 0 0 0 760 2 2 2 3
1 24 1 0 0 0 760 3 15 15 2
1 25 1 0 0 0 760 3 4 4 15
2 1 1 0 0 0 760 3 3 3 4
2 2 1 0 0 0 760 3 9 9 3
2 3 1 0 0 0 760 3 13 13 9
2 4 1 0 0 0 760 2 6 6 13
2 5 1 0 0 0 760 2 5 5 6
2 6 1 0 0 0 760 3 14 14 5
2 7 1 0 0 0 760 3 9 9 14
2 8 1 1 0 0 593 1 14 14 9
2 9 1 0 0 0 760 3 5 5 14
2 10 1 0 0 0 760 2 4 4 5
2 11 0 0 1 0 760 1 5 5 4
2 12 1 0 0 0 760 3 8 8 5
2 13 1 0 0 0 760 2 2 2 8
2 14 1 0 0 0 760 3 2 2 2
2 15 1 1 0 0 575 1 2 2 2
2 16 1 0 0 0 760 2 10 10 2
2 17 1 0 0 0 760 2 7 7 10
2 18 1 1 0 0 569 1 10 10 7
2 19 1 1 0 0 722 1 7 7 10
2 20 0 0 0 1 704 2 2 2 7
2 21 1 1 0 0 602 1 7 7 2
2 22 1 1 0 0 552 1 2 2 7
2 23 1 1 0 0 445 1 7 7 2
2 24 0 0 0 1 452 3 13 13 7
2 25 1 1 0 0 555 1 7 7 13
3 1 1 0 0 0 760 2 10 10 7
3 2 1 0 0 0 760 1 11 11 10
3 3 0 0 0 1 636 2 6 6 11
3 4 1 0 0 0 760 2 13 13 6
3 5 1 0 0 0 760 2 12 12 13
3 6 1 0 0 0 760 3 1 1 12
3 7 1 0 0 0 760 2 11 11 1
3 8 0 0 1 0 760 1 1 1 11
3 9 0 0 0 1 680 3 8 8 1
3 10 0 0 0 1 504 3 3 3 8
3 11 1 0 0 0 760 3 4 4 3
3 12 0 0 1 0 760 1 3 3 4
3 13 1 0 0 0 760 3 9 9 3
3 14 1 0 0 0 760 3 1 1 9
3 15 1 0 0 0 760 2 6 6 1
3 16 1 1 0 0 645 1 1 1 6
3 17 1 1 0 0 615 1 6 6 1
3 18 1 0 0 0 760 3 3 3 6
3 19 1 0 0 0 760 2 4 4 3
3 20 1 0 0 0 760 2 5 5 4
3 21 0 0 0 1 691 2 5 5 5
3 22 0 0 0 1 650 3 8 8 5
3 23 1 0 0 0 760 3 10 10 8
3 24 1 0 0 0 760 2 14 14 10
3 25 1 0 0 0 760 3 11 11 14
