1 1 1 0 0 0 413 1 9 9 0
1 2 1 0 0 0 760 2 7 7 9
1 3 0 0 1 0 760 1 9 9 7
1 4 1 1 0 0 511 1 7 7 9
1 5 0 0 0 1 543 2 10 10 7
1 6 1 1 0 0 535 1 7 7 10
1 7 1 0 0 0 760 3 1 1 7
1 8 0 0 0 1 613 3 1 1 1
1 9 0 0 0 1 591 2 8 8 1
1 10 0 0 0 1 618 3 14 14 8
1 11 1 1 0 0 569 1 8 8 14
1 12 1 0 0 0 760 2 6 6 8
1 13 1 1 0 0 689 1 8 8 6
1 14 1 0 0 0 760 2 2 2 8
1 15 1 1 0 0 620 1 8 8 2
1 16 1 1 0 0 636 1 2 2 8
1 17 1 1 0 0 594 1 8 8 2
1 18 1 0 0 0 760 2 3 3 8
1 19 1 0 0 0 760 2 9 9 3
1 20 1 1 0 0 618 1 3 3 9
1 21 1 0 0 0 760 2 12 12 3
1 22 1 1 0 0 627 1 3 3 12
1 23 1 0 0 0 760 2 6 6 3
1 24 1 0 0 0 760 3 6 6 6
1 25 1 1 0 0 536 1 6 6 6
2 1 0 0 0 1 489 2 7 7 6
2 2 1 0 0 0 760 1 12 12 7
2 3 1 0 0 0 760 3 6 6 12
2 4 1 1 0 0 632 1 12 12 6
2 5 1 0 0 0 760 2 10 10 12
2 6 0 0 1 0 760 1 12 12 10
2 7 1 1 0 0 599 1 10 10 12
2 8 1 0 0 0 760 3 8 8 10
2 9 1 0 0 0 760 3 7 7 8
2 10 1 0 0 0 760 2 10 10 7
2 11 1 0 0 0 760 3 3 3 10
2 12 1 0 0 0 760 3 12 12 3
2 13 0 0 0 1 524 2 15 15 12
2 14 0 0 0 1 523 3 9 9 15
2 15 0 0 0 1 463 3 9 9 9
2 16 0 0 0 1 390 3 10 10 9
2 17 0 0 0 1 495 3 12 12 10
2 18 1 1 0 0 415 1 10 10 12
2 19 0 0 0 1 407 3 15 15 10
2 20 0 0 0 1 406 2 12 12 15
2 21 0 0 0 1 450 3 5 5 12
2 22 1 1 0 0 428 1 12 12 5
2 23 0 0 0 1 486 3 4 4 12
2 24 0 0 0 1 426 2 14 14 4
2 25 0 0 0 1 435 2 7 7 14
3 1 1 0 0 0 760 2 11 11 7
3 2 1 0 0 0 760 2 1 1 11
3 3 1 0 0 0 760 2 6 6 1
3 4 1 0 0 0 760 2 8 8 6
3 5 1 0 0 0 760 3 7 7 8
3 6 1 1 0 0 705 1 8 8 7
3 7 1 0 0 0 760 3 14 14 8
3 8 1 0 0 0 760 2 4 4 14
3 9 0 0 0 1 633 3 15 15 4
3 10 1 0 0 0 760 3 1 1 15
3 11 1 0 0 0 760 3 9 9 1
3 12 1 0 0 0 760 2 3 3 9
3 13 1 0 0 0 760 2 6 6 3
3 14 1 0 0 0 760 3 5 5 6
3 15 0 0 0 1 719 3 15 15 5
3 16 0 0 0 1 388 2 13 13 15
3 17 0 0 0 1 648 2 14 14 13
3 18 1 1 0 0 164 1 13 13 14
3 19 0 0 0 1 512 2 13 13 13
3 20 1 1 0 0 521 1 13 13 13
3 21 1 1 0 0 521 1 13 13 13
3 22 1 1 0 0 471 1 13 13 13
3 23 0 0 0 1 535 2 11 11 13
3 24 0 0 0 1 480 3 15 15 11
3 25 1 1 0 0 683 1 11 11 15
