1 1 1 0 0 0 760 3 12 12 0
1 2 1 0 0 0 760 3 4 4 12
1 3 0 0 1 0 760 1 12 12 4
1 4 1 0 0 0 707 3 12 12 12
1 5 1 0 0 0 760 3 7 7 12
1 6 1 1 0 0 484 1 12 12 7
1 7 1 0 0 0 760 3 14 14 12
1 8 1 1 0 0 503 1 12 12 14
1 9 1 1 0 0 546 1 14 14 12
1 10 1 0 0 0 760 3 11 11 14
1 11 0 0 0 1 514 3 1 1 11
1 12 0 0 0 1 588 3 7 7 1
1 13 0 0 0 1 420 3 15 15 7
1 14 1 1 0 0 423 1 7 7 15
1 15 0 0 0 1 480 3 3 3 7
1 16 1 1 0 0 388 1 7 7 3
1 17 0 0 0 1 644 3 10 10 7
1 18 1 1 0 0 530 1 7 7 10
1 19 1 1 0 0 454 1 10 10 7
1 20 0 0 0 1 556 3 9 9 10
1 21 0 0 0 1 521 3 6 6 9
1 22 1 1 0 0 573 1 9 9 6
1 23 1 1 0 0 522 1 6 6 9
1 24 1 0 0 0 760 3 2 2 6
1 25 0 0 0 1 338 2 12 12 2
2 1 0 0 0 1 498 2 14 14 12
2 2 1 0 0 0 760 2 13 13 14
2 3 1 1 0 0 555 1 14 14 13
2 4 1 1 0 0 561 1 13 13 14
2 5 1 0 0 0 760 3 6 6 13
2 6 1 0 0 0 760 2 3 3 6
2 7 1 0 0 0 760 2 8 8 3
2 8 1 0 0 0 760 2 9 9 8
2 9 0 0 1 0 760 1 8 8 9
2 10 1 0 0 0 760 3 4 4 8
2 11 1 0 0 0 760 2 10 10 4
2 12 1 0 0 0 760 3 13 13 10
2 13 1 1 0 0 757 1 10 10 13
2 14 1 0 0 0 760 3 11 11 10
2 15 1 0 0 0 760 2 14 14 11
2 16 0 0 1 0 760 1 11 11 14
2 17 1 1 0 0 472 1 14 14 11
2 18 1 0 0 0 760 2 10 10 14
2 19 1 1 0 0 627 1 14 14 10
2 20 0 0 0 1 544 2 11 11 14
2 21 0 0 0 1 726 2 12 12 11
2 22 1 1 0 0 327 1 11 11 12
2 23 1 1 0 0 434 1 12 12 11
2 24 1 1 0 0 476 1 11 11 12
2 25 0 0 0 1 430 2 5 5 11
3 1 1 0 0 0 760 2 9 9 5
3 2 1 0 0 0 760 1 11 11 9
3 3 0 0 0 1 723 3 6 6 11
3 4 0 0 0 1 520 3 10 10 6
3 5 1 1 0 0 755 1 6 6 10
3 6 0 0 0 1 447 3 2 2 6
3 7 1 1 0 0 463 1 6 6 2
3 8 0 0 0 1 540 2 10 10 6
3 9 1 1 0 0 483 1 6 6 10
3 10 1 1 0 0 432 1 10 10 6
3 11 0 0 0 1 418 2 10 10 10
3 12 0 0 1 0 760 1 10 10 10
3 13 0 0 0 1 735 3 8 8 10
3 14 1 0 0 0 760 3 6 6 8
3 15 1 1 0 0 590 1 8 8 6
3 16 0 0 1 0 760 1 6 6 8
3 17 1 1 0 0 528 1 8 8 6
3 18 1 0 0 0 760 2 11 11 8
3 19 0 0 0 1 571 2 15 15 11
3 20 0 0 0 1 587 2 9 9 15
3 21 1 0 0 0 760 2 12 12 9
3 22 1 0 0 0 760 3 14 14 12
3 23 0 0 1 0 760 1 12 12 14
3 24 0 0 0 1 545 2 1 1 12
3 25 0 0 0 1 444 2 13 13 1
