1 1 0 0 0 1 478 2 10 10 0
1 2 1 0 0 0 760 3 4 4 10
1 3 1 0 0 0 760 3 2 2 4
1 4 1 1 0 0 560 1 4 4 2
1 5 1 1 0 0 723 1 2 2 4
1 6 0 0 0 1 700 2 3 3 2
1 7 0 0 1 0 759 1 2 2 3
1 8 1 0 0 0 760 2 13 13 2
1 9 1 1 0 0 650 1 2 2 13
1 10 0 0 1 0 760 1 13 13 2
1 11 1 0 0 0 760 2 14 14 13
1 12 0 0 1 0 760 1 13 13 14
1 13 1 0 0 0 760 2 9 9 13
1 14 1 0 0 0 760 2 3 3 9
1 15 1 0 0 0 760 3 1 1 3
1 16 1 0 0 0 760 3 7 7 1
1 17 1 1 0 0 598 1 1 1 7
1 18 1 0 0 0 760 2 10 10 1
1 19 1 0 0 0 760 3 13 13 10
1 20 1 0 0 0 760 3 15 15 13
1 21 1 0 0 0 760 2 6 6 15
1 22 1 0 0 0 760 3 7 7 6
1 23 0 0 1 0 760 1 6 6 7
1 24 1 0 0 0 760 3 8 8 6
1 25 1 0 0 0 760 2 7 7 8
2 1 1 0 0 0 760 3 1 1 7
2 2 1 0 0 0 760 2 12 12 1
2 3 1 0 0 0 760 3 7 7 12
2 4 1 0 0 0 760 3 1 1 7
2 5 1 0 0 0 760 2 11 11 1
2 6 1 0 0 0 760 3 15 15 11
2 7 1 0 0 0 760 2 9 9 15
2 8 1 0 0 0 760 2 4 4 9
2 9 1 1 0 0 550 1 9 9 4
2 10 1 0 0 0 760 3 13 13 9
2 11 1 0 0 0 760 3 5 5 13
2 12 1 0 0 0 760 2 11 11 5
2 13 1 1 0 0 633 1 5 5 11
2 14 1 0 0 0 760 2 14 14 5
2 15 1 0 0 0 760 2 12 12 14
2 16 0 0 1 0 760 1 14 14 12
2 17 1 0 0 0 760 3 6 6 14
2 18 1 0 0 0 760 3 8 8 6
2 19 1 0 0 0 760 2 9 9 8
2 20 1 0 0 0 760 2 11 11 9
2 21 1 0 0 0 760 3 2 2 11
2 22 1 0 0 0 760 3 12 12 2
2 23 1 0 0 0 760 2 6 6 12
2 24 1 0 0 0 760 2 8 8 6
2 25 1 0 0 0 760 3 4 4 8
3 1 1 0 0 0 760 2 11 11 4
3 2 1 0 0 0 760 3 13 13 11
3 3 1 0 0 0 760 3 9 9 13
3 4 1 0 0 0 760 3 1 1 9
3 5 0 0 1 0 760 1 9 9 1
3 6 1 1 0 0 552 1 1 1 9
3 7 1 1 0 0 605 1 9 9 1
3 8 1 0 0 0 760 2 14 14 9
3 9 1 0 0 0 760 2 15 15 14
3 10 0 0 1 0 760 1 14 14 15
3 11 1 0 0 0 760 3 4 4 14
3 12 1 0 0 0 760 3 2 2 4
3 13 1 0 0 0 760 2 7 7 2
3 14 0 0 1 0 760 1 2 2 7
3 15 0 0 1 0 760 1 7 7 2
3 16 1 0 0 0 760 3 5 5 7
3 17 1 0 0 0 760 3 15 15 5
3 18 1 0 0 0 760 2 12 12 15
3 19 0 0 1 0 760 1 15 15 12
3 20 1 0 0 0 760 3 2 2 15
3 21 0 0 1 0 760 1 15 15 2
3 22 1 0 0 0 760 3 4 4 15
3 23 1 0 0 0 760 2 1 1 4
3 24 1 0 0 0 760 3 8 8 1
3 25 1 0 0 0 760 3 14 14 8
