1 1 1 0 0 0 760 1 13 13 0
1 2 1 0 0 0 760 2 5 5 13
1 3 1 1 0 0 555 1 13 13 5
1 4 0 0 1 0 760 1 5 5 13
1 5 0 0 1 0 760 1 13 13 5
1 6 1 1 0 0 708 1 5 5 13
1 7 0 0 1 0 760 1 13 13 5
1 8 1 1 0 0 733 1 5 5 13
1 9 0 0 1 0 760 1 13 13 5
1 10 0 0 0 1 697 2 2 2 13
1 11 0 0 1 0 760 1 13 13 2
1 12 0 0 1 0 760 1 2 2 13
1 13 0 0 0 1 635 3 2 2 2
1 14 1 0 0 0 760 2 14 14 2
1 15 1 0 0 0 760 2 14 14 14
1 16 1 0 0 0 760 2 15 15 14
1 17 0 0 1 0 760 1 14 14 15
1 18 1 0 0 0 760 3 13 13 14
1 19 1 0 0 0 760 3 2 2 13
1 20 1 0 0 0 760 2 5 5 2
1 21 1 0 0 0 760 2 9 9 5
1 22 1 0 0 0 760 3 8 8 9
1 23 1 0 0 0 760 3 4 4 8
1 24 1 0 0 0 760 3 9 9 4
1 25 1 0 0 0 760 3 13 13 9
2 1 1 0 0 0 760 1 15 15 13
2 2 1 0 0 0 760 1 6 6 15
2 3 1 0 0 0 760 2 6 6 6
2 4 1 0 0 0 760 3 1 1 6
2 5 0 0 1 0 760 1 6 6 1
2 6 1 0 0 0 760 3 8 8 6
2 7 1 0 0 0 760 2 2 2 8
2 8 1 0 0 0 760 3 6 6 2
2 9 1 0 0 0 760 3 10 10 6
2 10 1 0 0 0 760 2 10 10 10
2 11 0 0 1 0 760 1 10 10 10
2 12 1 0 0 0 760 2 6 6 10
2 13 1 0 0 0 760 3 12 12 6
2 14 1 0 0 0 760 2 8 8 12
2 15 1 0 0 0 760 2 7 7 8
2 16 1 0 0 0 760 3 10 10 7
2 17 1 0 0 0 760 3 8 8 10
2 18 1 1 0 0 480 1 10 10 8
2 19 1 0 0 0 760 3 4 4 10
2 20 1 0 0 0 760 3 3 3 4
2 21 1 1 0 0 697 1 4 4 3
2 22 1 0 0 0 760 2 13 13 4
2 23 1 0 0 0 760 2 10 10 13
2 24 0 0 1 0 760 1 13 13 10
2 25 1 0 0 0 760 3 7 7 13
3 1 1 0 0 0 760 2 4 4 7
3 2 1 0 0 0 760 2 12 12 4
3 3 1 0 0 0 760 3 10 10 12
3 4 1 0 0 0 760 2 6 6 10
3 5 1 0 0 0 760 2 6 6 6
3 6 1 1 0 0 508 1 6 6 6
3 7 0 0 1 0 760 1 6 6 6
3 8 1 0 0 0 760 3 5 5 6
3 9 1 0 0 0 760 2 3 3 5
3 10 0 0 0 1 633 2 3 3 3
3 11 1 0 0 0 760 2 8 8 3
3 12 1 0 0 0 760 2 7 7 8
3 13 1 0 0 0 760 2 4 4 7
3 14 1 1 0 0 533 1 7 7 4
3 15 1 0 0 0 760 2 6 6 7
3 16 1 1 0 0 718 1 7 7 6
3 17 1 1 0 0 575 1 6 6 7
3 18 1 1 0 0 560 1 7 7 6
3 19 1 1 0 0 535 1 6 6 7
3 20 1 1 0 0 562 1 7 7 6
3 21 1 0 0 0 760 3 12 12 7
3 22 1 0 0 0 760 3 4 4 12
3 23 1 0 0 0 760 2 3 3 4
3 24 1 1 0 0 664 1 4 4 3
3 25 1 0 0 0 760 3 8 8 4
