1 1 1 0 0 0 760 1 8 8 0
1 2 1 0 0 0 760 2 4 4 8
1 3 1 1 0 0 538 1 8 8 4
1 4 1 0 0 0 760 2 6 6 8
1 5 1 1 0 0 637 1 8 8 6
1 6 1 0 0 0 760 2 5 5 8
1 7 0 0 0 1 423 3 10 10 5
1 8 1 0 0 0 760 2 3 3 10
1 9 1 0 0 0 760 2 9 9 3
1 10 1 0 0 0 760 2 12 12 9
1 11 0 0 0 1 430 2 8 8 12
1 12 1 0 0 0 760 2 7 7 8
1 13 1 0 0 0 760 3 11 11 7
1 14 1 0 0 0 760 2 4 4 11
1 15 0 0 0 1 454 2 2 2 4
1 16 0 0 0 1 608 3 15 15 2
1 17 0 0 0 1 582 3 14 14 15
1 18 1 0 0 0 760 2 11 11 14
1 19 1 1 0 0 598 1 14 14 11
1 20 1 1 0 0 673 1 11 11 14
1 21 1 1 0 0 538 1 14 14 11
1 22 0 0 0 1 464 2 2 2 14
1 23 1 0 0 0 535 2 15 15 2
1 24 1 0 0 0 760 3 7 7 15
1 25 0 0 1 0 760 1 15 15 7
2 1 1 0 0 0 760 1 14 14 15
2 2 0 0 0 1 430 2 12 12 14
2 3 1 1 0 0 495 1 14 14 12
2 4 0 0 0 1 528 3 13 13 14
2 5 1 1 0 0 530 1 14 14 13
2 6 0 0 0 1 529 3 4 4 14
2 7 1 1 0 0 569 1 14 14 4
2 8 0 0 0 1 583 2 3 3 14
2 9 0 0 0 1 503 3 15 15 3
2 10 0 0 0 1 568 2 5 5 15
2 11 0 0 0 1 724 3 6 6 5
2 12 1 0 0 0 760 3 1 1 6
2 13 1 0 0 0 760 2 12 12 1
2 14 1 0 0 0 760 2 8 8 12
2 15 1 0 0 0 760 3 2 2 8
2 16 1 0 0 0 760 3 5 5 2
2 17 0 0 0 1 645 3 5 5 5
2 18 1 0 0 0 760 2 1 1 5
2 19 1 0 0 0 760 3 9 9 1
2 20 1 1 0 0 682 1 1 1 9
2 21 1 0 0 0 760 2 15 15 1
2 22 0 0 0 1 570 3 8 8 15
2 23 0 0 1 0 760 1 15 15 8
2 24 1 0 0 0 760 2 15 15 15
2 25 1 0 0 0 760 3 11 11 15
3 1 1 0 0 0 760 3 9 9 11
3 2 1 0 0 0 760 3 14 14 9
3 3 1 0 0 0 760 2 13 13 14
3 4 1 0 0 0 760 2 3 3 13
3 5 1 0 0 0 760 2 4 4 3
3 6 1 0 0 0 760 2 10 10 4
3 7 1 0 0 0 760 3 3 3 10
3 8 1 0 0 0 760 2 12 12 3
3 9 1 0 0 0 760 3 15 15 12
3 10 1 0 0 0 760 2 14 14 15
3 11 1 0 0 0 760 2 11 11 14
3 12 1 1 0 0 720 1 14 14 11
3 13 0 0 0 1 713 3 4 4 14
3 14 1 0 0 0 760 2 8 8 4
3 15 0 0 0 1 382 3 14 14 8
3 16 1 1 0 0 558 1 8 8 14
3 17 1 1 0 0 521 1 14 14 8
3 18 1 1 0 0 552 1 8 8 14
3 19 1 0 0 0 760 3 15 15 8
3 20 1 0 0 0 760 2 11 11 15
3 21 1 0 0 0 760 2 13 13 11
3 22 1 0 0 0 760 3 10 10 13
3 23 0 0 1 0 760 1 13 13 10
3 24 1 0 0 0 760 3 3 3 13
3 25 1 0 0 0 760 3 3 3 3
