1 1 1 0 0 0 760 2 5 5 0
1 2 1 0 0 0 760 3 2 2 5
1 3 1 1 0 0 584 1 5 5 2
1 4 1 0 0 0 760 2 11 11 5
1 5 1 1 0 0 557 1 5 5 11
1 6 1 1 0 0 555 1 11 11 5
1 7 1 0 0 0 760 3 14 14 11
1 8 1 1 0 0 518 1 11 11 14
1 9 1 1 0 0 582 1 14 14 11
1 10 1 0 0 0 760 2 13 13 14
1 11 1 0 0 0 760 3 8 8 13
1 12 0 0 1 0 760 1 13 13 8
1 13 1 0 0 0 760 2 4 4 13
1 14 1 0 0 0 760 2 7 7 4
1 15 1 0 0 0 760 3 13 13 7
1 16 1 0 0 0 760 3 6 6 13
1 17 1 0 0 0 760 2 4 4 6
1 18 1 1 0 0 711 1 6 6 4
1 19 1 0 0 0 760 2 12 12 6
1 20 1 0 0 0 760 2 11 11 12
1 21 1 1 0 0 595 1 12 12 11
1 22 1 1 0 0 654 1 11 11 12
1 23 1 1 0 0 646 1 12 12 11
1 24 1 1 0 0 687 1 11 11 12
1 25 1 0 0 0 760 3 5 5 11
2 1 1 0 0 0 760 1 12 12 5
2 2 1 0 0 0 760 3 1 1 12
2 3 1 0 0 0 760 2 11 11 1
2 4 0 0 1 0 760 1 1 1 11
2 5 1 0 0 0 760 2 15 15 1
2 6 1 0 0 0 760 2 9 9 15
2 7 1 0 0 0 760 2 10 10 9
2 8 1 0 0 0 760 3 3 3 10
2 9 1 1 0 0 642 1 10 10 3
2 10 1 0 0 0 760 2 9 9 10
2 11 1 1 0 0 674 1 10 10 9
2 12 1 0 0 0 760 2 13 13 10
2 13 1 0 0 0 760 2 4 4 13
2 14 1 0 0 0 760 3 4 4 4
2 15 1 0 0 0 760 2 9 9 4
2 16 0 0 1 0 760 1 4 4 9
2 17 1 1 0 0 710 1 9 9 4
2 18 1 0 0 0 760 3 5 5 9
2 19 1 0 0 0 760 3 7 7 5
2 20 1 0 0 0 760 2 4 4 7
2 21 0 0 1 0 760 1 7 7 4
2 22 1 0 0 0 760 2 9 9 7
2 23 1 0 0 0 760 3 11 11 9
2 24 1 0 0 0 760 2 15 15 11
2 25 1 0 0 0 760 3 9 9 15
3 1 1 0 0 0 760 1 13 13 9
3 2 1 0 0 0 760 2 6 6 13
3 3 1 0 0 0 760 2 4 4 6
3 4 1 1 0 0 611 1 6 6 4
3 5 0 0 1 0 760 1 4 4 6
3 6 1 0 0 0 760 2 5 5 4
3 7 1 0 0 0 760 2 2 2 5
3 8 1 0 0 0 760 2 14 14 2
3 9 1 0 0 0 760 2 14 14 14
3 10 1 1 0 0 554 1 14 14 14
3 11 1 0 0 0 760 2 11 11 14
3 12 1 1 0 0 547 1 14 14 11
3 13 1 0 0 0 760 3 6 6 14
3 14 1 1 0 0 550 1 14 14 6
3 15 0 0 1 0 760 1 6 6 14
3 16 1 0 0 0 760 3 3 3 6
3 17 1 0 0 0 760 2 4 4 3
3 18 1 0 0 0 760 3 9 9 4
3 19 0 0 1 0 760 1 4 4 9
3 20 1 1 0 0 575 1 9 9 4
3 21 1 0 0 0 760 3 12 12 9
3 22 1 0 0 0 760 3 2 2 12
3 23 1 0 0 0 760 2 8 8 2
3 24 1 0 0 0 760 3 11 11 8
3 25 1 1 0 0 624 1 8 8 11
