1 1 1 0 0 0 760 2 7 7 0
1 2 1 0 0 0 760 2 1 1 7
1 3 1 0 0 0 615 3 11 11 1
1 4 1 0 0 0 760 3 6 6 11
1 5 1 0 0 0 760 3 13 13 6
1 6 1 0 0 0 760 2 14 14 13
1 7 0 0 1 0 760 1 13 13 14
1 8 0 0 0 1 592 3 2 2 13
1 9 0 0 1 0 760 1 13 13 2
1 10 0 0 0 1 629 3 7 7 13
1 11 1 0 0 0 760 2 6 6 7
1 12 0 0 1 0 760 1 7 7 6
1 13 0 0 0 1 630 2 10 10 7
1 14 1 0 0 0 760 3 6 6 10
1 15 1 0 0 0 760 3 1 1 6
1 16 1 0 0 0 760 3 15 15 1
1 17 0 0 0 1 561 3 13 13 15
1 18 1 1 0 0 604 1 15 15 13
1 19 1 1 0 0 587 1 13 13 15
1 20 1 0 0 0 760 3 14 14 13
1 21 0 0 0 1 548 3 14 14 14
1 22 0 0 0 1 650 2 2 2 14
1 23 1 0 0 0 760 2 13 13 2
1 24 0 0 0 1 499 2 9 9 13
1 25 0 0 0 1 756 2 4 4 9
2 1 1 0 0 0 760 2 1 1 4
2 2 1 0 0 0 760 2 1 1 1
2 3 0 0 1 0 760 1 1 1 1
2 4 0 0 0 1 563 2 8 8 1
2 5 1 0 0 0 760 2 10 10 8
2 6 0 0 1 0 760 1 8 8 10
2 7 0 0 1 0 760 1 10 10 8
2 8 1 1 0 0 613 1 8 8 10
2 9 1 1 0 0 730 1 10 10 8
2 10 0 0 0 1 599 3 10 10 10
2 11 0 0 0 1 380 2 5 5 10
2 12 0 0 0 1 657 2 2 2 5
2 13 1 1 0 0 524 1 5 5 2
2 14 0 0 0 1 533 3 10 10 5
2 15 0 0 0 1 398 3 12 12 10
2 16 1 1 0 0 392 1 10 10 12
2 17 1 1 0 0 410 1 12 12 10
2 18 0 0 0 1 565 2 12 12 12
2 19 1 0 0 0 760 3 1 1 12
2 20 1 0 0 0 760 3 13 13 1
2 21 1 0 0 0 760 3 5 5 13
2 22 1 0 0 0 760 3 10 10 5
2 23 1 0 0 0 760 2 15 15 10
2 24 1 1 0 0 752 1 10 10 15
2 25 1 1 0 0 492 1 15 15 10
3 1 1 0 0 0 760 3 2 2 15
3 2 1 0 0 0 760 3 5 5 2
3 3 1 0 0 0 760 2 9 9 5
3 4 1 0 0 0 760 2 3 3 9
3 5 1 1 0 0 741 1 9 9 3
3 6 1 0 0 0 760 3 1 1 9
3 7 1 0 0 0 760 2 5 5 1
3 8 0 0 0 1 629 2 5 5 5
3 9 1 1 0 0 465 1 5 5 5
3 10 1 1 0 0 582 1 5 5 5
3 11 1 0 0 0 760 3 6 6 5
3 12 0 0 1 0 760 1 5 5 6
3 13 1 0 0 0 760 2 8 8 5
3 14 0 0 1 0 760 1 5 5 8
3 15 1 0 0 0 760 2 1 1 5
3 16 1 1 0 0 662 1 5 5 1
3 17 1 0 0 0 760 3 12 12 5
3 18 0 0 1 0 760 1 5 5 12
3 19 1 1 0 0 561 1 12 12 5
3 20 0 0 0 1 642 2 12 12 12
3 21 0 0 1 0 760 1 12 12 12
3 22 0 0 0 1 422 2 13 13 12
3 23 1 0 0 0 760 2 2 2 13
3 24 0 0 0 1 380 3 11 11 2
3 25 0 0 0 1 503 2 6 6 11
