1 1 1 0 0 0 760 2 14 14 0
1 2 1 0 0 0 753 3 6 6 14
1 3 0 0 1 0 760 1 14 14 6
1 4 0 0 1 0 760 1 6 6 14
1 5 1 1 0 0 631 1 14 14 6
1 6 1 0 0 0 760 2 11 11 14
1 7 1 1 0 0 463 1 14 14 11
1 8 0 0 0 1 460 3 3 3 14
1 9 0 0 0 1 478 2 11 11 3
1 10 0 0 0 1 519 3 11 11 11
1 11 1 0 0 0 760 2 8 8 11
1 12 0 0 0 1 397 2 6 6 8
1 13 0 0 0 1 498 3 15 15 6
1 14 0 0 0 1 563 3 14 14 15
1 15 1 0 0 0 760 3 9 9 14
1 16 0 0 1 0 760 1 14 14 9
1 17 1 0 0 0 760 3 13 13 14
1 18 1 0 0 0 760 2 8 8 13
1 19 1 0 0 0 760 2 10 10 8
1 20 0 0 0 1 572 3 6 6 10
1 21 1 1 0 0 605 1 10 10 6
1 22 0 0 0 1 647 3 14 14 10
1 23 1 1 0 0 503 1 10 10 14
1 24 1 0 0 0 760 3 13 13 10
1 25 1 1 0 0 597 1 10 10 13
2 1 1 0 0 0 760 3 11 11 10
2 2 0 0 0 1 445 1 2 2 11
2 3 1 0 0 0 760 3 3 3 2
2 4 1 1 0 0 565 1 2 2 3
2 5 1 0 0 0 760 2 14 14 2
2 6 1 0 0 0 760 3 11 11 14
2 7 1 1 0 0 520 1 14 14 11
2 8 1 0 0 0 760 3 2 2 14
2 9 0 0 1 0 760 1 14 14 2
2 10 1 1 0 0 556 1 2 2 14
2 11 0 0 1 0 760 1 14 14 2
2 12 1 0 0 0 760 2 3 3 14
2 13 1 1 0 0 314 1 14 14 3
2 14 1 0 0 0 760 3 5 5 14
2 15 1 0 0 0 760 2 15 15 5
2 16 1 0 0 0 760 2 8 8 15
2 17 0 0 1 0 760 1 15 15 8
2 18 1 1 0 0 545 1 8 8 15
2 19 1 0 0 0 760 2 4 4 8
2 20 1 1 0 0 745 1 8 8 4
2 21 0 0 1 0 760 1 4 4 8
2 22 1 1 0 0 512 1 8 8 4
2 23 1 1 0 0 285 1 4 4 8
2 24 0 0 0 1 468 2 7 7 4
2 25 0 0 1 0 760 1 4 4 7
3 1 1 0 0 0 760 3 1 1 4
3 2 1 0 0 0 760 1 9 9 1
3 3 0 0 1 0 760 1 1 1 9
3 4 1 0 0 0 760 2 10 10 1
3 5 0 0 1 0 760 1 1 1 10
3 6 1 0 0 0 760 2 8 8 1
3 7 1 0 0 0 760 3 4 4 8
3 8 1 0 0 0 760 2 6 6 4
3 9 1 0 0 0 760 2 15 15 6
3 10 1 0 0 0 760 3 12 12 15
3 11 0 0 1 0 760 1 15 15 12
3 12 0 0 1 0 760 1 12 12 15
3 13 0 0 1 0 760 1 15 15 12
3 14 1 0 0 0 760 3 11 11 15
3 15 1 0 0 0 760 2 3 3 11
3 16 1 0 0 0 760 2 7 7 3
3 17 0 0 1 0 760 1 3 3 7
3 18 1 0 0 0 760 3 6 6 3
3 19 0 0 0 1 685 3 10 10 6
3 20 1 1 0 0 534 1 6 6 10
3 21 0 0 0 1 569 2 7 7 6
3 22 0 0 0 1 567 2 10 10 7
3 23 0 0 0 1 695 2 10 10 10
3 24 0 0 0 1 579 3 12 12 10
3 25 1 0 0 0 760 2 1 1 12
