1 1 1 0 0 0 422 3 15 15 0
1 2 1 0 0 0 760 3 15 15 15
1 3 1 0 0 0 760 3 8 8 15
1 4 1 0 0 0 760 2 14 14 8
1 5 1 0 0 0 760 3 11 11 14
1 6 1 0 0 0 760 3 1 1 11
1 7 1 0 0 0 760 2 2 2 1
1 8 0 0 1 0 760 1 1 1 2
1 9 1 0 0 0 760 3 3 3 1
1 10 0 0 0 1 705 2 13 13 3
1 11 1 1 0 0 550 1 3 3 13
1 12 1 1 0 0 551 1 13 13 3
1 13 0 0 0 1 684 2 5 5 13
1 14 0 0 0 1 561 3 15 15 5
1 15 0 0 0 1 620 3 13 13 15
1 16 1 0 0 0 760 3 14 14 13
1 17 0 0 1 0 760 1 13 13 14
1 18 1 0 0 0 760 2 6 6 13
1 19 1 0 0 0 760 2 15 15 6
1 20 0 0 1 0 760 1 6 6 15
1 21 1 0 0 0 760 3 12 12 6
1 22 1 0 0 0 760 2 14 14 12
1 23 1 0 0 0 760 2 6 6 14
1 24 0 0 1 0 760 1 14 14 6
1 25 1 0 0 0 760 3 8 8 14
2 1 0 0 0 1 531 3 3 3 8
2 2 1 0 0 0 760 1 7 7 3
2 3 1 0 0 0 760 2 8 8 7
2 4 1 0 0 0 760 2 8 8 8
2 5 1 1 0 0 650 1 8 8 8
2 6 0 0 0 1 578 2 7 7 8
2 7 0 0 0 1 629 2 14 14 7
2 8 1 0 0 0 760 2 12 12 14
2 9 0 0 0 1 476 3 1 1 12
2 10 1 1 0 0 430 1 12 12 1
2 11 0 0 0 1 462 2 8 8 12
2 12 1 1 0 0 555 1 12 12 8
2 13 1 1 0 0 553 1 8 8 12
2 14 0 0 1 0 760 1 12 12 8
2 15 0 0 1 0 760 1 8 8 12
2 16 1 0 0 0 760 3 5 5 8
2 17 1 0 0 0 760 2 2 2 5
2 18 0 0 1 0 760 1 5 5 2
2 19 1 1 0 0 631 1 2 2 5
2 20 1 1 0 0 560 1 5 5 2
2 21 1 1 0 0 494 1 2 2 5
2 22 1 0 0 0 760 2 14 14 2
2 23 1 1 0 0 594 1 2 2 14
2 24 0 0 0 1 733 2 2 2 2
2 25 1 0 0 0 760 3 15 15 2
3 1 0 0 0 1 413 3 13 13 15
3 2 1 0 0 0 760 2 12 12 13
3 3 1 0 0 0 760 2 8 8 12
3 4 1 1 0 0 717 1 12 12 8
3 5 1 1 0 0 626 1 8 8 12
3 6 1 1 0 0 602 1 12 12 8
3 7 1 0 0 0 760 2 6 6 12
3 8 1 0 0 0 760 3 11 11 6
3 9 1 1 0 0 683 1 6 6 11
3 10 1 0 0 0 760 3 6 6 6
3 11 1 1 0 0 571 1 6 6 6
3 12 1 0 0 0 760 3 10 10 6
3 13 1 0 0 0 760 3 9 9 10
3 14 1 0 0 0 760 3 7 7 9
3 15 1 0 0 0 760 3 5 5 7
3 16 1 0 0 0 760 3 3 3 5
3 17 0 0 0 1 502 2 12 12 3
3 18 0 0 0 1 354 3 1 1 12
3 19 0 0 0 1 550 2 11 11 1
3 20 0 0 0 1 511 2 3 3 11
3 21 0 0 1 0 760 1 11 11 3
3 22 0 0 0 1 498 2 7 7 11
3 23 1 1 0 0 410 1 11 11 7
3 24 1 0 0 0 760 2 14 14 11
3 25 1 1 0 0 376 1 11 11 14
