1 1 1 0 0 0 760 1 15 15 0
1 2 1 0 0 0 760 1 14 14 15
1 3 0 0 0 1 366 2 12 12 14
1 4 1 1 0 0 411 1 14 14 12
1 5 1 0 0 0 760 2 5 5 14
1 6 1 0 0 0 760 2 15 15 5
1 7 0 0 0 1 453 3 6 6 15
1 8 1 1 0 0 503 1 15 15 6
1 9 1 1 0 0 494 1 6 6 15
1 10 1 1 0 0 603 1 15 15 6
1 11 1 1 0 0 569 1 6 6 15
1 12 1 0 0 0 760 2 11 11 6
1 13 1 0 0 0 760 2 9 9 11
1 14 1 1 0 0 588 1 11 11 9
1 15 1 1 0 0 552 1 9 9 11
1 16 0 0 0 1 538 3 2 2 9
1 17 1 0 0 0 760 3 1 1 2
1 18 1 1 0 0 585 1 2 2 1
1 19 0 0 0 1 588 3 2 2 2
1 20 0 0 1 0 760 1 2 2 2
1 21 0 0 0 1 488 3 15 15 2
1 22 1 0 0 0 760 2 10 10 15
1 23 0 0 0 1 660 2 9 9 10
1 24 1 0 0 0 760 3 12 12 9
1 25 1 1 0 0 587 1 9 9 12
2 1 0 0 0 1 423 3 2 2 9
2 2 0 0 0 1 594 1 10 10 2
2 3 1 1 0 0 568 1 2 2 10
2 4 0 0 0 1 625 3 3 3 2
2 5 0 0 0 1 567 3 3 3 3
2 6 0 0 0 1 468 2 15 15 3
2 7 1 1 0 0 510 1 3 3 15
2 8 0 0 0 1 525 3 6 6 3
2 9 0 0 0 1 418 3 7 7 6
2 10 1 1 0 0 524 1 6 6 7
2 11 0 0 0 1 499 2 15 15 6
2 12 0 0 0 1 483 3 1 1 15
2 13 0 0 0 1 484 3 7 7 1
2 14 0 0 0 1 527 3 10 10 7
2 15 0 0 0 1 510 2 12 12 10
2 16 0 0 0 1 469 3 13 13 12
2 17 0 0 1 0 760 1 12 12 13
2 18 1 1 0 0 567 1 13 13 12
2 19 1 0 0 0 760 3 9 9 13
2 20 0 0 0 1 563 2 1 1 9
2 21 1 0 0 0 760 3 12 12 1
2 22 0 0 1 0 760 1 1 1 12
2 23 1 1 0 0 492 1 12 12 1
2 24 1 0 0 0 760 2 15 15 12
2 25 1 1 0 0 547 1 12 12 15
3 1 1 0 0 0 760 2 6 6 12
3 2 1 0 0 0 760 3 6 6 6
3 3 1 0 0 0 760 2 7 7 6
3 4 0 0 0 1 567 3 15 15 7
3 5 0 0 1 0 760 1 7 7 15
3 6 0 0 1 0 760 1 15 15 7
3 7 1 0 0 0 760 3 8 8 15
3 8 1 0 0 0 760 3 1 1 8
3 9 0 0 1 0 760 1 8 8 1
3 10 0 0 1 0 760 1 1 1 8
3 11 1 0 0 0 760 2 2 2 1
3 12 1 1 0 0 735 1 1 1 2
3 13 1 0 0 0 760 3 14 14 1
3 14 1 1 0 0 655 1 1 1 14
3 15 1 1 0 0 663 1 14 14 1
3 16 0 0 0 1 660 3 10 10 14
3 17 1 1 0 0 562 1 14 14 10
3 18 1 1 0 0 486 1 10 10 14
3 19 0 0 0 1 470 2 8 8 10
3 20 1 1 0 0 634 1 10 10 8
3 21 0 0 0 1 366 3 5 5 10
3 22 0 0 0 1 584 2 12 12 5
3 23 1 0 0 0 760 3 7 7 12
3 24 0 0 1 0 760 1 12 12 7
3 25 1 0 0 0 760 2 4 4 12
