1 1 1 0 0 0 216 1 14 14 0
1 2 1 0 0 0 760 3 13 13 14
1 3 1 0 0 0 760 3 12 12 13
1 4 1 0 0 0 760 2 10 10 12
1 5 1 0 0 0 760 2 14 14 10
1 6 0 0 1 0 567 1 10 10 14
1 7 1 0 0 0 760 3 13 13 10
1 8 1 0 0 0 760 2 7 7 13
1 9 1 0 0 0 760 2 5 5 7
1 10 1 0 0 0 760 2 10 10 5
1 11 1 0 0 0 760 3 6 6 10
1 12 1 0 0 0 760 2 5 5 6
1 13 1 1 0 0 622 1 6 6 5
1 14 1 1 0 0 655 1 5 5 6
1 15 1 0 0 0 760 2 14 14 5
1 16 1 1 0 0 619 1 5 5 14
1 17 1 0 0 0 760 3 1 1 5
1 18 1 0 0 0 760 3 1 1 1
1 19 1 1 0 0 547 1 1 1 1
1 20 1 0 0 0 760 3 2 2 1
1 21 1 0 0 0 760 2 13 13 2
1 22 1 1 0 0 627 1 2 2 13
1 23 1 0 0 0 760 3 9 9 2
1 24 1 0 0 0 760 2 7 7 9
1 25 1 0 0 0 760 2 13 13 7
2 1 1 0 0 0 760 1 1 1 13
2 2 1 0 0 0 760 3 3 3 1
2 3 1 0 0 0 760 3 15 15 3
2 4 1 0 0 0 760 2 10 10 15
2 5 1 0 0 0 760 3 5 5 10
2 6 1 0 0 0 760 3 3 3 5
2 7 1 0 0 0 760 2 2 2 3
2 8 1 0 0 0 760 3 11 11 2
2 9 1 0 0 0 760 2 13 13 11
2 10 0 0 1 0 760 1 11 11 13
2 11 1 1 0 0 551 1 13 13 11
2 12 1 0 0 0 760 2 8 8 13
2 13 1 0 0 0 760 2 7 7 8
2 14 1 0 0 0 760 2 2 2 7
2 15 0 0 1 0 760 1 7 7 2
2 16 1 0 0 0 760 2 14 14 7
2 17 1 1 0 0 463 1 7 7 14
2 18 1 0 0 0 760 3 2 2 7
2 19 1 1 0 0 508 1 7 7 2
2 20 1 0 0 0 760 3 12 12 7
2 21 1 0 0 0 760 3 1 1 12
2 22 1 0 0 0 760 3 6 6 1
2 23 1 0 0 0 760 2 2 2 6
2 24 1 0 0 0 760 2 1 1 2
2 25 1 0 0 0 760 3 9 9 1
3 1 1 0 0 0 760 3 13 13 9
3 2 1 0 0 0 760 2 15 15 13
3 3 1 1 0 0 606 1 13 13 15
3 4 1 1 0 0 480 1 15 15 13
3 5 1 1 0 0 495 1 13 13 15
3 6 1 0 0 0 760 2 12 12 13
3 7 1 0 0 0 760 3 12 12 12
3 8 1 0 0 0 760 2 11 11 12
3 9 1 1 0 0 589 1 12 12 11
3 10 1 0 0 0 760 3 6 6 12
3 11 1 0 0 0 760 3 11 11 6
3 12 1 0 0 0 760 3 15 15 11
3 13 1 0 0 0 760 2 12 12 15
3 14 1 0 0 0 760 2 3 3 12
3 15 1 0 0 0 760 3 9 9 3
3 16 0 0 1 0 760 1 3 3 9
3 17 1 0 0 0 760 2 1 1 3
3 18 1 0 0 0 760 2 12 12 1
3 19 1 0 0 0 760 3 3 3 12
3 20 1 0 0 0 760 3 3 3 3
3 21 1 0 0 0 760 2 6 6 3
3 22 1 0 0 0 760 3 15 15 6
3 23 1 0 0 0 760 2 11 11 15
3 24 1 0 0 0 760 3 1 1 11
3 25 1 0 0 0 760 2 6 6 1
