1 1 1 0 0 0 238 2 1 1 0
1 2 1 0 0 0 760 2 7 7 1
1 3 1 1 0 0 514 1 1 1 7
1 4 1 0 0 0 760 3 3 3 1
1 5 0 0 1 0 760 1 1 1 3
1 6 1 1 0 0 705 1 3 3 1
1 7 1 0 0 0 760 2 9 9 3
1 8 1 0 0 0 760 2 2 2 9
1 9 1 1 0 0 621 1 9 9 2
1 10 1 0 0 0 760 3 12 12 9
1 11 1 0 0 0 760 3 11 11 12
1 12 1 0 0 0 760 3 11 11 11
1 13 1 1 0 0 495 1 11 11 11
1 14 1 0 0 0 760 3 15 15 11
1 15 1 1 0 0 542 1 11 11 15
1 16 1 0 0 0 760 2 14 14 11
1 17 1 0 0 0 760 2 6 6 14
1 18 1 0 0 0 760 2 7 7 6
1 19 1 1 0 0 529 1 6 6 7
1 20 1 1 0 0 675 1 7 7 6
1 21 1 0 0 0 760 3 4 4 7
1 22 1 0 0 0 760 2 5 5 4
1 23 1 1 0 0 542 1 4 4 5
1 24 1 0 0 0 760 2 6 6 4
1 25 1 1 0 0 520 1 4 4 6
2 1 1 0 0 0 760 1 1 1 4
2 2 1 0 0 0 760 2 8 8 1
2 3 1 0 0 0 760 3 6 6 8
2 4 1 1 0 0 633 1 8 8 6
2 5 1 0 0 0 760 3 7 7 8
2 6 1 1 0 0 577 1 8 8 7
2 7 1 0 0 0 760 2 1 1 8
2 8 1 1 0 0 449 1 8 8 1
2 9 1 0 0 0 760 2 6 6 8
2 10 1 0 0 0 760 2 10 10 6
2 11 1 0 0 0 760 3 10 10 10
2 12 1 0 0 0 760 3 6 6 10
2 13 1 0 0 0 760 2 12 12 6
2 14 1 0 0 0 760 3 12 12 12
2 15 1 0 0 0 760 3 13 13 12
2 16 1 1 0 0 588 1 12 12 13
2 17 1 0 0 0 760 2 15 15 12
2 18 1 0 0 0 760 3 5 5 15
2 19 1 0 0 0 760 2 13 13 5
2 20 1 0 0 0 760 3 3 3 13
2 21 0 0 1 0 760 1 13 13 3
2 22 0 0 1 0 760 1 3 3 13
2 23 1 0 0 0 760 2 5 5 3
2 24 1 0 0 0 760 3 2 2 5
2 25 0 0 1 0 760 1 5 5 2
3 1 1 0 0 0 760 1 1 1 5
3 2 0 0 0 1 597 2 1 1 1
3 3 1 0 0 0 760 3 13 13 1
3 4 1 0 0 0 760 2 2 2 13
3 5 0 0 1 0 760 1 13 13 2
3 6 1 0 0 0 760 3 5 5 13
3 7 1 0 0 0 760 2 5 5 5
3 8 1 0 0 0 760 3 6 6 5
3 9 1 0 0 0 760 3 10 10 6
3 10 1 0 0 0 760 3 9 9 10
3 11 0 0 1 0 760 1 10 10 9
3 12 1 0 0 0 760 3 7 7 10
3 13 1 0 0 0 760 3 8 8 7
3 14 1 1 0 0 588 1 7 7 8
3 15 1 0 0 0 760 3 1 1 7
3 16 1 0 0 0 760 3 15 15 1
3 17 1 1 0 0 609 1 1 1 15
3 18 1 0 0 0 760 2 3 3 1
3 19 1 0 0 0 760 2 10 10 3
3 20 1 1 0 0 692 1 3 3 10
3 21 1 0 0 0 760 2 12 12 3
3 22 1 0 0 0 760 2 10 10 12
3 23 0 0 1 0 760 1 12 12 10
3 24 1 0 0 0 760 2 9 9 12
3 25 0 0 0 1 443 2 11 11 9
