1 1 1 0 0 0 760 3 11 11 0
1 2 1 0 0 0 760 1 6 6 11
1 3 1 1 0 0 542 1 11 11 6
1 4 1 0 0 0 760 3 14 14 11
1 5 1 0 0 0 760 2 13 13 14
1 6 1 0 0 0 760 2 6 6 13
1 7 0 0 0 1 647 2 14 14 6
1 8 0 0 1 0 760 1 6 6 14
1 9 1 1 0 0 724 1 14 14 6
1 10 0 0 1 0 760 1 6 6 14
1 11 1 0 0 0 760 3 5 5 6
1 12 1 0 0 0 760 2 4 4 5
1 13 0 0 1 0 760 1 5 5 4
1 14 1 0 0 0 760 2 9 9 5
1 15 0 0 1 0 760 1 5 5 9
1 16 1 0 0 0 760 3 13 13 5
1 17 0 0 1 0 760 1 5 5 13
1 18 0 0 1 0 760 1 13 13 5
1 19 1 0 0 0 760 2 4 4 13
1 20 1 0 0 0 760 3 2 2 4
1 21 1 0 0 0 760 2 3 3 2
1 22 1 0 0 0 760 2 1 1 3
1 23 1 1 0 0 633 1 3 3 1
1 24 1 1 0 0 738 1 1 1 3
1 25 1 0 0 0 760 3 11 11 1
2 1 1 0 0 0 760 2 12 12 11
2 2 1 0 0 0 760 3 2 2 12
2 3 1 0 0 0 760 3 6 6 2
2 4 1 0 0 0 760 3 15 15 6
2 5 0 0 1 0 760 1 6 6 15
2 6 0 0 1 0 760 1 15 15 6
2 7 0 0 1 0 760 1 6 6 15
2 8 1 0 0 0 760 2 11 11 6
2 9 1 0 0 0 760 2 12 12 11
2 10 1 0 0 0 760 2 8 8 12
2 11 1 0 0 0 760 2 3 3 8
2 12 1 0 0 0 760 3 14 14 3
2 13 1 0 0 0 760 2 13 13 14
2 14 1 0 0 0 760 2 11 11 13
2 15 1 0 0 0 760 2 2 2 11
2 16 1 0 0 0 760 2 8 8 2
2 17 1 0 0 0 760 3 7 7 8
2 18 0 0 1 0 760 1 8 8 7
2 19 1 0 0 0 760 2 5 5 8
2 20 1 0 0 0 760 3 15 15 5
2 21 1 0 0 0 760 2 14 14 15
2 22 0 0 1 0 760 1 15 15 14
2 23 0 0 1 0 760 1 14 14 15
2 24 0 0 1 0 760 1 15 15 14
2 25 0 0 1 0 760 1 14 14 15
3 1 1 0 0 0 760 1 3 3 14
3 2 1 0 0 0 760 2 6 6 3
3 3 1 0 0 0 760 3 6 6 6
3 4 1 1 0 0 636 1 6 6 6
3 5 1 0 0 0 760 3 2 2 6
3 6 1 0 0 0 760 3 11 11 2
3 7 1 0 0 0 760 3 11 11 11
3 8 1 0 0 0 760 3 6 6 11
3 9 1 0 0 0 760 2 9 9 6
3 10 1 0 0 0 760 2 14 14 9
3 11 1 0 0 0 760 2 3 3 14
3 12 1 0 0 0 760 2 4 4 3
3 13 1 0 0 0 760 3 1 1 4
3 14 1 0 0 0 760 3 15 15 1
3 15 1 0 0 0 760 3 8 8 15
3 16 0 0 1 0 760 1 15 15 8
3 17 1 0 0 0 760 2 2 2 15
3 18 1 0 0 0 760 3 14 14 2
3 19 1 0 0 0 760 3 4 4 14
3 20 1 0 0 0 760 2 8 8 4
3 21 0 0 1 0 760 1 4 4 8
3 22 1 0 0 0 760 3 1 1 4
3 23 1 0 0 0 760 2 10 10 1
3 24 0 0 0 1 174 2 14 14 10
3 25 1 0 0 0 760 3 2 2 14
