1 1 1 0 0 0 760 1 8 8 0
1 2 1 0 0 0 760 1 8 8 8
1 3 1 0 0 0 760 2 2 2 8
1 4 1 0 0 0 760 2 1 1 2
1 5 1 0 0 0 760 3 10 10 1
1 6 1 0 0 0 760 2 14 14 10
1 7 1 0 0 0 760 3 4 4 14
1 8 0 0 1 0 760 1 14 14 4
1 9 1 0 0 0 760 2 6 6 14
1 10 1 0 0 0 760 3 7 7 6
1 11 1 0 0 0 760 3 13 13 7
1 12 1 0 0 0 760 2 3 3 13
1 13 0 0 1 0 760 1 13 13 3
1 14 0 0 1 0 760 1 3 3 13
1 15 1 0 0 0 760 3 12 12 3
1 16 0 0 1 0 760 1 3 3 12
1 17 0 0 0 1 669 2 11 11 3
1 18 1 0 0 0 760 2 15 15 11
1 19 0 0 0 1 675 3 3 3 15
1 20 1 0 0 0 760 3 1 1 3
1 21 1 0 0 0 760 3 15 15 1
1 22 0 0 0 1 722 3 14 14 15
1 23 1 0 0 0 760 3 11 11 14
1 24 1 0 0 0 760 3 7 7 11
1 25 0 0 1 0 760 1 11 11 7
2 1 1 0 0 0 760 2 4 4 11
2 2 1 0 0 0 760 2 8 8 4
2 3 1 1 0 0 663 1 4 4 8
2 4 0 0 1 0 760 1 8 8 4
2 5 1 0 0 0 760 2 11 11 8
2 6 1 0 0 0 760 3 10 10 11
2 7 0 0 0 1 708 2 10 10 10
2 8 1 0 0 0 760 3 5 5 10
2 9 1 0 0 0 760 2 4 4 5
2 10 1 1 0 0 673 1 5 5 4
2 11 1 0 0 0 760 2 7 7 5
2 12 1 0 0 0 760 2 11 11 7
2 13 1 0 0 0 760 2 11 11 11
2 14 1 1 0 0 650 1 11 11 11
2 15 1 0 0 0 760 2 12 12 11
2 16 1 0 0 0 760 3 3 3 12
2 17 1 0 0 0 760 2 9 9 3
2 18 1 0 0 0 760 2 7 7 9
2 19 1 0 0 0 760 3 1 1 7
2 20 1 0 0 0 760 3 3 3 1
2 21 1 1 0 0 682 1 1 1 3
2 22 1 0 0 0 760 3 2 2 1
2 23 1 0 0 0 760 3 11 11 2
2 24 0 0 0 1 613 2 11 11 11
2 25 1 0 0 0 760 2 1 1 11
3 1 1 0 0 0 760 3 14 14 1
3 2 1 0 0 0 760 1 12 12 14
3 3 1 0 0 0 760 2 12 12 12
3 4 1 0 0 0 760 3 2 2 12
3 5 1 0 0 0 760 2 2 2 2
3 6 1 0 0 0 760 3 4 4 2
3 7 1 0 0 0 760 3 4 4 4
3 8 1 0 0 0 760 3 10 10 4
3 9 1 1 0 0 575 1 4 4 10
3 10 1 0 0 0 760 3 3 3 4
3 11 1 0 0 0 760 2 12 12 3
3 12 1 0 0 0 760 2 1 1 12
3 13 1 0 0 0 760 3 1 1 1
3 14 1 0 0 0 760 2 8 8 1
3 15 1 0 0 0 760 3 5 5 8
3 16 1 1 0 0 733 1 8 8 5
3 17 1 0 0 0 760 2 14 14 8
3 18 1 0 0 0 760 3 3 3 14
3 19 1 0 0 0 760 3 11 11 3
3 20 1 0 0 0 760 2 1 1 11
3 21 1 0 0 0 760 3 13 13 1
3 22 1 0 0 0 760 2 10 10 13
3 23 1 0 0 0 760 3 8 8 10
3 24 1 1 0 0 588 1 10 10 8
3 25 0 0 1 0 760 1 8 8 10
