1 1 1 0 0 0 760 1 8 8 0
1 2 1 0 0 0 760 3 11 11 8
1 3 1 1 0 0 755 1 8 8 11
1 4 1 1 0 0 646 1 11 11 8
1 5 1 1 0 0 638 1 8 8 11
1 6 1 0 0 0 760 2 6 6 8
1 7 1 0 0 0 760 3 13 13 6
1 8 1 0 0 0 760 3 5 5 13
1 9 1 1 0 0 683 1 13 13 5
1 10 1 0 0 0 760 2 14 14 13
1 11 1 0 0 0 760 2 12 12 14
1 12 1 0 0 0 760 3 5 5 12
1 13 1 0 0 0 760 3 5 5 5
1 14 1 0 0 0 760 3 9 9 5
1 15 1 0 0 0 760 2 13 13 9
1 16 1 0 0 0 760 3 3 3 13
1 17 1 0 0 0 760 3 3 3 3
1 18 1 0 0 0 760 3 14 14 3
1 19 1 1 0 0 575 1 3 3 14
1 20 1 0 0 0 760 3 5 5 3
1 21 1 1 0 0 757 1 3 3 5
1 22 1 0 0 0 760 3 6 6 3
1 23 1 0 0 0 760 2 4 4 6
1 24 1 1 0 0 721 1 6 6 4
1 25 0 0 0 1 670 2 6 6 6
2 1 0 0 0 1 242 1 15 15 6
2 2 1 0 0 0 760 2 5 5 15
2 3 1 1 0 0 697 1 15 15 5
2 4 1 0 0 0 760 2 12 12 15
2 5 1 1 0 0 620 1 15 15 12
2 6 1 0 0 0 760 3 5 5 15
2 7 1 0 0 0 760 3 12 12 5
2 8 1 1 0 0 711 1 5 5 12
2 9 0 0 1 0 760 1 12 12 5
2 10 1 0 0 0 760 2 4 4 12
2 11 1 0 0 0 760 3 15 15 4
2 12 1 0 0 0 760 3 15 15 15
2 13 1 1 0 0 670 1 15 15 15
2 14 1 0 0 0 760 2 9 9 15
2 15 0 0 1 0 760 1 15 15 9
2 16 1 0 0 0 760 3 13 13 15
2 17 1 1 0 0 593 1 15 15 13
2 18 1 0 0 0 760 3 4 4 15
2 19 0 0 1 0 760 1 15 15 4
2 20 1 0 0 0 760 2 1 1 15
2 21 1 0 0 0 760 3 11 11 1
2 22 1 0 0 0 760 2 4 4 11
2 23 1 0 0 0 760 3 5 5 4
2 24 0 0 1 0 760 1 4 4 5
2 25 0 0 1 0 760 1 5 5 4
3 1 1 0 0 0 760 2 12 12 5
3 2 1 0 0 0 760 1 4 4 12
3 3 1 0 0 0 760 3 13 13 4
3 4 1 0 0 0 760 3 15 15 13
3 5 1 0 0 0 760 2 11 11 15
3 6 1 1 0 0 570 1 15 15 11
3 7 0 0 1 0 760 1 11 11 15
3 8 1 0 0 0 760 2 10 10 11
3 9 1 0 0 0 760 3 10 10 10
3 10 1 0 0 0 760 2 2 2 10
3 11 1 1 0 0 641 1 10 10 2
3 12 1 0 0 0 760 2 15 15 10
3 13 1 1 0 0 552 1 10 10 15
3 14 1 0 0 0 760 3 7 7 10
3 15 1 0 0 0 760 2 12 12 7
3 16 1 1 0 0 539 1 7 7 12
3 17 1 0 0 0 760 3 10 10 7
3 18 1 0 0 0 760 3 2 2 10
3 19 1 0 0 0 760 2 6 6 2
3 20 1 0 0 0 760 2 1 1 6
3 21 1 0 0 0 760 3 5 5 1
3 22 1 0 0 0 760 3 2 2 5
3 23 1 0 0 0 760 3 12 12 2
3 24 1 0 0 0 760 3 7 7 12
3 25 1 0 0 0 760 2 7 7 7
