1 1 1 0 0 0 760 2 6 6 0
1 2 1 0 0 0 760 3 15 15 6
1 3 0 0 1 0 760 1 6 6 15
1 4 1 0 0 0 760 3 10 10 6
1 5 1 0 0 0 760 2 15 15 10
1 6 1 0 0 0 760 3 5 5 15
1 7 0 0 1 0 760 1 15 15 5
1 8 1 0 0 0 760 2 6 6 15
1 9 1 0 0 0 760 3 13 13 6
1 10 0 0 1 0 760 1 6 6 13
1 11 0 0 1 0 760 1 13 13 6
1 12 1 0 0 0 760 2 4 4 13
1 13 1 0 0 0 760 3 10 10 4
1 14 1 0 0 0 760 2 15 15 10
1 15 0 0 1 0 760 1 10 10 15
1 16 0 0 1 0 760 1 15 15 10
1 17 1 0 0 0 760 3 3 3 15
1 18 1 0 0 0 760 3 11 11 3
1 19 1 0 0 0 760 2 8 8 11
1 20 1 0 0 0 760 3 9 9 8
1 21 1 0 0 0 760 3 13 13 9
1 22 1 0 0 0 760 3 7 7 13
1 23 1 0 0 0 760 3 12 12 7
1 24 0 0 1 0 760 1 7 7 12
1 25 0 0 1 0 760 1 12 12 7
2 1 1 0 0 0 760 3 13 13 12
2 2 1 0 0 0 760 1 9 9 13
2 3 1 0 0 0 760 2 3 3 9
2 4 1 0 0 0 760 3 1 1 3
2 5 1 0 0 0 760 3 4 4 1
2 6 1 0 0 0 760 3 8 8 4
2 7 1 1 0 0 516 1 4 4 8
2 8 1 0 0 0 760 2 9 9 4
2 9 1 0 0 0 760 3 12 12 9
2 10 1 0 0 0 760 3 11 11 12
2 11 1 0 0 0 760 2 8 8 11
2 12 1 0 0 0 760 3 5 5 8
2 13 1 0 0 0 760 3 3 3 5
2 14 1 0 0 0 760 2 7 7 3
2 15 0 0 1 0 760 1 3 3 7
2 16 0 0 1 0 760 1 7 7 3
2 17 1 0 0 0 760 3 13 13 7
2 18 0 0 1 0 760 1 7 7 13
2 19 1 0 0 0 760 2 9 9 7
2 20 1 0 0 0 760 3 10 10 9
2 21 0 0 1 0 760 1 9 9 10
2 22 1 0 0 0 760 2 5 5 9
2 23 1 0 0 0 760 3 7 7 5
2 24 1 0 0 0 760 3 3 3 7
2 25 1 0 0 0 760 3 5 5 3
3 1 1 0 0 0 760 3 8 8 5
3 2 1 0 0 0 760 1 6 6 8
3 3 1 0 0 0 760 2 15 15 6
3 4 1 0 0 0 760 2 13 13 15
3 5 0 0 1 0 760 1 15 15 13
3 6 1 0 0 0 760 2 9 9 15
3 7 1 1 0 0 668 1 15 15 9
3 8 1 0 0 0 760 3 13 13 15
3 9 1 0 0 0 760 2 3 3 13
3 10 1 0 0 0 760 3 4 4 3
3 11 1 0 0 0 760 2 2 2 4
3 12 1 0 0 0 760 3 14 14 2
3 13 1 0 0 0 760 3 6 6 14
3 14 1 0 0 0 760 2 3 3 6
3 15 1 0 0 0 760 2 15 15 3
3 16 0 0 1 0 760 1 3 3 15
3 17 1 0 0 0 760 2 6 6 3
3 18 0 0 1 0 760 1 3 3 6
3 19 1 0 0 0 760 3 3 3 3
3 20 1 0 0 0 760 3 12 12 3
3 21 1 1 0 0 545 1 3 3 12
3 22 1 0 0 0 760 3 10 10 3
3 23 1 0 0 0 760 3 9 9 10
3 24 0 0 1 0 760 1 10 10 9
3 25 0 0 1 0 760 1 9 9 10
