1 1 1 0 0 0 760 2 13 13 0
1 2 1 0 0 0 760 3 13 13 13
1 3 1 0 0 0 760 2 1 1 13
1 4 1 0 0 0 760 2 1 1 1
1 5 1 0 0 0 760 2 8 8 1
1 6 1 0 0 0 760 3 13 13 8
1 7 0 0 1 0 760 1 8 8 13
1 8 1 0 0 0 760 2 9 9 8
1 9 1 0 0 0 760 2 9 9 9
1 10 1 0 0 0 760 3 6 6 9
1 11 0 0 1 0 760 1 9 9 6
1 12 1 0 0 0 760 3 11 11 9
1 13 1 0 0 0 760 3 13 13 11
1 14 1 0 0 0 760 2 12 12 13
1 15 1 0 0 0 760 2 1 1 12
1 16 0 0 1 0 760 1 12 12 1
1 17 1 0 0 0 760 3 11 11 12
1 18 1 0 0 0 760 2 3 3 11
1 19 0 0 1 0 760 1 11 11 3
1 20 1 0 0 0 760 3 13 13 11
1 21 1 0 0 0 760 3 15 15 13
1 22 0 0 1 0 760 1 13 13 15
1 23 0 0 1 0 760 1 15 15 13
1 24 1 0 0 0 760 2 1 1 15
1 25 0 0 1 0 760 1 15 15 1
2 1 1 0 0 0 760 2 7 7 15
2 2 1 0 0 0 760 2 7 7 7
2 3 1 0 0 0 760 3 14 14 7
2 4 1 0 0 0 760 2 13 13 14
2 5 0 0 1 0 760 1 14 14 13
2 6 0 0 1 0 760 1 13 13 14
2 7 1 0 0 0 760 2 13 13 13
2 8 1 0 0 0 760 2 5 5 13
2 9 1 0 0 0 760 2 15 15 5
2 10 1 1 0 0 662 1 5 5 15
2 11 1 0 0 0 760 3 9 9 5
2 12 1 1 0 0 679 1 5 5 9
2 13 1 1 0 0 679 1 9 9 5
2 14 1 0 0 0 760 2 15 15 9
2 15 1 0 0 0 760 3 4 4 15
2 16 1 0 0 0 760 2 1 1 4
2 17 1 0 0 0 760 2 14 14 1
2 18 1 1 0 0 610 1 1 1 14
2 19 1 1 0 0 628 1 14 14 1
2 20 1 0 0 0 760 3 9 9 14
2 21 1 0 0 0 760 3 2 2 9
2 22 1 0 0 0 760 2 1 1 2
2 23 1 1 0 0 498 1 2 2 1
2 24 1 1 0 0 535 1 1 1 2
2 25 1 1 0 0 609 1 2 2 1
3 1 1 0 0 0 760 3 12 12 2
3 2 1 0 0 0 760 3 13 13 12
3 3 1 0 0 0 760 2 9 9 13
3 4 1 0 0 0 760 3 9 9 9
3 5 1 0 0 0 760 3 5 5 9
3 6 1 0 0 0 760 2 5 5 5
3 7 1 1 0 0 602 1 5 5 5
3 8 0 0 1 0 760 1 5 5 5
3 9 0 0 1 0 760 1 5 5 5
3 10 1 0 0 0 760 3 9 9 5
3 11 1 0 0 0 760 2 4 4 9
3 12 0 0 1 0 760 1 9 9 4
3 13 1 0 0 0 760 2 5 5 9
3 14 1 0 0 0 760 3 5 5 5
3 15 1 0 0 0 760 3 7 7 5
3 16 1 1 0 0 500 1 5 5 7
3 17 1 0 0 0 760 2 15 15 5
3 18 1 0 0 0 760 2 8 8 15
3 19 1 0 0 0 760 3 4 4 8
3 20 1 1 0 0 563 1 8 8 4
3 21 1 0 0 0 760 3 13 13 8
3 22 0 0 1 0 760 1 8 8 13
3 23 0 0 1 0 760 1 13 13 8
3 24 1 1 0 0 598 1 8 8 13
3 25 1 0 0 0 760 2 12 12 8
