1 1 1 0 0 0 760 3 14 14 0
1 2 1 0 0 0 760 3 1 1 14
1 3 1 0 0 0 760 3 13 13 1
1 4 1 1 0 0 690 1 1 1 13
1 5 1 1 0 0 716 1 13 13 1
1 6 1 0 0 0 760 3 12 12 13
1 7 1 1 0 0 603 1 13 13 12
1 8 1 1 0 0 627 1 12 12 13
1 9 1 0 0 0 760 2 9 9 12
1 10 1 0 0 0 760 2 2 2 9
1 11 1 0 0 0 760 3 2 2 2
1 12 1 1 0 0 628 1 2 2 2
1 13 0 0 1 0 760 1 2 2 2
1 14 1 1 0 0 652 1 2 2 2
1 15 1 0 0 0 760 3 12 12 2
1 16 0 0 0 1 516 2 14 14 12
1 17 0 0 0 1 675 2 14 14 14
1 18 1 0 0 0 760 2 6 6 14
1 19 1 0 0 0 760 2 5 5 6
1 20 0 0 0 1 624 2 5 5 5
1 21 1 0 0 0 760 2 14 14 5
1 22 0 0 1 0 760 1 5 5 14
1 23 0 0 1 0 760 1 14 14 5
1 24 1 0 0 0 760 3 4 4 14
1 25 1 0 0 0 760 3 3 3 4
2 1 1 0 0 0 760 2 7 7 3
2 2 1 0 0 0 760 2 8 8 7
2 3 0 0 0 1 687 2 8 8 8
2 4 1 1 0 0 730 1 8 8 8
2 5 1 0 0 0 760 3 7 7 8
2 6 1 0 0 0 760 2 14 14 7
2 7 1 0 0 0 760 3 3 3 14
2 8 0 0 1 0 760 1 14 14 3
2 9 1 0 0 0 760 3 10 10 14
2 10 1 1 0 0 594 1 14 14 10
2 11 1 0 0 0 760 2 13 13 14
2 12 1 1 0 0 693 1 14 14 13
2 13 1 0 0 0 760 2 8 8 14
2 14 1 0 0 0 760 2 11 11 8
2 15 0 0 0 1 667 3 14 14 11
2 16 1 0 0 0 760 2 7 7 14
2 17 1 0 0 0 760 2 13 13 7
2 18 1 0 0 0 760 3 13 13 13
2 19 0 0 0 1 597 3 7 7 13
2 20 1 0 0 0 760 2 8 8 7
2 21 0 0 0 1 706 3 8 8 8
2 22 0 0 1 0 760 1 8 8 8
2 23 1 0 0 0 760 3 2 2 8
2 24 0 0 1 0 760 1 8 8 2
2 25 1 1 0 0 655 1 2 2 8
3 1 1 0 0 0 760 3 3 3 2
3 2 1 0 0 0 760 1 15 15 3
3 3 1 0 0 0 760 2 13 13 15
3 4 1 0 0 0 760 3 13 13 13
3 5 1 0 0 0 760 2 7 7 13
3 6 1 0 0 0 760 2 4 4 7
3 7 1 1 0 0 505 1 7 7 4
3 8 1 0 0 0 760 2 1 1 7
3 9 0 0 0 1 665 2 4 4 1
3 10 1 0 0 0 760 2 15 15 4
3 11 0 0 1 0 760 1 4 4 15
3 12 1 0 0 0 760 2 10 10 4
3 13 0 0 1 0 760 1 4 4 10
3 14 1 0 0 0 760 2 7 7 4
3 15 1 0 0 0 760 2 5 5 7
3 16 0 0 1 0 760 1 7 7 5
3 17 0 0 1 0 760 1 5 5 7
3 18 1 0 0 0 760 2 5 5 5
3 19 0 0 1 0 760 1 5 5 5
3 20 1 1 0 0 612 1 5 5 5
3 21 1 0 0 0 760 3 12 12 5
3 22 1 0 0 0 760 3 2 2 12
3 23 1 0 0 0 760 3 5 5 2
3 24 1 0 0 0 760 2 10 10 5
3 25 1 0 0 0 760 2 12 12 10
