1 1 1 0 0 0 760 1 8 8 0
1 2 1 0 0 0 760 3 9 9 8
1 3 1 0 0 0 760 3 4 4 9
1 4 1 0 0 0 760 2 3 3 4
1 5 1 0 0 0 760 2 9 9 3
1 6 1 0 0 0 760 3 2 2 9
1 7 1 0 0 0 760 3 10 10 2
1 8 1 0 0 0 760 3 1 1 10
1 9 1 0 0 0 760 3 4 4 1
1 10 1 0 0 0 760 2 3 3 4
1 11 1 0 0 0 760 2 13 13 3
1 12 1 0 0 0 760 2 13 13 13
1 13 1 0 0 0 760 3 3 3 13
1 14 1 0 0 0 760 2 8 8 3
1 15 0 0 1 0 760 1 3 3 8
1 16 1 0 0 0 760 3 7 7 3
1 17 0 0 1 0 760 1 3 3 7
1 18 0 0 1 0 760 1 7 7 3
1 19 0 0 1 0 760 1 3 3 7
1 20 1 0 0 0 760 2 2 2 3
1 21 1 0 0 0 760 3 9 9 2
1 22 1 0 0 0 760 3 5 5 9
1 23 1 0 0 0 760 3 3 3 5
1 24 0 0 1 0 760 1 5 5 3
1 25 1 0 0 0 760 2 1 1 5
2 1 1 0 0 0 760 3 7 7 1
2 2 1 0 0 0 760 1 14 14 7
2 3 1 0 0 0 760 3 1 1 14
2 4 0 0 1 0 760 1 14 14 1
2 5 1 0 0 0 760 3 8 8 14
2 6 1 1 0 0 558 1 14 14 8
2 7 1 0 0 0 760 3 10 10 14
2 8 1 0 0 0 760 2 6 6 10
2 9 1 0 0 0 760 2 14 14 6
2 10 1 0 0 0 760 2 13 13 14
2 11 0 0 1 0 760 1 14 14 13
2 12 1 0 0 0 760 3 7 7 14
2 13 0 0 1 0 760 1 14 14 7
2 14 1 0 0 0 760 3 1 1 14
2 15 1 0 0 0 760 2 15 15 1
2 16 1 0 0 0 760 3 13 13 15
2 17 1 0 0 0 760 3 7 7 13
2 18 1 0 0 0 760 3 14 14 7
2 19 1 0 0 0 760 2 14 14 14
2 20 1 0 0 0 760 3 1 1 14
2 21 1 0 0 0 760 2 13 13 1
2 22 0 0 1 0 760 1 1 1 13
2 23 1 0 0 0 760 2 5 5 1
2 24 1 0 0 0 760 2 7 7 5
2 25 1 1 0 0 759 1 5 5 7
3 1 1 0 0 0 760 2 13 13 5
3 2 1 0 0 0 760 2 14 14 13
3 3 1 0 0 0 760 3 6 6 14
3 4 1 0 0 0 760 2 9 9 6
3 5 1 0 0 0 760 2 4 4 9
3 6 1 0 0 0 760 3 15 15 4
3 7 1 0 0 0 760 3 3 3 15
3 8 1 0 0 0 760 2 3 3 3
3 9 0 0 1 0 760 1 3 3 3
3 10 1 1 0 0 697 1 3 3 3
3 11 1 1 0 0 679 1 3 3 3
3 12 1 0 0 0 760 2 1 1 3
3 13 1 0 0 0 760 2 1 1 1
3 14 1 1 0 0 619 1 1 1 1
3 15 0 0 1 0 760 1 1 1 1
3 16 1 0 0 0 760 2 3 3 1
3 17 1 0 0 0 760 3 12 12 3
3 18 1 0 0 0 760 2 10 10 12
3 19 1 0 0 0 760 3 8 8 10
3 20 1 0 0 0 760 3 6 6 8
3 21 0 0 1 0 760 1 8 8 6
3 22 0 0 1 0 760 1 6 6 8
3 23 0 0 1 0 760 1 8 8 6
3 24 1 0 0 0 760 3 5 5 8
3 25 1 0 0 0 760 3 3 3 5
