1 1 0 0 0 1 558 2 2 2 0
1 2 1 0 0 0 760 2 8 8 2
1 3 1 1 0 0 669 1 2 2 8
1 4 1 0 0 0 760 3 1 1 2
1 5 1 0 0 0 760 2 14 14 1
1 6 1 0 0 0 760 3 6 6 14
1 7 1 0 0 0 760 3 2 2 6
1 8 1 0 0 0 760 3 3 3 2
1 9 1 0 0 0 760 3 4 4 3
1 10 1 0 0 0 760 3 7 7 4
1 11 1 0 0 0 760 2 8 8 7
1 12 1 0 0 0 760 3 1 1 8
1 13 1 0 0 0 760 2 7 7 1
1 14 1 1 0 0 627 1 1 1 7
1 15 1 0 0 0 760 3 4 4 1
1 16 1 0 0 0 760 2 3 3 4
1 17 1 0 0 0 760 2 11 11 3
1 18 1 1 0 0 697 1 3 3 11
1 19 0 0 1 0 760 1 11 11 3
1 20 1 1 0 0 736 1 3 3 11
1 21 0 0 1 0 760 1 11 11 3
1 22 0 0 0 1 710 2 4 4 11
1 23 1 0 0 0 760 2 6 6 4
1 24 1 0 0 0 760 3 15 15 6
1 25 1 0 0 0 760 2 7 7 15
2 1 1 0 0 0 760 1 1 1 7
2 2 1 0 0 0 760 2 5 5 1
2 3 1 0 0 0 760 2 2 2 5
2 4 1 1 0 0 578 1 5 5 2
2 5 1 1 0 0 677 1 2 2 5
2 6 1 0 0 0 760 2 7 7 2
2 7 1 1 0 0 619 1 2 2 7
2 8 1 0 0 0 760 2 15 15 2
2 9 1 0 0 0 760 3 6 6 15
2 10 1 0 0 0 760 3 6 6 6
2 11 1 0 0 0 760 3 11 11 6
2 12 0 0 1 0 760 1 6 6 11
2 13 1 0 0 0 760 2 6 6 6
2 14 1 1 0 0 692 1 6 6 6
2 15 1 0 0 0 760 2 4 4 6
2 16 1 0 0 0 760 3 11 11 4
2 17 0 0 1 0 760 1 4 4 11
2 18 1 0 0 0 760 3 1 1 4
2 19 1 0 0 0 760 2 9 9 1
2 20 1 0 0 0 760 2 10 10 9
2 21 1 0 0 0 760 2 8 8 10
2 22 1 0 0 0 760 2 1 1 8
2 23 1 0 0 0 760 2 3 3 1
2 24 1 1 0 0 665 1 1 1 3
2 25 1 0 0 0 760 3 9 9 1
3 1 1 0 0 0 760 3 6 6 9
3 2 1 0 0 0 760 1 2 2 6
3 3 1 1 0 0 620 1 6 6 2
3 4 0 0 1 0 760 1 2 2 6
3 5 1 0 0 0 760 2 3 3 2
3 6 1 0 0 0 760 3 5 5 3
3 7 0 0 1 0 760 1 3 3 5
3 8 0 0 1 0 760 1 5 5 3
3 9 1 1 0 0 614 1 3 3 5
3 10 1 0 0 0 760 2 8 8 3
3 11 1 1 0 0 663 1 3 3 8
3 12 1 0 0 0 760 3 3 3 3
3 13 1 1 0 0 535 1 3 3 3
3 14 1 0 0 0 760 2 11 11 3
3 15 1 0 0 0 760 2 13 13 11
3 16 1 0 0 0 760 3 10 10 13
3 17 1 0 0 0 760 3 3 3 10
3 18 1 0 0 0 760 2 3 3 3
3 19 1 0 0 0 760 3 9 9 3
3 20 1 0 0 0 760 3 2 2 9
3 21 1 0 0 0 760 3 11 11 2
3 22 0 0 1 0 760 1 2 2 11
3 23 1 0 0 0 760 2 7 7 2
3 24 1 0 0 0 760 2 1 1 7
3 25 1 0 0 0 760 2 12 12 1
