1 1 1 0 0 0 760 1 11 11 0
1 2 1 0 0 0 760 2 2 2 11
1 3 1 0 0 0 760 2 5 5 2
1 4 1 0 0 0 760 3 5 5 5
1 5 0 0 1 0 760 1 5 5 5
1 6 1 0 0 0 760 2 2 2 5
1 7 1 0 0 0 760 3 7 7 2
1 8 1 0 0 0 760 3 4 4 7
1 9 1 0 0 0 760 3 12 12 4
1 10 1 0 0 0 760 2 6 6 12
1 11 1 0 0 0 760 3 10 10 6
1 12 1 0 0 0 760 2 4 4 10
1 13 1 0 0 0 760 3 8 8 4
1 14 0 0 1 0 760 1 4 4 8
1 15 0 0 1 0 760 1 8 8 4
1 16 1 0 0 0 760 2 9 9 8
1 17 1 0 0 0 760 2 3 3 9
1 18 1 0 0 0 760 2 13 13 3
1 19 1 0 0 0 760 2 6 6 13
1 20 1 0 0 0 760 3 2 2 6
1 21 0 0 1 0 760 1 6 6 2
1 22 1 0 0 0 760 3 11 11 6
1 23 1 0 0 0 760 2 13 13 11
1 24 0 0 1 0 760 1 11 11 13
1 25 0 0 1 0 760 1 13 13 11
2 1 1 0 0 0 760 2 13 13 13
2 2 1 0 0 0 760 3 7 7 13
2 3 1 0 0 0 760 2 12 12 7
2 4 0 0 1 0 760 1 7 7 12
2 5 0 0 1 0 760 1 12 12 7
2 6 1 0 0 0 760 3 14 14 12
2 7 1 0 0 0 760 2 5 5 14
2 8 0 0 1 0 760 1 14 14 5
2 9 1 0 0 0 760 2 10 10 14
2 10 1 1 0 0 710 1 14 14 10
2 11 1 0 0 0 760 2 3 3 14
2 12 1 0 0 0 760 3 15 15 3
2 13 1 0 0 0 760 2 4 4 15
2 14 1 0 0 0 760 2 7 7 4
2 15 1 1 0 0 581 1 4 4 7
2 16 1 0 0 0 760 3 3 3 4
2 17 1 0 0 0 760 3 12 12 3
2 18 1 0 0 0 760 3 15 15 12
2 19 1 0 0 0 760 2 5 5 15
2 20 1 0 0 0 760 2 3 3 5
2 21 1 0 0 0 760 3 7 7 3
2 22 1 0 0 0 760 2 7 7 7
2 23 1 0 0 0 760 2 12 12 7
2 24 1 0 0 0 760 2 11 11 12
2 25 0 0 1 0 760 1 12 12 11
3 1 1 0 0 0 760 1 8 8 12
3 2 1 0 0 0 760 3 9 9 8
3 3 1 1 0 0 559 1 8 8 9
3 4 1 0 0 0 760 3 7 7 8
3 5 0 0 1 0 760 1 8 8 7
3 6 1 0 0 0 760 3 2 2 8
3 7 1 0 0 0 760 2 10 10 2
3 8 1 0 0 0 760 2 9 9 10
3 9 1 0 0 0 760 3 1 1 9
3 10 1 1 0 0 656 1 9 9 1
3 11 0 0 1 0 760 1 1 1 9
3 12 1 1 0 0 608 1 9 9 1
3 13 1 1 0 0 624 1 1 1 9
3 14 1 0 0 0 760 2 7 7 1
3 15 1 0 0 0 760 3 8 8 7
3 16 1 1 0 0 763 1 7 7 8
3 17 1 0 0 0 760 3 5 5 7
3 18 1 0 0 0 760 2 11 11 5
3 19 1 0 0 0 760 2 1 1 11
3 20 1 0 0 0 760 2 3 3 1
3 21 1 0 0 0 760 3 14 14 3
3 22 0 0 1 0 760 1 3 3 14
3 23 1 0 0 0 760 3 2 2 3
3 24 1 1 0 0 727 1 3 3 2
3 25 1 1 0 0 742 1 2 2 3
