1 1 1 0 0 0 760 3 4 4 0
1 2 1 0 0 0 760 1 10 10 4
1 3 1 0 0 0 760 3 13 13 10
1 4 1 0 0 0 760 3 8 8 13
1 5 1 0 0 0 760 3 6 6 8
1 6 1 0 0 0 760 2 2 2 6
1 7 1 0 0 0 760 2 14 14 2
1 8 0 0 1 0 760 1 2 2 14
1 9 1 0 0 0 760 2 10 10 2
1 10 1 0 0 0 760 2 8 8 10
1 11 0 0 1 0 760 1 10 10 8
1 12 1 0 0 0 760 2 3 3 10
1 13 0 0 1 0 760 1 10 10 3
1 14 1 0 0 0 760 3 4 4 10
1 15 1 0 0 0 760 2 14 14 4
1 16 1 0 0 0 760 2 8 8 14
1 17 0 0 1 0 760 1 14 14 8
1 18 1 0 0 0 760 3 6 6 14
1 19 1 0 0 0 760 3 6 6 6
1 20 1 0 0 0 760 3 7 7 6
1 21 1 0 0 0 760 3 2 2 7
1 22 1 0 0 0 760 2 8 8 2
1 23 1 0 0 0 760 3 12 12 8
1 24 0 0 1 0 760 1 8 8 12
1 25 0 0 1 0 760 1 12 12 8
2 1 1 0 0 0 760 2 14 14 12
2 2 1 0 0 0 760 3 11 11 14
2 3 1 0 0 0 760 2 12 12 11
2 4 1 1 0 0 707 1 11 11 12
2 5 1 0 0 0 760 2 6 6 11
2 6 1 0 0 0 760 3 8 8 6
2 7 1 0 0 0 760 2 4 4 8
2 8 1 1 0 0 713 1 8 8 4
2 9 1 1 0 0 605 1 4 4 8
2 10 1 0 0 0 760 3 5 5 4
2 11 1 0 0 0 760 3 10 10 5
2 12 1 0 0 0 760 2 9 9 10
2 13 0 0 1 0 760 1 10 10 9
2 14 1 0 0 0 760 3 6 6 10
2 15 1 1 0 0 580 1 10 10 6
2 16 1 0 0 0 760 2 5 5 10
2 17 0 0 1 0 760 1 10 10 5
2 18 0 0 1 0 760 1 5 5 10
2 19 1 0 0 0 760 2 15 15 5
2 20 1 0 0 0 760 3 12 12 15
2 21 1 0 0 0 760 2 9 9 12
2 22 1 0 0 0 760 2 15 15 9
2 23 1 0 0 0 760 3 5 5 15
2 24 1 0 0 0 760 2 10 10 5
2 25 1 1 0 0 644 1 5 5 10
3 1 1 0 0 0 760 2 7 7 5
3 2 1 0 0 0 760 1 6 6 7
3 3 0 0 1 0 760 1 7 7 6
3 4 1 0 0 0 760 2 12 12 7
3 5 1 1 0 0 701 1 7 7 12
3 6 1 0 0 0 760 2 4 4 7
3 7 1 0 0 0 760 3 2 2 4
3 8 1 0 0 0 760 2 15 15 2
3 9 1 0 0 0 760 3 14 14 15
3 10 0 0 1 0 760 1 15 15 14
3 11 1 0 0 0 760 2 1 1 15
3 12 0 0 1 0 760 1 15 15 1
3 13 1 0 0 0 760 2 6 6 15
3 14 1 1 0 0 543 1 15 15 6
3 15 1 0 0 0 760 3 1 1 15
3 16 1 0 0 0 760 3 1 1 1
3 17 1 0 0 0 760 2 3 3 1
3 18 1 0 0 0 760 3 11 11 3
3 19 1 0 0 0 760 3 2 2 11
3 20 1 0 0 0 760 3 8 8 2
3 21 1 0 0 0 760 2 11 11 8
3 22 1 0 0 0 760 2 4 4 11
3 23 0 0 1 0 760 1 11 11 4
3 24 0 0 1 0 760 1 4 4 11
3 25 1 0 0 0 760 2 8 8 4
