1 1 1 0 0 0 760 3 7 7 0
1 2 1 0 0 0 760 3 10 10 7
1 3 1 0 0 0 760 3 4 4 10
1 4 1 0 0 0 760 3 14 14 4
1 5 1 1 0 0 676 1 4 4 14
1 6 0 0 1 0 760 1 14 14 4
1 7 1 1 0 0 574 1 4 4 14
1 8 1 1 0 0 566 1 14 14 4
1 9 1 0 0 0 760 3 8 8 14
1 10 1 0 0 0 760 2 1 1 8
1 11 1 1 0 0 713 1 8 8 1
1 12 1 0 0 0 760 3 8 8 8
1 13 1 0 0 0 760 2 7 7 8
1 14 0 0 0 1 700 3 7 7 7
1 15 1 0 0 0 760 3 9 9 7
1 16 1 0 0 0 760 3 4 4 9
1 17 1 0 0 0 760 2 11 11 4
1 18 1 0 0 0 760 2 8 8 11
1 19 1 0 0 0 760 2 12 12 8
1 20 1 1 0 0 731 1 8 8 12
1 21 1 1 0 0 754 1 12 12 8
1 22 1 0 0 0 760 3 15 15 12
1 23 0 0 1 0 760 1 12 12 15
1 24 1 0 0 0 760 3 7 7 12
1 25 1 0 0 0 760 3 5 5 7
2 1 1 0 0 0 760 1 9 9 5
2 2 1 0 0 0 760 3 13 13 9
2 3 1 0 0 0 760 2 1 1 13
2 4 1 0 0 0 760 2 8 8 1
2 5 0 0 1 0 760 1 1 1 8
2 6 1 0 0 0 760 2 11 11 1
2 7 1 0 0 0 760 3 2 2 11
2 8 1 0 0 0 760 3 2 2 2
2 9 1 0 0 0 760 2 3 3 2
2 10 1 0 0 0 760 2 10 10 3
2 11 1 0 0 0 760 2 4 4 10
2 12 1 1 0 0 624 1 10 10 4
2 13 1 0 0 0 760 3 6 6 10
2 14 1 0 0 0 760 3 15 15 6
2 15 1 0 0 0 760 2 3 3 15
2 16 0 0 0 1 742 2 10 10 3
2 17 0 0 1 0 760 1 3 3 10
2 18 0 0 1 0 760 1 10 10 3
2 19 1 1 0 0 757 1 3 3 10
2 20 1 1 0 0 639 1 10 10 3
2 21 1 1 0 0 616 1 3 3 10
2 22 1 0 0 0 760 2 2 2 3
2 23 1 1 0 0 646 1 3 3 2
2 24 1 0 0 0 760 3 3 3 3
2 25 1 0 0 0 760 3 8 8 3
3 1 1 0 0 0 760 3 11 11 8
3 2 1 0 0 0 760 1 10 10 11
3 3 1 1 0 0 687 1 11 11 10
3 4 1 0 0 0 760 3 1 1 11
3 5 1 0 0 0 760 3 13 13 1
3 6 1 0 0 0 760 2 7 7 13
3 7 1 1 0 0 594 1 13 13 7
3 8 1 1 0 0 630 1 7 7 13
3 9 1 0 0 0 760 2 10 10 7
3 10 0 0 0 1 611 2 10 10 10
3 11 1 1 0 0 717 1 10 10 10
3 12 1 0 0 0 760 2 7 7 10
3 13 1 0 0 0 760 2 7 7 7
3 14 1 0 0 0 760 2 10 10 7
3 15 1 1 0 0 628 1 7 7 10
3 16 1 0 0 0 760 2 1 1 7
3 17 1 0 0 0 760 2 5 5 1
3 18 1 1 0 0 663 1 1 1 5
3 19 1 0 0 0 760 2 13 13 1
3 20 0 0 0 1 738 3 13 13 13
3 21 1 0 0 0 760 3 8 8 13
3 22 0 0 1 0 760 1 13 13 8
3 23 1 0 0 0 760 3 12 12 13
3 24 1 0 0 0 760 3 9 9 12
3 25 1 1 0 0 580 1 12 12 9
