1 1 1 0 0 0 760 2 11 11 0
1 2 1 0 0 0 760 3 1 1 11
1 3 1 0 0 0 760 3 7 7 1
1 4 1 0 0 0 760 3 3 3 7
1 5 0 0 1 0 760 1 7 7 3
1 6 0 0 1 0 760 1 3 3 7
1 7 1 0 0 0 760 2 11 11 3
1 8 1 0 0 0 760 2 1 1 11
1 9 0 0 1 0 760 1 11 11 1
1 10 1 0 0 0 760 2 13 13 11
1 11 1 0 0 0 760 2 15 15 13
1 12 0 0 1 0 760 1 13 13 15
1 13 1 0 0 0 760 2 7 7 13
1 14 0 0 1 0 760 1 13 13 7
1 15 1 0 0 0 760 2 2 2 13
1 16 0 0 1 0 760 1 13 13 2
1 17 1 0 0 0 760 3 15 15 13
1 18 1 0 0 0 760 3 3 3 15
1 19 0 0 1 0 760 1 15 15 3
1 20 1 0 0 0 760 2 5 5 15
1 21 1 0 0 0 760 2 8 8 5
1 22 0 0 1 0 760 1 5 5 8
1 23 0 0 1 0 760 1 8 8 5
1 24 1 0 0 0 760 2 7 7 8
1 25 1 0 0 0 760 2 4 4 7
2 1 1 0 0 0 760 2 8 8 4
2 2 1 0 0 0 760 1 7 7 8
2 3 1 0 0 0 760 2 7 7 7
2 4 1 0 0 0 760 3 8 8 7
2 5 1 1 0 0 698 1 7 7 8
2 6 1 0 0 0 760 2 12 12 7
2 7 1 0 0 0 760 3 4 4 12
2 8 1 0 0 0 760 2 10 10 4
2 9 1 0 0 0 760 3 11 11 10
2 10 1 0 0 0 760 3 5 5 11
2 11 1 0 0 0 760 2 10 10 5
2 12 1 0 0 0 760 3 7 7 10
2 13 1 0 0 0 760 3 12 12 7
2 14 1 0 0 0 760 3 13 13 12
2 15 1 1 0 0 576 1 12 12 13
2 16 1 0 0 0 760 3 5 5 12
2 17 0 0 1 0 760 1 12 12 5
2 18 1 0 0 0 760 3 6 6 12
2 19 1 0 0 0 760 3 2 2 6
2 20 0 0 1 0 760 1 6 6 2
2 21 1 0 0 0 760 3 4 4 6
2 22 1 0 0 0 760 2 14 14 4
2 23 0 0 1 0 760 1 4 4 14
2 24 1 0 0 0 760 2 12 12 4
2 25 0 0 1 0 760 1 4 4 12
3 1 1 0 0 0 760 1 14 14 4
3 2 1 0 0 0 760 1 12 12 14
3 3 1 0 0 0 760 3 11 11 12
3 4 1 1 0 0 519 1 12 12 11
3 5 1 0 0 0 760 2 9 9 12
3 6 1 1 0 0 645 1 12 12 9
3 7 1 0 0 0 760 2 10 10 12
3 8 1 0 0 0 760 3 13 13 10
3 9 0 0 0 1 607 3 13 13 13
3 10 1 1 0 0 708 1 13 13 13
3 11 1 0 0 0 760 3 7 7 13
3 12 0 0 1 0 760 1 13 13 7
3 13 1 0 0 0 760 2 11 11 13
3 14 1 0 0 0 760 2 9 9 11
3 15 1 0 0 0 760 2 10 10 9
3 16 1 0 0 0 760 3 6 6 10
3 17 0 0 1 0 760 1 10 10 6
3 18 1 0 0 0 760 3 14 14 10
3 19 1 0 0 0 760 3 9 9 14
3 20 1 0 0 0 760 3 1 1 9
3 21 1 0 0 0 760 2 13 13 1
3 22 1 0 0 0 760 2 5 5 13
3 23 1 0 0 0 760 3 3 3 5
3 24 0 0 1 0 760 1 5 5 3
3 25 1 1 0 0 670 1 3 3 5
