1 1 1 0 0 0 760 1 13 13 0
1 2 1 0 0 0 760 2 2 2 13
1 3 1 1 0 0 636 1 13 13 2
1 4 1 0 0 0 760 3 1 1 13
1 5 1 1 0 0 540 1 13 13 1
1 6 1 0 0 0 760 2 4 4 13
1 7 1 1 0 0 494 1 13 13 4
1 8 1 1 0 0 633 1 4 4 13
1 9 1 0 0 0 760 3 15 15 4
1 10 1 1 0 0 516 1 4 4 15
1 11 1 0 0 0 760 3 14 14 4
1 12 1 1 0 0 539 1 4 4 14
1 13 1 0 0 0 760 3 2 2 4
1 14 1 1 0 0 493 1 4 4 2
1 15 1 0 0 0 760 3 7 7 4
1 16 0 0 1 0 760 1 4 4 7
1 17 1 0 0 0 760 3 3 3 4
1 18 1 0 0 0 760 3 14 14 3
1 19 1 0 0 0 760 2 11 11 14
1 20 1 0 0 0 760 3 5 5 11
1 21 1 1 0 0 672 1 11 11 5
1 22 1 1 0 0 605 1 5 5 11
1 23 1 0 0 0 760 2 6 6 5
1 24 1 1 0 0 517 1 5 5 6
1 25 1 0 0 0 760 3 5 5 5
2 1 1 0 0 0 760 3 13 13 5
2 2 1 0 0 0 760 1 11 11 13
2 3 1 0 0 0 760 3 12 12 11
2 4 1 1 0 0 694 1 11 11 12
2 5 1 0 0 0 760 2 2 2 11
2 6 0 0 1 0 760 1 11 11 2
2 7 1 0 0 0 760 3 13 13 11
2 8 1 0 0 0 760 2 4 4 13
2 9 1 0 0 0 760 3 8 8 4
2 10 1 0 0 0 760 3 15 15 8
2 11 1 0 0 0 760 2 1 1 15
2 12 1 0 0 0 760 2 5 5 1
2 13 1 0 0 0 760 3 11 11 5
2 14 1 0 0 0 760 3 3 3 11
2 15 0 0 1 0 760 1 11 11 3
2 16 1 1 0 0 658 1 3 3 11
2 17 1 1 0 0 661 1 11 11 3
2 18 1 0 0 0 760 3 15 15 11
2 19 1 0 0 0 760 3 9 9 15
2 20 1 0 0 0 760 2 12 12 9
2 21 0 0 1 0 760 1 9 9 12
2 22 1 0 0 0 760 2 8 8 9
2 23 0 0 1 0 760 1 9 9 8
2 24 1 1 0 0 578 1 8 8 9
2 25 1 0 0 0 760 2 14 14 8
3 1 1 0 0 0 760 3 5 5 14
3 2 1 0 0 0 760 2 8 8 5
3 3 1 0 0 0 760 3 9 9 8
3 4 0 0 1 0 760 1 8 8 9
3 5 1 0 0 0 760 2 8 8 8
3 6 0 0 1 0 760 1 8 8 8
3 7 1 0 0 0 760 3 13 13 8
3 8 1 1 0 0 533 1 8 8 13
3 9 1 0 0 0 760 2 4 4 8
3 10 1 0 0 0 760 3 11 11 4
3 11 1 0 0 0 760 3 12 12 11
3 12 1 1 0 0 527 1 11 11 12
3 13 1 0 0 0 760 2 1 1 11
3 14 0 0 1 0 760 1 11 11 1
3 15 1 0 0 0 760 2 15 15 11
3 16 1 0 0 0 760 2 10 10 15
3 17 1 0 0 0 760 2 2 2 10
3 18 1 0 0 0 760 2 5 5 2
3 19 1 0 0 0 760 2 6 6 5
3 20 1 0 0 0 760 2 7 7 6
3 21 1 1 0 0 729 1 6 6 7
3 22 0 0 1 0 760 1 7 7 6
3 23 1 0 0 0 760 3 15 15 7
3 24 1 0 0 0 760 2 8 8 15
3 25 1 0 0 0 760 3 11 11 8
