1 1 1 0 0 0 760 3 2 2 0
1 2 1 0 0 0 760 2 13 13 2
1 3 1 0 0 0 760 3 3 3 13
1 4 1 0 0 0 760 3 6 6 3
1 5 1 0 0 0 760 2 7 7 6
1 6 1 1 0 0 670 1 6 6 7
1 7 1 1 0 0 497 1 7 7 6
1 8 1 0 0 0 760 3 5 5 7
1 9 1 0 0 0 760 3 10 10 5
1 10 1 0 0 0 760 2 15 15 10
1 11 1 1 0 0 548 1 10 10 15
1 12 1 1 0 0 514 1 15 15 10
1 13 1 0 0 0 760 3 11 11 15
1 14 1 1 0 0 567 1 15 15 11
1 15 0 0 0 1 615 3 15 15 15
1 16 1 1 0 0 622 1 15 15 15
1 17 1 0 0 0 760 3 9 9 15
1 18 1 1 0 0 558 1 15 15 9
1 19 1 1 0 0 730 1 9 9 15
1 20 1 0 0 0 760 2 4 4 9
1 21 1 1 0 0 677 1 9 9 4
1 22 1 0 0 0 760 3 11 11 9
1 23 1 0 0 0 760 3 14 14 11
1 24 1 0 0 0 760 3 5 5 14
1 25 1 1 0 0 635 1 14 14 5
2 1 1 0 0 0 760 1 7 7 14
2 2 1 0 0 0 760 3 6 6 7
2 3 1 0 0 0 760 3 5 5 6
2 4 1 0 0 0 760 2 12 12 5
2 5 1 1 0 0 573 1 5 5 12
2 6 1 0 0 0 760 2 6 6 5
2 7 1 0 0 0 760 2 12 12 6
2 8 1 0 0 0 760 2 4 4 12
2 9 0 0 1 0 760 1 12 12 4
2 10 1 1 0 0 648 1 4 4 12
2 11 1 0 0 0 760 3 15 15 4
2 12 0 0 1 0 760 1 4 4 15
2 13 0 0 0 1 526 2 7 7 4
2 14 1 0 0 0 760 3 2 2 7
2 15 1 1 0 0 589 1 7 7 2
2 16 1 1 0 0 562 1 2 2 7
2 17 1 1 0 0 586 1 7 7 2
2 18 1 0 0 0 760 3 10 10 7
2 19 1 0 0 0 760 2 12 12 10
2 20 1 0 0 0 760 2 1 1 12
2 21 1 1 0 0 681 1 12 12 1
2 22 1 0 0 0 760 3 3 3 12
2 23 1 1 0 0 520 1 12 12 3
2 24 1 0 0 0 760 3 14 14 12
2 25 1 1 0 0 674 1 12 12 14
3 1 1 0 0 0 760 3 5 5 12
3 2 1 0 0 0 760 3 14 14 5
3 3 1 1 0 0 473 1 5 5 14
3 4 1 1 0 0 665 1 14 14 5
3 5 1 1 0 0 516 1 5 5 14
3 6 1 0 0 0 760 3 4 4 5
3 7 1 0 0 0 760 3 8 8 4
3 8 1 0 0 0 760 2 2 2 8
3 9 1 0 0 0 760 3 12 12 2
3 10 1 0 0 0 760 3 13 13 12
3 11 1 0 0 0 760 2 6 6 13
3 12 1 0 0 0 760 2 15 15 6
3 13 1 0 0 0 760 3 7 7 15
3 14 1 0 0 0 760 3 9 9 7
3 15 1 0 0 0 760 3 4 4 9
3 16 0 0 1 0 760 1 9 9 4
3 17 1 0 0 0 760 3 5 5 9
3 18 1 0 0 0 760 3 2 2 5
3 19 1 0 0 0 760 2 6 6 2
3 20 1 0 0 0 760 3 7 7 6
3 21 1 0 0 0 760 2 1 1 7
3 22 1 0 0 0 760 2 11 11 1
3 23 1 0 0 0 760 3 7 7 11
3 24 1 0 0 0 760 3 13 13 7
3 25 0 0 1 0 760 1 7 7 13
