1 1 1 0 0 0 760 1 5 5 0
1 2 1 0 0 0 760 2 10 10 5
1 3 1 0 0 0 760 3 12 12 10
1 4 1 0 0 0 760 3 11 11 12
1 5 1 0 0 0 760 3 2 2 11
1 6 1 0 0 0 760 2 10 10 2
1 7 1 0 0 0 760 2 9 9 10
1 8 1 0 0 0 760 2 3 3 9
1 9 1 0 0 0 760 3 1 1 3
1 10 1 0 0 0 760 2 4 4 1
1 11 1 1 0 0 720 1 1 1 4
1 12 1 0 0 0 760 3 10 10 1
1 13 1 0 0 0 760 3 15 15 10
1 14 0 0 1 0 760 1 10 10 15
1 15 1 0 0 0 760 3 1 1 10
1 16 1 0 0 0 760 3 2 2 1
1 17 1 0 0 0 760 3 7 7 2
1 18 1 0 0 0 760 2 7 7 7
1 19 1 1 0 0 501 1 7 7 7
1 20 0 0 1 0 760 1 7 7 7
1 21 1 0 0 0 760 2 6 6 7
1 22 1 0 0 0 760 2 1 1 6
1 23 1 1 0 0 580 1 6 6 1
1 24 1 0 0 0 760 2 14 14 6
1 25 1 1 0 0 544 1 6 6 14
2 1 1 0 0 0 760 2 2 2 6
2 2 1 0 0 0 760 1 3 3 2
2 3 1 0 0 0 760 3 15 15 3
2 4 1 0 0 0 760 3 1 1 15
2 5 1 0 0 0 760 3 5 5 1
2 6 1 1 0 0 569 1 1 1 5
2 7 1 0 0 0 760 2 8 8 1
2 8 1 0 0 0 760 3 13 13 8
2 9 1 1 0 0 565 1 8 8 13
2 10 0 0 1 0 760 1 13 13 8
2 11 1 0 0 0 760 2 15 15 13
2 12 0 0 1 0 760 1 13 13 15
2 13 1 1 0 0 753 1 15 15 13
2 14 1 1 0 0 570 1 13 13 15
2 15 1 0 0 0 760 3 12 12 13
2 16 1 0 0 0 760 2 7 7 12
2 17 1 0 0 0 760 3 11 11 7
2 18 0 0 1 0 760 1 7 7 11
2 19 1 0 0 0 760 3 7 7 7
2 20 1 0 0 0 760 3 13 13 7
2 21 1 0 0 0 760 2 1 1 13
2 22 1 0 0 0 760 2 5 5 1
2 23 1 0 0 0 760 3 5 5 5
2 24 1 0 0 0 760 2 15 15 5
2 25 1 0 0 0 760 2 7 7 15
3 1 1 0 0 0 760 2 10 10 7
3 2 1 0 0 0 760 2 13 13 10
3 3 1 0 0 0 760 2 3 3 13
3 4 1 0 0 0 760 2 15 15 3
3 5 1 1 0 0 697 1 3 3 15
3 6 1 0 0 0 760 3 5 5 3
3 7 1 0 0 0 760 2 4 4 5
3 8 1 0 0 0 760 2 9 9 4
3 9 1 0 0 0 760 2 10 10 9
3 10 1 0 0 0 760 3 2 2 10
3 11 1 1 0 0 730 1 10 10 2
3 12 1 0 0 0 760 3 14 14 10
3 13 1 0 0 0 760 3 1 1 14
3 14 0 0 0 1 681 2 1 1 1
3 15 1 1 0 0 508 1 1 1 1
3 16 1 1 0 0 549 1 1 1 1
3 17 1 1 0 0 535 1 1 1 1
3 18 1 0 0 0 760 3 13 13 1
3 19 1 0 0 0 760 3 12 12 13
3 20 1 0 0 0 760 3 14 14 12
3 21 1 0 0 0 760 3 1 1 14
3 22 0 0 0 1 519 2 1 1 1
3 23 1 0 0 0 760 3 12 12 1
3 24 1 0 0 0 760 3 3 3 12
3 25 1 0 0 0 760 3 15 15 3
