1 1 1 0 0 0 760 2 1 1 0
1 2 1 0 0 0 760 2 5 5 1
1 3 1 0 0 0 760 2 14 14 5
1 4 1 1 0 0 744 1 5 5 14
1 5 1 1 0 0 569 1 14 14 5
1 6 1 1 0 0 544 1 5 5 14
1 7 1 0 0 0 760 3 15 15 5
1 8 0 0 0 1 513 3 15 15 15
1 9 1 0 0 0 760 3 1 1 15
1 10 1 0 0 0 760 2 7 7 1
1 11 1 0 0 0 760 3 10 10 7
1 12 1 0 0 0 760 2 10 10 10
1 13 1 1 0 0 752 1 10 10 10
1 14 1 0 0 0 760 3 5 5 10
1 15 1 0 0 0 760 2 8 8 5
1 16 1 0 0 0 760 3 6 6 8
1 17 1 0 0 0 760 2 1 1 6
1 18 1 0 0 0 760 2 5 5 1
1 19 1 0 0 0 760 3 6 6 5
1 20 1 1 0 0 665 1 5 5 6
1 21 1 0 0 0 760 3 15 15 5
1 22 1 1 0 0 628 1 5 5 15
1 23 1 0 0 0 760 3 14 14 5
1 24 1 0 0 0 760 2 3 3 14
1 25 1 1 0 0 536 1 14 14 3
2 1 1 0 0 0 760 2 2 2 14
2 2 1 0 0 0 760 3 9 9 2
2 3 1 0 0 0 760 2 10 10 9
2 4 1 0 0 0 760 2 6 6 10
2 5 1 0 0 0 760 2 9 9 6
2 6 1 0 0 0 760 2 2 2 9
2 7 1 0 0 0 760 3 14 14 2
2 8 1 0 0 0 760 3 11 11 14
2 9 1 0 0 0 760 3 2 2 11
2 10 1 0 0 0 760 3 14 14 2
2 11 1 0 0 0 760 2 1 1 14
2 12 1 0 0 0 760 2 11 11 1
2 13 1 1 0 0 607 1 1 1 11
2 14 1 0 0 0 760 3 12 12 1
2 15 1 0 0 0 760 2 11 11 12
2 16 1 1 0 0 569 1 12 12 11
2 17 1 0 0 0 760 3 6 6 12
2 18 1 0 0 0 760 3 14 14 6
2 19 1 1 0 0 576 1 6 6 14
2 20 1 0 0 0 760 2 1 1 6
2 21 1 0 0 0 760 2 9 9 1
2 22 1 0 0 0 760 3 3 3 9
2 23 1 1 0 0 533 1 9 9 3
2 24 1 0 0 0 760 2 4 4 9
2 25 1 0 0 0 760 2 11 11 4
3 1 1 0 0 0 760 3 9 9 11
3 2 1 0 0 0 760 3 9 9 9
3 3 0 0 1 0 760 1 9 9 9
3 4 1 0 0 0 760 3 11 11 9
3 5 1 0 0 0 760 3 4 4 11
3 6 1 1 0 0 656 1 11 11 4
3 7 1 0 0 0 760 3 11 11 11
3 8 1 1 0 0 526 1 11 11 11
3 9 1 0 0 0 760 3 5 5 11
3 10 1 1 0 0 500 1 11 11 5
3 11 1 0 0 0 760 3 7 7 11
3 12 1 0 0 0 760 2 10 10 7
3 13 1 0 0 0 760 2 8 8 10
3 14 1 1 0 0 706 1 10 10 8
3 15 1 0 0 0 760 3 2 2 10
3 16 1 1 0 0 635 1 10 10 2
3 17 1 0 0 0 760 2 8 8 10
3 18 1 0 0 0 760 3 14 14 8
3 19 1 0 0 0 760 2 2 2 14
3 20 1 0 0 0 760 2 15 15 2
3 21 1 0 0 0 760 3 8 8 15
3 22 1 0 0 0 760 2 7 7 8
3 23 1 0 0 0 760 3 11 11 7
3 24 1 0 0 0 760 3 8 8 11
3 25 1 0 0 0 760 2 7 7 8
