1 1 1 0 0 0 760 1 13 13 0
1 2 1 0 0 0 760 1 9 9 13
1 3 1 0 0 0 760 2 9 9 9
1 4 1 1 0 0 562 1 9 9 9
1 5 1 0 0 0 760 2 8 8 9
1 6 1 0 0 0 760 3 1 1 8
1 7 0 0 1 0 760 1 8 8 1
1 8 1 0 0 0 760 3 6 6 8
1 9 1 0 0 0 760 2 12 12 6
1 10 1 0 0 0 760 2 13 13 12
1 11 0 0 1 0 760 1 12 12 13
1 12 0 0 0 1 579 2 12 12 12
1 13 1 0 0 0 760 3 1 1 12
1 14 1 0 0 0 760 3 7 7 1
1 15 1 1 0 0 594 1 1 1 7
1 16 1 0 0 0 760 3 14 14 1
1 17 1 0 0 0 760 2 6 6 14
1 18 1 0 0 0 760 3 7 7 6
1 19 1 0 0 0 760 3 3 3 7
1 20 1 0 0 0 760 2 4 4 3
1 21 1 0 0 0 760 2 1 1 4
1 22 1 0 0 0 760 2 5 5 1
1 23 1 0 0 0 760 2 9 9 5
1 24 0 0 1 0 760 1 5 5 9
1 25 1 0 0 0 474 2 10 10 5
2 1 1 0 0 0 760 3 2 2 10
2 2 1 0 0 0 760 3 11 11 2
2 3 0 0 1 0 760 1 2 2 11
2 4 1 0 0 0 760 3 8 8 2
2 5 1 0 0 0 760 2 6 6 8
2 6 1 1 0 0 614 1 8 8 6
2 7 1 0 0 0 760 3 15 15 8
2 8 1 0 0 0 760 2 9 9 15
2 9 0 0 0 1 665 2 9 9 9
2 10 1 0 0 0 760 2 10 10 9
2 11 1 0 0 0 760 2 7 7 10
2 12 1 0 0 0 760 2 6 6 7
2 13 1 0 0 0 760 3 6 6 6
2 14 1 0 0 0 760 3 2 2 6
2 15 1 0 0 0 760 3 13 13 2
2 16 1 1 0 0 521 1 2 2 13
2 17 1 0 0 0 760 2 1 1 2
2 18 1 0 0 0 760 3 7 7 1
2 19 1 0 0 0 760 3 2 2 7
2 20 1 0 0 0 760 3 11 11 2
2 21 1 0 0 0 760 2 5 5 11
2 22 1 0 0 0 760 3 12 12 5
2 23 1 0 0 0 760 2 9 9 12
2 24 1 1 0 0 550 1 12 12 9
2 25 1 1 0 0 601 1 9 9 12
3 1 1 0 0 0 760 3 14 14 9
3 2 1 0 0 0 760 2 12 12 14
3 3 1 0 0 0 760 3 3 3 12
3 4 1 0 0 0 760 3 8 8 3
3 5 0 0 1 0 760 1 3 3 8
3 6 1 0 0 0 760 2 7 7 3
3 7 0 0 1 0 760 1 3 3 7
3 8 1 0 0 0 760 2 9 9 3
3 9 0 0 1 0 760 1 3 3 9
3 10 0 0 1 0 760 1 9 9 3
3 11 0 0 1 0 760 1 3 3 9
3 12 1 0 0 0 760 2 12 12 3
3 13 1 0 0 0 760 2 6 6 12
3 14 1 0 0 0 760 2 6 6 6
3 15 1 1 0 0 571 1 6 6 6
3 16 0 0 1 0 760 1 6 6 6
3 17 1 0 0 0 760 2 5 5 6
3 18 1 0 0 0 760 3 1 1 5
3 19 0 0 0 1 528 3 1 1 1
3 20 1 0 0 0 760 3 3 3 1
3 21 0 0 1 0 760 1 1 1 3
3 22 1 1 0 0 653 1 3 3 1
3 23 1 1 0 0 596 1 1 1 3
3 24 1 0 0 0 760 2 10 10 1
3 25 1 0 0 0 760 2 13 13 10
