1 1 1 0 0 0 760 1 3 3 0
1 2 1 0 0 0 760 1 15 15 3
1 3 1 0 0 0 760 3 12 12 15
1 4 1 0 0 0 760 3 4 4 12
1 5 1 0 0 0 760 2 1 1 4
1 6 1 0 0 0 760 3 13 13 1
1 7 1 0 0 0 760 2 8 8 13
1 8 0 0 1 0 760 1 13 13 8
1 9 0 0 1 0 760 1 8 8 13
1 10 1 0 0 0 760 3 11 11 8
1 11 0 0 1 0 760 1 8 8 11
1 12 1 0 0 0 760 3 3 3 8
1 13 1 0 0 0 760 2 12 12 3
1 14 1 0 0 0 760 2 8 8 12
1 15 1 0 0 0 760 2 5 5 8
1 16 1 1 0 0 583 1 8 8 5
1 17 1 0 0 0 760 3 1 1 8
1 18 1 1 0 0 629 1 8 8 1
1 19 0 0 0 1 505 3 8 8 8
1 20 1 0 0 0 760 2 4 4 8
1 21 1 0 0 0 760 3 6 6 4
1 22 1 0 0 0 760 2 3 3 6
1 23 1 0 0 0 760 2 1 1 3
1 24 1 1 0 0 733 1 3 3 1
1 25 1 1 0 0 626 1 1 1 3
2 1 1 0 0 0 760 3 6 6 1
2 2 1 0 0 0 760 1 15 15 6
2 3 0 0 1 0 760 1 6 6 15
2 4 1 0 0 0 760 2 11 11 6
2 5 1 0 0 0 760 3 11 11 11
2 6 1 0 0 0 760 2 9 9 11
2 7 1 1 0 0 680 1 11 11 9
2 8 1 0 0 0 760 2 1 1 11
2 9 1 0 0 0 760 3 7 7 1
2 10 1 1 0 0 587 1 1 1 7
2 11 1 0 0 0 760 3 12 12 1
2 12 1 1 0 0 527 1 1 1 12
2 13 1 0 0 0 760 3 5 5 1
2 14 1 1 0 0 710 1 1 1 5
2 15 1 1 0 0 750 1 5 5 1
2 16 1 0 0 0 760 2 11 11 5
2 17 1 0 0 0 760 3 10 10 11
2 18 1 1 0 0 482 1 11 11 10
2 19 1 0 0 0 760 3 12 12 11
2 20 1 0 0 0 760 2 15 15 12
2 21 1 0 0 0 760 3 6 6 15
2 22 1 0 0 0 760 2 9 9 6
2 23 1 1 0 0 574 1 6 6 9
2 24 1 1 0 0 655 1 9 9 6
2 25 1 0 0 0 760 2 4 4 9
3 1 1 0 0 0 760 2 3 3 4
3 2 1 0 0 0 760 1 2 2 3
3 3 1 0 0 0 760 2 8 8 2
3 4 1 0 0 0 760 3 6 6 8
3 5 1 1 0 0 641 1 8 8 6
3 6 1 0 0 0 760 2 11 11 8
3 7 1 1 0 0 658 1 8 8 11
3 8 0 0 1 0 760 1 11 11 8
3 9 1 0 0 0 760 3 1 1 11
3 10 1 0 0 0 760 2 6 6 1
3 11 0 0 1 0 760 1 1 1 6
3 12 1 1 0 0 626 1 6 6 1
3 13 1 1 0 0 519 1 1 1 6
3 14 1 0 0 0 760 3 14 14 1
3 15 1 1 0 0 631 1 1 1 14
3 16 1 0 0 0 760 2 9 9 1
3 17 1 0 0 0 760 3 2 2 9
3 18 1 0 0 0 760 2 7 7 2
3 19 1 1 0 0 469 1 2 2 7
3 20 1 0 0 0 760 2 1 1 2
3 21 1 0 0 0 760 2 12 12 1
3 22 1 0 0 0 760 3 4 4 12
3 23 1 0 0 0 760 3 4 4 4
3 24 1 1 0 0 425 1 4 4 4
3 25 1 0 0 0 760 3 7 7 4
