1 1 1 0 0 0 760 3 6 6 0
1 2 1 0 0 0 760 2 13 13 6
1 3 1 1 0 0 640 1 6 6 13
1 4 1 0 0 0 760 3 7 7 6
1 5 1 0 0 0 760 3 10 10 7
1 6 1 0 0 0 760 2 14 14 10
1 7 0 0 1 0 760 1 10 10 14
1 8 0 0 0 1 729 3 12 12 10
1 9 1 0 0 0 760 2 11 11 12
1 10 1 1 0 0 699 1 12 12 11
1 11 0 0 1 0 760 1 11 11 12
1 12 1 1 0 0 724 1 12 12 11
1 13 1 0 0 0 760 3 1 1 12
1 14 1 1 0 0 507 1 12 12 1
1 15 1 0 0 0 760 3 5 5 12
1 16 0 0 0 1 523 3 5 5 5
1 17 0 0 1 0 760 1 5 5 5
1 18 1 1 0 0 478 1 5 5 5
1 19 1 0 0 0 760 2 6 6 5
1 20 1 0 0 0 760 3 10 10 6
1 21 1 0 0 0 760 3 4 4 10
1 22 1 0 0 0 760 3 4 4 4
1 23 1 0 0 0 760 2 7 7 4
1 24 1 1 0 0 538 1 4 4 7
1 25 1 1 0 0 678 1 7 7 4
2 1 1 0 0 0 760 1 7 7 7
2 2 1 0 0 0 760 3 2 2 7
2 3 1 1 0 0 599 1 7 7 2
2 4 1 0 0 0 760 3 14 14 7
2 5 1 1 0 0 495 1 7 7 14
2 6 1 1 0 0 703 1 14 14 7
2 7 1 1 0 0 486 1 7 7 14
2 8 1 0 0 0 760 3 5 5 7
2 9 1 0 0 0 760 3 3 3 5
2 10 1 1 0 0 483 1 5 5 3
2 11 0 0 0 1 500 3 5 5 5
2 12 1 1 0 0 619 1 5 5 5
2 13 1 0 0 0 760 2 13 13 5
2 14 1 0 0 0 760 2 4 4 13
2 15 1 0 0 0 760 3 15 15 4
2 16 1 0 0 0 760 2 1 1 15
2 17 1 0 0 0 760 2 10 10 1
2 18 1 1 0 0 707 1 1 1 10
2 19 1 0 0 0 760 2 12 12 1
2 20 1 1 0 0 719 1 1 1 12
2 21 1 1 0 0 603 1 12 12 1
2 22 1 0 0 0 760 2 9 9 12
2 23 1 1 0 0 540 1 12 12 9
2 24 1 0 0 0 760 2 2 2 12
2 25 1 0 0 0 760 3 8 8 2
3 1 1 0 0 0 760 3 4 4 8
3 2 1 0 0 0 760 2 13 13 4
3 3 1 0 0 0 760 3 5 5 13
3 4 0 0 1 0 760 1 13 13 5
3 5 1 1 0 0 690 1 5 5 13
3 6 1 0 0 0 760 3 3 3 5
3 7 0 0 1 0 760 1 5 5 3
3 8 1 1 0 0 604 1 3 3 5
3 9 1 0 0 0 760 3 8 8 3
3 10 0 0 0 1 495 2 8 8 8
3 11 1 1 0 0 505 1 8 8 8
3 12 1 1 0 0 498 1 8 8 8
3 13 1 0 0 0 760 3 9 9 8
3 14 1 0 0 0 760 2 2 2 9
3 15 1 1 0 0 588 1 9 9 2
3 16 1 0 0 0 760 2 11 11 9
3 17 0 0 0 1 677 2 2 2 11
3 18 1 1 0 0 479 1 11 11 2
3 19 1 0 0 0 760 3 1 1 11
3 20 1 1 0 0 485 1 11 11 1
3 21 1 0 0 0 760 3 3 3 11
3 22 0 0 0 1 463 3 3 3 3
3 23 1 0 0 0 760 3 11 11 3
3 24 1 1 0 0 746 1 3 3 11
3 25 1 1 0 0 698 1 11 11 3
