1 1 1 0 0 0 760 2 15 15 0
1 2 1 0 0 0 760 3 12 12 15
1 3 1 0 0 0 760 2 13 13 12
1 4 1 0 0 0 760 3 3 3 13
1 5 1 0 0 0 760 3 3 3 3
1 6 1 0 0 0 760 3 2 2 3
1 7 0 0 1 0 760 1 3 3 2
1 8 1 0 0 0 760 2 13 13 3
1 9 1 0 0 0 760 3 2 2 13
1 10 1 0 0 0 760 2 15 15 2
1 11 0 0 1 0 760 1 2 2 15
1 12 0 0 1 0 760 1 15 15 2
1 13 1 1 0 0 531 1 2 2 15
1 14 1 0 0 0 760 2 3 3 2
1 15 1 0 0 0 760 3 1 1 3
1 16 1 0 0 0 760 3 15 15 1
1 17 1 0 0 0 760 2 3 3 15
1 18 1 0 0 0 760 3 10 10 3
1 19 1 0 0 0 760 2 7 7 10
1 20 0 0 1 0 760 1 10 10 7
1 21 1 0 0 0 760 3 10 10 10
1 22 1 0 0 0 760 2 12 12 10
1 23 1 1 0 0 579 1 10 10 12
1 24 0 0 1 0 760 1 12 12 10
1 25 1 1 0 0 683 1 10 10 12
2 1 1 0 0 0 760 3 13 13 10
2 2 1 0 0 0 760 3 5 5 13
2 3 1 0 0 0 760 3 15 15 5
2 4 1 0 0 0 760 3 11 11 15
2 5 1 0 0 0 760 3 1 1 11
2 6 1 0 0 0 760 3 2 2 1
2 7 0 0 1 0 760 1 1 1 2
2 8 1 0 0 0 760 2 15 15 1
2 9 1 1 0 0 517 1 1 1 15
2 10 1 1 0 0 674 1 15 15 1
2 11 1 0 0 0 760 3 5 5 15
2 12 1 0 0 0 760 3 12 12 5
2 13 1 0 0 0 760 2 13 13 12
2 14 1 0 0 0 760 2 5 5 13
2 15 1 0 0 0 760 3 8 8 5
2 16 1 1 0 0 615 1 5 5 8
2 17 0 0 1 0 760 1 8 8 5
2 18 1 0 0 0 760 3 2 2 8
2 19 1 0 0 0 760 2 9 9 2
2 20 1 1 0 0 506 1 2 2 9
2 21 1 0 0 0 760 2 14 14 2
2 22 0 0 0 1 582 3 14 14 14
2 23 1 1 0 0 749 1 14 14 14
2 24 1 0 0 0 760 2 9 9 14
2 25 1 1 0 0 571 1 14 14 9
3 1 1 0 0 0 760 2 1 1 14
3 2 1 0 0 0 760 2 7 7 1
3 3 1 0 0 0 760 3 7 7 7
3 4 1 0 0 0 760 3 6 6 7
3 5 1 1 0 0 518 1 7 7 6
3 6 1 0 0 0 760 3 5 5 7
3 7 1 1 0 0 595 1 7 7 5
3 8 1 0 0 0 760 3 15 15 7
3 9 1 1 0 0 565 1 7 7 15
3 10 0 0 1 0 760 1 15 15 7
3 11 0 0 1 0 760 1 7 7 15
3 12 1 0 0 0 760 2 13 13 7
3 13 1 0 0 0 760 3 1 1 13
3 14 1 0 0 0 760 2 9 9 1
3 15 1 0 0 0 760 3 13 13 9
3 16 1 0 0 0 760 3 5 5 13
3 17 1 0 0 0 760 3 7 7 5
3 18 1 0 0 0 760 2 7 7 7
3 19 1 0 0 0 760 2 2 2 7
3 20 1 0 0 0 760 3 10 10 2
3 21 1 0 0 0 760 3 3 3 10
3 22 1 0 0 0 760 2 1 1 3
3 23 1 0 0 0 760 3 14 14 1
3 24 0 0 1 0 760 1 1 1 14
3 25 1 0 0 0 760 2 3 3 1
