1 1 1 0 0 0 760 1 3 3 0
1 2 1 0 0 0 760 1 8 8 3
1 3 1 0 0 0 760 2 13 13 8
1 4 0 0 1 0 760 1 8 8 13
1 5 1 1 0 0 628 1 13 13 8
1 6 1 1 0 0 504 1 8 8 13
1 7 1 0 0 0 760 3 2 2 8
1 8 1 0 0 0 760 3 5 5 2
1 9 1 0 0 0 760 2 13 13 5
1 10 1 0 0 0 760 3 13 13 13
1 11 1 1 0 0 504 1 13 13 13
1 12 1 0 0 0 760 3 6 6 13
1 13 1 0 0 0 760 3 11 11 6
1 14 1 0 0 0 760 3 2 2 11
1 15 1 0 0 0 760 3 15 15 2
1 16 1 1 0 0 536 1 2 2 15
1 17 1 1 0 0 670 1 15 15 2
1 18 1 1 0 0 551 1 2 2 15
1 19 1 0 0 0 760 2 4 4 2
1 20 1 1 0 0 484 1 2 2 4
1 21 1 0 0 0 760 3 9 9 2
1 22 1 1 0 0 480 1 2 2 9
1 23 1 0 0 0 760 3 3 3 2
1 24 1 1 0 0 510 1 2 2 3
1 25 1 1 0 0 465 1 3 3 2
2 1 1 0 0 0 760 2 15 15 3
2 2 1 0 0 0 760 2 4 4 15
2 3 0 0 1 0 760 1 15 15 4
2 4 1 0 0 0 760 2 1 1 15
2 5 1 0 0 0 760 2 6 6 1
2 6 1 0 0 0 760 2 13 13 6
2 7 1 0 0 0 760 3 15 15 13
2 8 1 0 0 0 760 3 12 12 15
2 9 1 0 0 0 760 2 11 11 12
2 10 1 0 0 0 760 2 9 9 11
2 11 1 1 0 0 533 1 11 11 9
2 12 0 0 0 1 642 2 11 11 11
2 13 1 1 0 0 717 1 11 11 11
2 14 1 1 0 0 649 1 11 11 11
2 15 1 0 0 0 760 2 4 4 11
2 16 1 0 0 0 760 3 7 7 4
2 17 1 0 0 0 760 3 5 5 7
2 18 1 0 0 0 760 3 3 3 5
2 19 1 0 0 0 760 2 15 15 3
2 20 1 0 0 0 760 3 4 4 15
2 21 1 1 0 0 649 1 15 15 4
2 22 1 0 0 0 760 3 13 13 15
2 23 1 0 0 0 760 2 13 13 13
2 24 1 0 0 0 760 3 10 10 13
2 25 1 0 0 0 760 2 8 8 10
3 1 1 0 0 0 760 3 7 7 8
3 2 1 0 0 0 760 3 10 10 7
3 3 1 1 0 0 522 1 7 7 10
3 4 1 0 0 0 760 2 12 12 7
3 5 1 0 0 0 760 2 5 5 12
3 6 1 0 0 0 760 2 3 3 5
3 7 1 0 0 0 760 3 6 6 3
3 8 1 1 0 0 626 1 3 3 6
3 9 1 1 0 0 728 1 6 6 3
3 10 1 1 0 0 558 1 3 3 6
3 11 1 1 0 0 507 1 6 6 3
3 12 1 0 0 0 760 3 5 5 6
3 13 1 0 0 0 760 3 11 11 5
3 14 1 1 0 0 440 1 5 5 11
3 15 1 0 0 0 760 3 13 13 5
3 16 1 0 0 0 760 2 11 11 13
3 17 1 0 0 0 760 3 15 15 11
3 18 1 1 0 0 497 1 11 11 15
3 19 1 1 0 0 620 1 15 15 11
3 20 1 0 0 0 760 3 12 12 15
3 21 1 0 0 0 760 3 13 13 12
3 22 0 0 1 0 760 1 12 12 13
3 23 1 1 0 0 471 1 13 13 12
3 24 1 0 0 0 760 2 6 6 13
3 25 1 0 0 0 760 2 6 6 6
