1 1 1 0 0 0 760 3 15 15 0
1 2 1 0 0 0 760 2 15 15 15
1 3 1 0 0 0 760 3 5 5 15
1 4 1 0 0 0 760 2 13 13 5
1 5 1 0 0 0 760 2 4 4 13
1 6 0 0 1 0 760 1 13 13 4
1 7 0 0 1 0 760 1 4 4 13
1 8 1 0 0 0 760 2 10 10 4
1 9 1 1 0 0 576 1 4 4 10
1 10 1 0 0 0 760 2 5 5 4
1 11 1 1 0 0 464 1 4 4 5
1 12 1 0 0 0 760 3 13 13 4
1 13 1 0 0 0 760 3 5 5 13
1 14 1 0 0 0 760 3 6 6 5
1 15 1 1 0 0 536 1 5 5 6
1 16 1 0 0 0 760 3 8 8 5
1 17 1 1 0 0 488 1 5 5 8
1 18 1 1 0 0 519 1 8 8 5
1 19 1 0 0 0 760 2 3 3 8
1 20 1 0 0 0 760 2 6 6 3
1 21 1 0 0 0 760 3 9 9 6
1 22 0 0 0 1 560 2 5 5 9
1 23 1 0 0 0 760 2 3 3 5
1 24 1 0 0 0 760 3 13 13 3
1 25 1 0 0 0 760 2 10 10 13
2 1 1 0 0 0 760 1 1 1 10
2 2 1 0 0 0 760 2 14 14 1
2 3 1 0 0 0 760 3 14 14 14
2 4 1 0 0 0 760 2 4 4 14
2 5 1 0 0 0 760 2 4 4 4
2 6 1 0 0 0 760 2 12 12 4
2 7 1 0 0 0 760 2 12 12 12
2 8 1 0 0 0 760 2 14 14 12
2 9 0 0 1 0 760 1 12 12 14
2 10 1 0 0 0 760 2 2 2 12
2 11 0 0 1 0 760 1 12 12 2
2 12 1 0 0 0 760 3 6 6 12
2 13 0 0 1 0 760 1 12 12 6
2 14 0 0 1 0 760 1 6 6 12
2 15 0 0 1 0 760 1 12 12 6
2 16 0 0 1 0 760 1 6 6 12
2 17 1 0 0 0 760 2 13 13 6
2 18 1 0 0 0 760 3 1 1 13
2 19 1 0 0 0 760 3 5 5 1
2 20 1 0 0 0 760 2 6 6 5
2 21 1 0 0 0 760 3 9 9 6
2 22 1 1 0 0 532 1 6 6 9
2 23 1 0 0 0 760 2 3 3 6
2 24 1 0 0 0 760 3 11 11 3
2 25 1 0 0 0 760 3 8 8 11
3 1 1 0 0 0 760 1 8 8 8
3 2 1 0 0 0 760 3 10 10 8
3 3 1 0 0 0 760 3 13 13 10
3 4 1 1 0 0 598 1 10 10 13
3 5 1 1 0 0 620 1 13 13 10
3 6 1 0 0 0 760 3 8 8 13
3 7 1 1 0 0 667 1 13 13 8
3 8 1 1 0 0 622 1 8 8 13
3 9 1 0 0 0 760 3 1 1 8
3 10 1 0 0 0 760 3 7 7 1
3 11 1 0 0 0 760 2 10 10 7
3 12 1 1 0 0 510 1 7 7 10
3 13 1 0 0 0 760 3 13 13 7
3 14 1 0 0 0 760 2 11 11 13
3 15 1 0 0 0 760 3 1 1 11
3 16 1 0 0 0 760 2 12 12 1
3 17 1 0 0 0 760 2 14 14 12
3 18 0 0 0 1 630 3 14 14 14
3 19 1 0 0 0 760 2 10 10 14
3 20 0 0 1 0 760 1 14 14 10
3 21 1 0 0 0 760 3 6 6 14
3 22 0 0 1 0 760 1 14 14 6
3 23 1 1 0 0 607 1 6 6 14
3 24 1 1 0 0 700 1 14 14 6
3 25 1 0 0 0 760 2 3 3 14
