1 1 1 0 0 0 760 2 14 14 0
1 2 1 0 0 0 760 2 5 5 14
1 3 1 0 0 0 760 3 6 6 5
1 4 1 1 0 0 556 1 5 5 6
1 5 1 0 0 0 760 3 8 8 5
1 6 1 1 0 0 664 1 5 5 8
1 7 0 0 0 1 565 2 5 5 5
1 8 1 0 0 0 760 3 11 11 5
1 9 1 0 0 0 760 2 11 11 11
1 10 1 0 0 0 760 3 12 12 11
1 11 1 1 0 0 618 1 11 11 12
1 12 1 0 0 0 760 2 13 13 11
1 13 1 0 0 0 760 2 4 4 13
1 14 1 0 0 0 760 2 9 9 4
1 15 1 0 0 0 760 2 3 3 9
1 16 1 0 0 0 760 2 4 4 3
1 17 1 1 0 0 582 1 3 3 4
1 18 1 0 0 0 760 2 11 11 3
1 19 1 1 0 0 745 1 3 3 11
1 20 1 0 0 0 760 2 4 4 3
1 21 0 0 1 0 760 1 3 3 4
1 22 1 0 0 0 760 3 12 12 3
1 23 1 0 0 0 760 2 1 1 12
1 24 1 0 0 0 760 3 4 4 1
1 25 1 1 0 0 424 1 1 1 4
2 1 1 0 0 0 760 2 1 1 1
2 2 1 0 0 0 760 2 7 7 1
2 3 1 1 0 0 633 1 1 1 7
2 4 0 0 1 0 760 1 7 7 1
2 5 1 0 0 0 760 2 6 6 7
2 6 1 0 0 0 760 3 10 10 6
2 7 1 0 0 0 760 2 1 1 10
2 8 1 1 0 0 753 1 10 10 1
2 9 1 1 0 0 452 1 1 1 10
2 10 1 1 0 0 554 1 10 10 1
2 11 1 0 0 0 760 3 9 9 10
2 12 1 1 0 0 491 1 10 10 9
2 13 1 0 0 0 760 2 2 2 10
2 14 0 0 1 0 760 1 10 10 2
2 15 1 0 0 0 760 3 1 1 10
2 16 1 1 0 0 478 1 10 10 1
2 17 1 0 0 0 760 3 9 9 10
2 18 1 1 0 0 474 1 10 10 9
2 19 0 0 1 0 760 1 9 9 10
2 20 1 1 0 0 586 1 10 10 9
2 21 1 0 0 0 760 3 11 11 10
2 22 1 0 0 0 760 2 8 8 11
2 23 1 0 0 0 760 2 3 3 8
2 24 0 0 0 1 565 2 3 3 3
2 25 1 0 0 0 760 2 6 6 3
3 1 1 0 0 0 760 3 14 14 6
3 2 1 0 0 0 760 2 10 10 14
3 3 1 0 0 0 760 3 9 9 10
3 4 0 0 1 0 760 1 10 10 9
3 5 1 0 0 0 760 3 12 12 10
3 6 1 0 0 0 760 2 5 5 12
3 7 1 0 0 0 760 2 9 9 5
3 8 1 1 0 0 569 1 5 5 9
3 9 1 0 0 0 760 3 5 5 5
3 10 1 0 0 0 760 2 6 6 5
3 11 1 1 0 0 419 1 5 5 6
3 12 1 0 0 0 760 3 14 14 5
3 13 1 1 0 0 475 1 5 5 14
3 14 1 1 0 0 551 1 14 14 5
3 15 1 1 0 0 468 1 5 5 14
3 16 1 0 0 0 760 3 9 9 5
3 17 1 1 0 0 564 1 5 5 9
3 18 1 0 0 0 760 3 12 12 5
3 19 1 1 0 0 590 1 5 5 12
3 20 0 0 0 1 602 3 9 9 5
3 21 1 0 0 0 760 3 6 6 9
3 22 1 0 0 0 760 2 15 15 6
3 23 1 0 0 0 760 3 2 2 15
3 24 1 0 0 0 760 3 5 5 2
3 25 1 0 0 0 760 2 11 11 5
