1 1 1 0 0 0 760 3 3 3 0
1 2 1 0 0 0 760 2 5 5 3
1 3 1 0 0 0 760 2 5 5 5
1 4 1 1 0 0 650 1 5 5 5
1 5 1 0 0 0 760 3 4 4 5
1 6 1 1 0 0 467 1 5 5 4
1 7 1 1 0 0 548 1 4 4 5
1 8 0 0 1 0 760 1 5 5 4
1 9 1 0 0 0 760 2 11 11 5
1 10 1 0 0 0 760 3 1 1 11
1 11 1 0 0 0 760 3 5 5 1
1 12 1 0 0 0 760 3 4 4 5
1 13 1 1 0 0 430 1 5 5 4
1 14 1 0 0 0 760 2 7 7 5
1 15 1 0 0 0 760 3 12 12 7
1 16 1 0 0 0 760 3 15 15 12
1 17 1 0 0 0 760 3 5 5 15
1 18 1 0 0 0 760 3 6 6 5
1 19 0 0 1 0 760 1 5 5 6
1 20 1 1 0 0 542 1 6 6 5
1 21 1 1 0 0 550 1 5 5 6
1 22 1 0 0 0 760 2 4 4 5
1 23 1 1 0 0 409 1 5 5 4
1 24 1 1 0 0 463 1 4 4 5
1 25 1 0 0 0 760 3 9 9 4
2 1 1 0 0 0 760 3 10 10 9
2 2 1 0 0 0 760 1 4 4 10
2 3 1 1 0 0 416 1 10 10 4
2 4 1 0 0 0 760 2 11 11 10
2 5 1 0 0 0 760 3 1 1 11
2 6 1 0 0 0 760 3 5 5 1
2 7 1 0 0 0 760 3 10 10 5
2 8 1 0 0 0 760 3 6 6 10
2 9 1 1 0 0 572 1 10 10 6
2 10 1 0 0 0 760 2 15 15 10
2 11 1 0 0 0 760 2 7 7 15
2 12 1 0 0 0 760 2 1 1 7
2 13 1 0 0 0 760 2 13 13 1
2 14 1 0 0 0 760 2 2 2 13
2 15 1 0 0 0 760 2 9 9 2
2 16 1 0 0 0 760 3 12 12 9
2 17 1 0 0 0 760 2 12 12 12
2 18 1 1 0 0 485 1 12 12 12
2 19 1 1 0 0 519 1 12 12 12
2 20 1 0 0 0 760 2 10 10 12
2 21 1 0 0 0 760 3 2 2 10
2 22 1 0 0 0 760 2 4 4 2
2 23 1 1 0 0 503 1 2 2 4
2 24 1 0 0 0 760 2 12 12 2
2 25 1 0 0 0 760 2 14 14 12
3 1 1 0 0 0 760 1 13 13 14
3 2 1 0 0 0 760 3 12 12 13
3 3 1 1 0 0 434 1 13 13 12
3 4 1 0 0 0 760 2 5 5 13
3 5 1 1 0 0 554 1 13 13 5
3 6 1 0 0 0 760 2 3 3 13
3 7 1 0 0 0 760 3 15 15 3
3 8 1 1 0 0 416 1 3 3 15
3 9 1 0 0 0 760 3 6 6 3
3 10 1 0 0 0 760 3 4 4 6
3 11 1 0 0 0 760 3 7 7 4
3 12 1 0 0 0 760 2 10 10 7
3 13 1 0 0 0 760 2 5 5 10
3 14 1 0 0 0 760 2 11 11 5
3 15 1 0 0 0 760 3 3 3 11
3 16 1 0 0 0 760 2 15 15 3
3 17 1 0 0 0 760 2 11 11 15
3 18 1 0 0 0 760 2 5 5 11
3 19 1 0 0 0 760 3 13 13 5
3 20 1 1 0 0 552 1 5 5 13
3 21 0 0 1 0 760 1 13 13 5
3 22 1 0 0 0 760 2 8 8 13
3 23 0 0 1 0 760 1 13 13 8
3 24 1 0 0 0 760 2 7 7 13
3 25 1 0 0 0 760 2 1 1 7
