1 1 1 0 0 0 760 1 7 7 0
1 2 1 0 0 0 760 2 11 11 7
1 3 1 0 0 0 760 2 2 2 11
1 4 1 0 0 0 760 3 14 14 2
1 5 1 1 0 0 515 1 2 2 14
1 6 1 0 0 0 760 2 15 15 2
1 7 1 0 0 0 760 2 6 6 15
1 8 1 0 0 0 760 2 6 6 6
1 9 1 0 0 0 760 2 5 5 6
1 10 1 0 0 0 760 2 1 1 5
1 11 1 0 0 0 760 3 10 10 1
1 12 1 0 0 0 760 2 2 2 10
1 13 1 1 0 0 494 1 10 10 2
1 14 1 0 0 0 760 3 1 1 10
1 15 1 0 0 0 760 3 12 12 1
1 16 1 0 0 0 760 3 2 2 12
1 17 1 0 0 0 760 2 8 8 2
1 18 1 0 0 0 760 2 11 11 8
1 19 1 0 0 0 760 2 7 7 11
1 20 1 0 0 0 760 2 2 2 7
1 21 1 0 0 0 760 3 12 12 2
1 22 1 0 0 0 760 3 3 3 12
1 23 1 0 0 0 760 3 15 15 3
1 24 1 1 0 0 701 1 3 3 15
1 25 1 0 0 0 760 3 9 9 3
2 1 1 0 0 0 760 1 8 8 9
2 2 1 0 0 0 760 3 15 15 8
2 3 1 1 0 0 433 1 8 8 15
2 4 1 0 0 0 760 2 2 2 8
2 5 1 0 0 0 760 2 7 7 2
2 6 1 0 0 0 760 3 5 5 7
2 7 1 0 0 0 760 2 11 11 5
2 8 1 0 0 0 760 3 6 6 11
2 9 1 1 0 0 662 1 11 11 6
2 10 1 0 0 0 760 2 10 10 11
2 11 0 0 1 0 760 1 11 11 10
2 12 1 0 0 0 760 3 9 9 11
2 13 0 0 1 0 760 1 11 11 9
2 14 1 1 0 0 625 1 9 9 11
2 15 1 1 0 0 539 1 11 11 9
2 16 1 1 0 0 622 1 9 9 11
2 17 1 1 0 0 454 1 11 11 9
2 18 1 0 0 0 760 3 4 4 11
2 19 0 0 1 0 760 1 11 11 4
2 20 1 0 0 0 760 2 10 10 11
2 21 1 1 0 0 491 1 11 11 10
2 22 1 0 0 0 760 3 14 14 11
2 23 1 0 0 0 760 2 8 8 14
2 24 1 0 0 0 760 3 10 10 8
2 25 1 0 0 0 760 3 2 2 10
3 1 1 0 0 0 760 1 2 2 2
3 2 1 0 0 0 760 3 3 3 2
3 3 1 1 0 0 555 1 2 2 3
3 4 1 0 0 0 760 3 4 4 2
3 5 1 0 0 0 760 3 12 12 4
3 6 1 0 0 0 760 3 10 10 12
3 7 0 0 1 0 760 1 12 12 10
3 8 1 0 0 0 760 2 7 7 12
3 9 0 0 1 0 760 1 12 12 7
3 10 1 0 0 0 760 3 4 4 12
3 11 1 0 0 0 760 2 14 14 4
3 12 0 0 1 0 760 1 4 4 14
3 13 0 0 0 1 567 3 10 10 4
3 14 1 0 0 0 760 2 6 6 10
3 15 1 0 0 0 760 2 1 1 6
3 16 1 1 0 0 605 1 6 6 1
3 17 1 0 0 0 760 3 11 11 6
3 18 0 0 0 1 550 3 11 11 11
3 19 1 0 0 0 760 3 1 1 11
3 20 0 0 1 0 760 1 11 11 1
3 21 1 0 0 0 760 2 10 10 11
3 22 1 0 0 0 760 2 14 14 10
3 23 1 0 0 0 760 2 15 15 14
3 24 0 0 1 0 760 1 14 14 15
3 25 1 1 0 0 428 1 15 15 14
