1 1 1 0 0 0 760 2 2 2 0
1 2 1 0 0 0 760 3 14 14 2
1 3 1 0 0 0 760 2 7 7 14
1 4 1 0 0 0 760 2 11 11 7
1 5 1 1 0 0 713 1 7 7 11
1 6 1 0 0 0 760 2 1 1 7
1 7 0 0 0 1 656 2 2 2 1
1 8 1 1 0 0 622 1 1 1 2
1 9 1 0 0 0 760 3 3 3 1
1 10 1 0 0 0 760 3 3 3 3
1 11 1 0 0 0 760 3 7 7 3
1 12 1 1 0 0 439 1 3 3 7
1 13 1 0 0 0 760 2 1 1 3
1 14 1 1 0 0 507 1 3 3 1
1 15 1 1 0 0 692 1 1 1 3
1 16 1 0 0 0 760 3 15 15 1
1 17 1 1 0 0 477 1 1 1 15
1 18 1 0 0 0 760 2 2 2 1
1 19 0 0 0 1 664 3 3 3 2
1 20 1 0 0 0 760 3 15 15 3
1 21 1 0 0 0 760 3 12 12 15
1 22 1 1 0 0 626 1 15 15 12
1 23 1 0 0 0 760 2 8 8 15
1 24 1 0 0 0 760 3 10 10 8
1 25 1 0 0 0 760 2 3 3 10
2 1 1 0 0 0 760 3 3 3 3
2 2 1 0 0 0 760 1 10 10 3
2 3 1 1 0 0 505 1 3 3 10
2 4 1 0 0 0 760 2 3 3 3
2 5 1 0 0 0 760 3 14 14 3
2 6 1 1 0 0 473 1 3 3 14
2 7 1 0 0 0 760 2 7 7 3
2 8 1 0 0 0 760 3 11 11 7
2 9 1 0 0 0 760 2 9 9 11
2 10 1 0 0 0 760 3 5 5 9
2 11 1 0 0 0 760 3 8 8 5
2 12 1 1 0 0 472 1 5 5 8
2 13 1 1 0 0 482 1 8 8 5
2 14 1 0 0 0 760 2 12 12 8
2 15 1 1 0 0 508 1 8 8 12
2 16 1 0 0 0 760 3 13 13 8
2 17 0 0 1 0 760 1 8 8 13
2 18 1 1 0 0 690 1 13 13 8
2 19 1 0 0 0 760 2 4 4 13
2 20 0 0 1 0 760 1 13 13 4
2 21 1 0 0 0 760 3 1 1 13
2 22 1 0 0 0 760 2 5 5 1
2 23 1 1 0 0 460 1 1 1 5
2 24 1 1 0 0 460 1 5 5 1
2 25 1 1 0 0 520 1 1 1 5
3 1 1 0 0 0 760 1 12 12 1
3 2 1 0 0 0 760 2 15 15 12
3 3 1 0 0 0 760 3 3 3 15
3 4 1 0 0 0 760 3 1 1 3
3 5 1 0 0 0 760 3 2 2 1
3 6 1 0 0 0 760 3 2 2 2
3 7 1 1 0 0 509 1 2 2 2
3 8 1 0 0 0 760 3 6 6 2
3 9 1 0 0 0 760 2 4 4 6
3 10 1 0 0 0 760 3 13 13 4
3 11 1 0 0 0 760 2 7 7 13
3 12 1 0 0 0 760 2 10 10 7
3 13 1 1 0 0 627 1 7 7 10
3 14 1 0 0 0 760 3 8 8 7
3 15 1 1 0 0 497 1 7 7 8
3 16 1 0 0 0 760 3 1 1 7
3 17 1 0 0 0 760 3 3 3 1
3 18 1 0 0 0 760 2 7 7 3
3 19 1 0 0 0 760 2 2 2 7
3 20 1 1 0 0 522 1 7 7 2
3 21 1 1 0 0 506 1 2 2 7
3 22 1 0 0 0 760 3 15 15 2
3 23 1 1 0 0 478 1 2 2 15
3 24 1 1 0 0 644 1 15 15 2
3 25 1 0 0 0 760 3 13 13 15
