1 1 1 0 0 0 760 1 15 15 0
1 2 1 0 0 0 760 2 3 3 15
1 3 1 1 0 0 500 1 15 15 3
1 4 1 0 0 0 760 2 5 5 15
1 5 1 0 0 0 760 2 10 10 5
1 6 1 1 0 0 498 1 5 5 10
1 7 1 0 0 0 760 3 2 2 5
1 8 1 0 0 0 760 2 9 9 2
1 9 1 0 0 0 760 2 6 6 9
1 10 1 0 0 0 760 2 7 7 6
1 11 1 0 0 0 760 3 5 5 7
1 12 1 0 0 0 760 2 5 5 5
1 13 1 0 0 0 760 3 2 2 5
1 14 1 1 0 0 483 1 5 5 2
1 15 1 1 0 0 491 1 2 2 5
1 16 1 0 0 0 760 3 7 7 2
1 17 1 1 0 0 480 1 2 2 7
1 18 1 0 0 0 760 3 6 6 2
1 19 1 0 0 0 760 2 15 15 6
1 20 1 0 0 0 760 3 7 7 15
1 21 1 1 0 0 460 1 15 15 7
1 22 1 0 0 0 760 2 8 8 15
1 23 1 0 0 0 760 2 4 4 8
1 24 1 0 0 0 760 3 1 1 4
1 25 1 1 0 0 522 1 4 4 1
2 1 1 0 0 0 760 1 7 7 4
2 2 1 0 0 0 760 2 2 2 7
2 3 1 0 0 0 760 2 3 3 2
2 4 1 0 0 0 760 3 1 1 3
2 5 1 1 0 0 491 1 3 3 1
2 6 1 1 0 0 515 1 1 1 3
2 7 1 0 0 0 760 2 2 2 1
2 8 1 1 0 0 535 1 1 1 2
2 9 1 0 0 0 760 2 7 7 1
2 10 1 1 0 0 497 1 1 1 7
2 11 1 0 0 0 760 3 15 15 1
2 12 1 0 0 0 760 3 15 15 15
2 13 1 0 0 0 760 2 13 13 15
2 14 1 0 0 0 760 2 4 4 13
2 15 1 1 0 0 707 1 13 13 4
2 16 1 1 0 0 635 1 4 4 13
2 17 1 0 0 0 760 3 9 9 4
2 18 1 0 0 0 760 2 1 1 9
2 19 1 0 0 0 760 2 4 4 1
2 20 1 1 0 0 758 1 1 1 4
2 21 1 0 0 0 760 3 14 14 1
2 22 1 0 0 0 760 2 6 6 14
2 23 1 0 0 0 760 3 2 2 6
2 24 1 0 0 0 760 2 8 8 2
2 25 1 1 0 0 490 1 2 2 8
3 1 1 0 0 0 760 3 15 15 2
3 2 1 0 0 0 760 1 5 5 15
3 3 1 0 0 0 760 3 11 11 5
3 4 1 0 0 0 760 3 11 11 11
3 5 1 0 0 0 760 2 9 9 11
3 6 1 1 0 0 478 1 11 11 9
3 7 1 0 0 0 760 3 6 6 11
3 8 1 0 0 0 760 3 10 10 6
3 9 1 0 0 0 760 3 10 10 10
3 10 1 0 0 0 760 2 4 4 10
3 11 1 0 0 0 760 2 4 4 4
3 12 1 0 0 0 760 2 10 10 4
3 13 1 1 0 0 467 1 4 4 10
3 14 1 0 0 0 760 3 14 14 4
3 15 1 0 0 0 760 3 13 13 14
3 16 1 0 0 0 760 2 7 7 13
3 17 1 0 0 0 760 2 3 3 7
3 18 1 0 0 0 760 2 12 12 3
3 19 1 1 0 0 687 1 3 3 12
3 20 1 1 0 0 488 1 12 12 3
3 21 1 1 0 0 588 1 3 3 12
3 22 1 0 0 0 760 2 1 1 3
3 23 1 0 0 0 760 2 12 12 1
3 24 1 0 0 0 760 2 15 15 12
3 25 1 0 0 0 760 2 13 13 15
