1 1 1 0 0 0 760 2 13 13 0
1 2 1 0 0 0 760 3 13 13 13
1 3 1 1 0 0 542 1 13 13 13
1 4 0 0 0 1 611 3 12 12 13
1 5 1 1 0 0 659 1 13 13 12
1 6 1 1 0 0 690 1 12 12 13
1 7 1 1 0 0 516 1 13 13 12
1 8 1 1 0 0 501 1 12 12 13
1 9 1 0 0 0 760 2 6 6 12
1 10 1 0 0 0 760 2 3 3 6
1 11 1 0 0 0 760 3 11 11 3
1 12 1 0 0 0 760 3 11 11 11
1 13 1 0 0 0 760 3 6 6 11
1 14 1 0 0 0 760 3 2 2 6
1 15 1 1 0 0 554 1 6 6 2
1 16 1 0 0 0 760 2 9 9 6
1 17 1 0 0 0 760 3 2 2 9
1 18 0 0 1 0 760 1 9 9 2
1 19 1 0 0 0 760 3 13 13 9
1 20 0 0 1 0 760 1 9 9 13
1 21 1 0 0 0 760 2 14 14 9
1 22 1 0 0 0 760 2 15 15 14
1 23 1 1 0 0 652 1 14 14 15
1 24 1 0 0 0 760 2 6 6 14
1 25 1 0 0 0 760 3 8 8 6
2 1 1 0 0 0 760 3 13 13 8
2 2 1 0 0 0 760 3 12 12 13
2 3 1 1 0 0 509 1 13 13 12
2 4 1 0 0 0 760 2 2 2 13
2 5 1 0 0 0 760 3 15 15 2
2 6 1 1 0 0 583 1 2 2 15
2 7 1 0 0 0 760 2 11 11 2
2 8 1 0 0 0 760 2 1 1 11
2 9 1 0 0 0 760 3 9 9 1
2 10 1 0 0 0 760 2 11 11 9
2 11 1 1 0 0 565 1 9 9 11
2 12 1 0 0 0 760 2 3 3 9
2 13 1 0 0 0 760 2 8 8 3
2 14 0 0 1 0 760 1 3 3 8
2 15 1 0 0 0 760 2 4 4 3
2 16 1 0 0 0 760 3 14 14 4
2 17 1 1 0 0 546 1 4 4 14
2 18 1 0 0 0 760 3 10 10 4
2 19 1 0 0 0 760 3 13 13 10
2 20 1 0 0 0 760 2 9 9 13
2 21 1 0 0 0 760 3 1 1 9
2 22 1 0 0 0 760 3 15 15 1
2 23 1 0 0 0 760 2 3 3 15
2 24 1 0 0 0 760 2 14 14 3
2 25 1 1 0 0 725 1 3 3 14
3 1 1 0 0 0 760 1 15 15 3
3 2 1 0 0 0 760 2 7 7 15
3 3 1 0 0 0 760 3 13 13 7
3 4 0 0 1 0 760 1 7 7 13
3 5 1 0 0 0 760 2 10 10 7
3 6 1 0 0 0 760 2 6 6 10
3 7 1 0 0 0 760 2 12 12 6
3 8 1 0 0 0 760 2 4 4 12
3 9 1 0 0 0 760 2 15 15 4
3 10 1 0 0 0 760 3 10 10 15
3 11 1 0 0 0 760 2 9 9 10
3 12 1 0 0 0 760 2 14 14 9
3 13 1 0 0 0 760 3 10 10 14
3 14 0 0 1 0 760 1 14 14 10
3 15 1 0 0 0 760 2 14 14 14
3 16 1 1 0 0 529 1 14 14 14
3 17 1 0 0 0 760 2 15 15 14
3 18 1 0 0 0 760 2 8 8 15
3 19 1 1 0 0 735 1 15 15 8
3 20 1 1 0 0 603 1 8 8 15
3 21 1 0 0 0 760 2 2 2 8
3 22 1 0 0 0 760 3 6 6 2
3 23 1 0 0 0 760 2 9 9 6
3 24 1 1 0 0 483 1 6 6 9
3 25 1 0 0 0 760 3 13 13 6
