1 1 1 0 0 0 760 3 1 1 0
1 2 1 0 0 0 760 3 4 4 1
1 3 1 0 0 0 760 3 3 3 4
1 4 1 0 0 0 760 2 7 7 3
1 5 1 1 0 0 460 1 3 3 7
1 6 1 0 0 0 760 3 13 13 3
1 7 1 0 0 0 760 2 11 11 13
1 8 1 0 0 0 760 3 4 4 11
1 9 1 0 0 0 760 3 5 5 4
1 10 1 0 0 0 760 3 6 6 5
1 11 1 1 0 0 691 1 5 5 6
1 12 1 1 0 0 643 1 6 6 5
1 13 1 0 0 0 760 2 14 14 6
1 14 1 1 0 0 717 1 6 6 14
1 15 1 1 0 0 556 1 14 14 6
1 16 1 1 0 0 539 1 6 6 14
1 17 1 1 0 0 622 1 14 14 6
1 18 1 1 0 0 614 1 6 6 14
1 19 1 0 0 0 760 3 2 2 6
1 20 1 1 0 0 463 1 6 6 2
1 21 1 0 0 0 760 3 8 8 6
1 22 1 0 0 0 760 2 4 4 8
1 23 1 0 0 0 760 3 14 14 4
1 24 1 0 0 0 760 3 14 14 14
1 25 1 0 0 0 760 2 15 15 14
2 1 1 0 0 0 760 1 7 7 15
2 2 1 0 0 0 760 1 3 3 7
2 3 1 0 0 0 760 2 9 9 3
2 4 1 0 0 0 760 2 11 11 9
2 5 1 1 0 0 532 1 9 9 11
2 6 1 1 0 0 425 1 11 11 9
2 7 1 0 0 0 760 2 6 6 11
2 8 1 0 0 0 760 3 1 1 6
2 9 1 0 0 0 760 3 2 2 1
2 10 1 1 0 0 513 1 1 1 2
2 11 1 0 0 0 760 2 9 9 1
2 12 1 0 0 0 760 2 7 7 9
2 13 1 0 0 0 760 3 11 11 7
2 14 1 0 0 0 760 2 3 3 11
2 15 1 1 0 0 503 1 11 11 3
2 16 1 0 0 0 760 2 5 5 11
2 17 1 0 0 0 760 2 15 15 5
2 18 1 0 0 0 760 2 2 2 15
2 19 1 1 0 0 460 1 15 15 2
2 20 1 1 0 0 735 1 2 2 15
2 21 1 0 0 0 760 2 4 4 2
2 22 1 1 0 0 468 1 2 2 4
2 23 1 0 0 0 760 3 15 15 2
2 24 1 0 0 0 760 2 7 7 15
2 25 1 0 0 0 760 2 11 11 7
3 1 1 0 0 0 760 3 3 3 11
3 2 1 0 0 0 760 3 7 7 3
3 3 1 1 0 0 526 1 3 3 7
3 4 1 1 0 0 468 1 7 7 3
3 5 1 0 0 0 760 2 10 10 7
3 6 1 0 0 0 760 3 10 10 10
3 7 1 0 0 0 760 2 1 1 10
3 8 1 1 0 0 448 1 10 10 1
3 9 1 0 0 0 760 2 13 13 10
3 10 1 1 0 0 471 1 10 10 13
3 11 1 0 0 0 760 3 3 3 10
3 12 1 1 0 0 458 1 10 10 3
3 13 1 1 0 0 474 1 3 3 10
3 14 0 0 0 1 429 3 14 14 3
3 15 1 0 0 0 760 2 6 6 14
3 16 1 1 0 0 473 1 14 14 6
3 17 1 0 0 0 760 3 13 13 14
3 18 1 0 0 0 760 3 13 13 13
3 19 1 0 0 0 760 2 3 3 13
3 20 1 0 0 0 760 3 6 6 3
3 21 1 0 0 0 760 3 10 10 6
3 22 1 0 0 0 760 2 7 7 10
3 23 1 0 0 0 760 2 15 15 7
3 24 1 1 0 0 503 1 7 7 15
3 25 1 0 0 0 760 2 11 11 7
