1 1 1 0 0 0 760 1 1 1 0
1 2 1 0 0 0 760 2 15 15 1
1 3 1 0 0 0 760 2 11 11 15
1 4 1 0 0 0 760 2 13 13 11
1 5 0 0 1 0 760 1 11 11 13
1 6 1 0 0 0 760 3 1 1 11
1 7 1 0 0 0 760 3 2 2 1
1 8 1 0 0 0 760 2 2 2 2
1 9 1 0 0 0 760 2 8 8 2
1 10 0 0 1 0 760 1 2 2 8
1 11 1 0 0 0 760 2 13 13 2
1 12 1 1 0 0 684 1 2 2 13
1 13 1 0 0 0 760 3 12 12 2
1 14 1 0 0 0 760 3 15 15 12
1 15 1 1 0 0 534 1 12 12 15
1 16 1 0 0 0 760 3 3 3 12
1 17 1 0 0 0 760 3 2 2 3
1 18 1 0 0 0 760 2 15 15 2
1 19 1 0 0 0 760 3 6 6 15
1 20 1 1 0 0 672 1 15 15 6
1 21 1 1 0 0 680 1 6 6 15
1 22 1 0 0 0 760 3 13 13 6
1 23 1 0 0 0 760 2 4 4 13
1 24 1 0 0 0 760 2 7 7 4
1 25 1 0 0 0 760 3 9 9 7
2 1 1 0 0 0 760 1 13 13 9
2 2 1 0 0 0 760 1 6 6 13
2 3 1 0 0 0 760 2 3 3 6
2 4 0 0 1 0 760 1 6 6 3
2 5 1 0 0 0 760 2 14 14 6
2 6 1 0 0 0 760 2 10 10 14
2 7 1 1 0 0 592 1 14 14 10
2 8 1 1 0 0 493 1 10 10 14
2 9 1 0 0 0 760 2 7 7 10
2 10 1 0 0 0 760 3 8 8 7
2 11 1 1 0 0 584 1 7 7 8
2 12 1 0 0 0 760 2 12 12 7
2 13 1 0 0 0 760 2 6 6 12
2 14 1 0 0 0 760 2 8 8 6
2 15 1 1 0 0 717 1 6 6 8
2 16 1 1 0 0 473 1 8 8 6
2 17 1 1 0 0 640 1 6 6 8
2 18 1 0 0 0 760 3 13 13 6
2 19 1 0 0 0 760 3 12 12 13
2 20 0 0 1 0 760 1 13 13 12
2 21 1 1 0 0 529 1 12 12 13
2 22 1 1 0 0 547 1 13 13 12
2 23 1 1 0 0 503 1 12 12 13
2 24 1 0 0 0 760 2 3 3 12
2 25 0 0 1 0 760 1 12 12 3
3 1 1 0 0 0 760 3 4 4 12
3 2 1 0 0 0 760 3 14 14 4
3 3 1 1 0 0 660 1 4 4 14
3 4 1 1 0 0 569 1 14 14 4
3 5 1 1 0 0 663 1 4 4 14
3 6 1 0 0 0 760 3 6 6 4
3 7 1 0 0 0 760 3 12 12 6
3 8 0 0 1 0 760 1 6 6 12
3 9 1 1 0 0 666 1 12 12 6
3 10 1 0 0 0 760 2 15 15 12
3 11 1 1 0 0 541 1 12 12 15
3 12 1 0 0 0 760 3 8 8 12
3 13 1 0 0 0 760 2 9 9 8
3 14 1 1 0 0 683 1 8 8 9
3 15 1 0 0 0 760 2 2 2 8
3 16 1 0 0 0 760 3 15 15 2
3 17 1 0 0 0 760 3 15 15 15
3 18 1 0 0 0 760 2 5 5 15
3 19 0 0 1 0 760 1 15 15 5
3 20 0 0 1 0 760 1 5 5 15
3 21 1 1 0 0 464 1 15 15 5
3 22 1 0 0 0 760 2 7 7 15
3 23 1 0 0 0 760 2 8 8 7
3 24 1 0 0 0 760 3 5 5 8
3 25 0 0 1 0 760 1 8 8 5
