1 1 1 0 0 0 760 1 5 5 0
1 2 1 0 0 0 760 2 12 12 5
1 3 1 0 0 0 760 2 10 10 12
1 4 1 0 0 0 760 3 10 10 10
1 5 1 0 0 0 760 3 12 12 10
1 6 1 0 0 0 760 3 3 3 12
1 7 0 0 1 0 760 1 12 12 3
1 8 1 1 0 0 709 1 3 3 12
1 9 1 0 0 0 760 3 14 14 3
1 10 1 0 0 0 760 2 1 1 14
1 11 1 0 0 0 760 3 10 10 1
1 12 1 0 0 0 760 3 2 2 10
1 13 1 0 0 0 760 3 15 15 2
1 14 1 0 0 0 760 3 9 9 15
1 15 0 0 1 0 760 1 15 15 9
1 16 1 0 0 0 760 2 6 6 15
1 17 1 0 0 0 760 3 7 7 6
1 18 1 0 0 0 760 3 12 12 7
1 19 1 0 0 0 760 3 4 4 12
1 20 1 0 0 0 760 2 5 5 4
1 21 0 0 1 0 760 1 4 4 5
1 22 1 0 0 0 760 3 12 12 4
1 23 1 0 0 0 760 2 12 12 12
1 24 1 0 0 0 760 2 6 6 12
1 25 1 0 0 0 760 2 1 1 6
2 1 1 0 0 0 760 2 5 5 1
2 2 1 0 0 0 760 1 6 6 5
2 3 1 0 0 0 760 2 15 15 6
2 4 1 0 0 0 760 2 9 9 15
2 5 1 1 0 0 670 1 15 15 9
2 6 1 0 0 0 760 3 15 15 15
2 7 1 0 0 0 760 3 14 14 15
2 8 1 0 0 0 760 3 3 3 14
2 9 0 0 1 0 760 1 14 14 3
2 10 1 0 0 0 760 2 14 14 14
2 11 1 0 0 0 760 2 8 8 14
2 12 0 0 1 0 760 1 14 14 8
2 13 0 0 1 0 760 1 8 8 14
2 14 1 0 0 0 760 2 15 15 8
2 15 1 0 0 0 760 2 3 3 15
2 16 1 1 0 0 567 1 15 15 3
2 17 1 1 0 0 527 1 3 3 15
2 18 1 1 0 0 578 1 15 15 3
2 19 1 1 0 0 500 1 3 3 15
2 20 1 1 0 0 557 1 15 15 3
2 21 0 0 0 1 211 3 9 9 15
2 22 1 0 0 0 760 3 9 9 9
2 23 1 0 0 0 760 2 4 4 9
2 24 1 0 0 0 760 2 14 14 4
2 25 1 0 0 0 760 2 8 8 14
3 1 1 0 0 0 760 1 13 13 8
3 2 1 0 0 0 760 3 4 4 13
3 3 1 0 0 0 760 2 2 2 4
3 4 1 0 0 0 760 3 3 3 2
3 5 1 0 0 0 760 3 14 14 3
3 6 1 0 0 0 760 3 2 2 14
3 7 0 0 1 0 760 1 14 14 2
3 8 1 1 0 0 547 1 2 2 14
3 9 0 0 1 0 760 1 14 14 2
3 10 1 0 0 0 760 3 9 9 14
3 11 1 0 0 0 760 2 4 4 9
3 12 0 0 1 0 760 1 9 9 4
3 13 1 1 0 0 705 1 4 4 9
3 14 1 0 0 0 760 2 5 5 4
3 15 0 0 1 0 760 1 4 4 5
3 16 1 0 0 0 760 2 13 13 4
3 17 0 0 1 0 760 1 4 4 13
3 18 1 0 0 0 760 3 1 1 4
3 19 1 0 0 0 760 2 9 9 1
3 20 0 0 1 0 760 1 1 1 9
3 21 1 0 0 0 760 2 3 3 1
3 22 1 1 0 0 613 1 1 1 3
3 23 1 1 0 0 588 1 3 3 1
3 24 1 0 0 0 760 2 15 15 3
3 25 0 0 1 0 760 1 3 3 15
