1 1 1 0 0 0 760 3 7 7 0
1 2 1 0 0 0 760 1 1 1 7
1 3 1 0 0 0 760 3 11 11 1
1 4 1 1 0 0 636 1 1 1 11
1 5 1 0 0 0 760 2 5 5 1
1 6 1 0 0 0 760 2 12 12 5
1 7 1 0 0 0 760 2 12 12 12
1 8 1 0 0 0 760 2 6 6 12
1 9 1 0 0 0 760 2 9 9 6
1 10 1 0 0 0 760 2 13 13 9
1 11 1 1 0 0 676 1 9 9 13
1 12 0 0 0 1 528 2 9 9 9
1 13 1 0 0 0 760 2 3 3 9
1 14 1 0 0 0 760 3 6 6 3
1 15 1 0 0 0 760 3 14 14 6
1 16 1 0 0 0 760 3 2 2 14
1 17 1 0 0 0 760 2 12 12 2
1 18 1 1 0 0 467 1 2 2 12
1 19 1 0 0 0 760 3 10 10 2
1 20 1 0 0 0 760 2 10 10 10
1 21 1 0 0 0 760 2 1 1 10
1 22 1 0 0 0 760 2 7 7 1
1 23 1 0 0 0 760 2 14 14 7
1 24 1 0 0 0 760 3 10 10 14
1 25 1 1 0 0 582 1 14 14 10
2 1 1 0 0 0 760 3 2 2 14
2 2 1 0 0 0 760 3 10 10 2
2 3 1 0 0 0 760 2 10 10 10
2 4 1 1 0 0 492 1 10 10 10
2 5 1 0 0 0 760 3 5 5 10
2 6 1 0 0 0 760 2 8 8 5
2 7 1 0 0 0 760 2 10 10 8
2 8 1 1 0 0 450 1 8 8 10
2 9 1 0 0 0 760 3 11 11 8
2 10 1 1 0 0 507 1 8 8 11
2 11 1 0 0 0 760 3 8 8 8
2 12 1 1 0 0 540 1 8 8 8
2 13 1 0 0 0 760 2 3 3 8
2 14 1 0 0 0 760 3 4 4 3
2 15 1 1 0 0 565 1 3 3 4
2 16 1 0 0 0 760 2 14 14 3
2 17 1 0 0 0 760 2 1 1 14
2 18 1 1 0 0 494 1 14 14 1
2 19 1 1 0 0 454 1 1 1 14
2 20 1 0 0 0 760 2 13 13 1
2 21 1 0 0 0 760 2 15 15 13
2 22 1 1 0 0 493 1 13 13 15
2 23 1 1 0 0 511 1 15 15 13
2 24 1 0 0 0 760 3 11 11 15
2 25 1 0 0 0 760 3 1 1 11
3 1 1 0 0 0 760 2 6 6 1
3 2 1 0 0 0 760 2 4 4 6
3 3 1 0 0 0 760 3 2 2 4
3 4 1 0 0 0 760 2 7 7 2
3 5 1 0 0 0 760 2 1 1 7
3 6 1 0 0 0 760 3 5 5 1
3 7 1 0 0 0 760 2 15 15 5
3 8 1 1 0 0 603 1 5 5 15
3 9 1 0 0 0 760 3 13 13 5
3 10 1 0 0 0 760 2 11 11 13
3 11 1 1 0 0 568 1 13 13 11
3 12 1 1 0 0 654 1 11 11 13
3 13 1 0 0 0 760 2 9 9 11
3 14 1 1 0 0 642 1 11 11 9
3 15 1 1 0 0 458 1 9 9 11
3 16 1 0 0 0 760 2 1 1 9
3 17 1 1 0 0 534 1 9 9 1
3 18 1 0 0 0 760 3 13 13 9
3 19 1 0 0 0 760 3 4 4 13
3 20 1 0 0 0 760 2 3 3 4
3 21 1 1 0 0 557 1 4 4 3
3 22 1 0 0 0 760 2 8 8 4
3 23 1 0 0 0 760 2 14 14 8
3 24 1 1 0 0 465 1 8 8 14
3 25 1 0 0 0 760 2 3 3 8
