1 1 1 0 0 0 760 2 13 13 0
1 2 1 0 0 0 760 2 9 9 13
1 3 1 1 0 0 656 1 13 13 9
1 4 1 0 0 0 760 3 10 10 13
1 5 1 1 0 0 663 1 13 13 10
1 6 1 0 0 0 760 3 5 5 13
1 7 0 0 1 0 760 1 13 13 5
1 8 1 1 0 0 711 1 5 5 13
1 9 0 0 0 1 569 3 5 5 5
1 10 1 0 0 0 760 2 10 10 5
1 11 1 0 0 0 760 2 13 13 10
1 12 1 0 0 0 760 3 12 12 13
1 13 1 0 0 0 760 3 14 14 12
1 14 0 0 1 0 760 1 12 12 14
1 15 1 1 0 0 669 1 14 14 12
1 16 1 0 0 0 760 3 6 6 14
1 17 1 0 0 0 760 2 11 11 6
1 18 1 0 0 0 760 2 5 5 11
1 19 1 0 0 0 760 2 5 5 5
1 20 1 1 0 0 567 1 5 5 5
1 21 1 1 0 0 569 1 5 5 5
1 22 1 0 0 0 760 2 14 14 5
1 23 0 0 1 0 760 1 5 5 14
1 24 1 0 0 0 760 2 10 10 5
1 25 0 0 1 0 760 1 5 5 10
2 1 1 0 0 0 760 1 14 14 5
2 2 1 0 0 0 760 3 1 1 14
2 3 1 1 0 0 656 1 14 14 1
2 4 1 0 0 0 760 3 5 5 14
2 5 1 0 0 0 760 2 2 2 5
2 6 1 0 0 0 760 2 2 2 2
2 7 1 0 0 0 760 2 14 14 2
2 8 1 0 0 0 760 3 14 14 14
2 9 1 1 0 0 637 1 14 14 14
2 10 1 0 0 0 760 3 9 9 14
2 11 1 0 0 0 760 2 9 9 9
2 12 1 0 0 0 760 3 6 6 9
2 13 1 0 0 0 760 3 11 11 6
2 14 1 0 0 0 760 3 13 13 11
2 15 1 1 0 0 576 1 11 11 13
2 16 0 0 1 0 760 1 13 13 11
2 17 1 0 0 0 760 2 8 8 13
2 18 1 0 0 0 760 3 1 1 8
2 19 1 0 0 0 760 3 3 3 1
2 20 1 0 0 0 760 3 14 14 3
2 21 1 1 0 0 559 1 3 3 14
2 22 1 0 0 0 760 2 4 4 3
2 23 1 1 0 0 507 1 3 3 4
2 24 1 0 0 0 760 2 9 9 3
2 25 1 0 0 0 760 3 10 10 9
3 1 1 0 0 0 760 3 7 7 10
3 2 1 0 0 0 760 3 1 1 7
3 3 0 0 1 0 760 1 7 7 1
3 4 1 1 0 0 669 1 1 1 7
3 5 0 0 1 0 760 1 7 7 1
3 6 0 0 0 1 571 3 7 7 7
3 7 1 0 0 0 760 3 14 14 7
3 8 1 0 0 0 760 3 12 12 14
3 9 1 0 0 0 760 2 8 8 12
3 10 1 0 0 0 760 2 2 2 8
3 11 1 0 0 0 760 3 15 15 2
3 12 1 1 0 0 616 1 2 2 15
3 13 1 0 0 0 760 3 10 10 2
3 14 1 0 0 0 760 2 1 1 10
3 15 1 0 0 0 760 3 11 11 1
3 16 0 0 1 0 760 1 1 1 11
3 17 1 0 0 0 760 2 13 13 1
3 18 1 0 0 0 760 3 12 12 13
3 19 1 0 0 0 760 2 9 9 12
3 20 0 0 1 0 760 1 12 12 9
3 21 1 0 0 0 760 3 15 15 12
3 22 0 0 1 0 760 1 12 12 15
3 23 1 0 0 0 760 2 14 14 12
3 24 1 0 0 0 760 3 9 9 14
3 25 1 0 0 0 760 3 2 2 9
