1 1 1 0 0 0 760 2 1 1 0
1 2 1 0 0 0 760 2 3 3 1
1 3 1 0 0 0 760 3 12 12 3
1 4 1 0 0 0 760 3 6 6 12
1 5 1 0 0 0 760 2 1 1 6
1 6 0 0 1 0 760 1 6 6 1
1 7 1 0 0 0 760 3 13 13 6
1 8 1 0 0 0 760 2 15 15 13
1 9 1 0 0 0 760 2 7 7 15
1 10 1 0 0 0 760 2 8 8 7
1 11 1 0 0 0 760 3 1 1 8
1 12 1 0 0 0 760 3 10 10 1
1 13 1 0 0 0 760 2 4 4 10
1 14 1 0 0 0 760 2 13 13 4
1 15 1 0 0 0 760 2 5 5 13
1 16 1 0 0 0 760 2 12 12 5
1 17 0 0 1 0 760 1 5 5 12
1 18 1 1 0 0 596 1 12 12 5
1 19 1 1 0 0 745 1 5 5 12
1 20 1 1 0 0 552 1 12 12 5
1 21 1 0 0 0 760 3 2 2 12
1 22 1 0 0 0 12 3 1 1 2
1 23 1 1 0 0 653 1 2 2 1
1 24 1 0 0 0 760 2 11 11 2
1 25 1 1 0 0 700 1 2 2 11
2 1 1 0 0 0 760 2 15 15 2
2 2 1 0 0 0 760 3 12 12 15
2 3 0 0 1 0 760 1 15 15 12
2 4 1 0 0 0 760 2 15 15 15
2 5 1 0 0 0 760 3 4 4 15
2 6 1 1 0 0 631 1 15 15 4
2 7 1 0 0 0 760 3 12 12 15
2 8 1 0 0 0 760 3 13 13 12
2 9 0 0 1 0 760 1 12 12 13
2 10 1 0 0 0 760 3 2 2 12
2 11 1 1 0 0 587 1 12 12 2
2 12 1 0 0 0 760 3 5 5 12
2 13 1 0 0 0 760 3 6 6 5
2 14 1 1 0 0 479 1 5 5 6
2 15 1 0 0 0 760 3 4 4 5
2 16 0 0 1 0 760 1 5 5 4
2 17 1 1 0 0 639 1 4 4 5
2 18 1 0 0 0 760 2 13 13 4
2 19 1 0 0 0 760 3 7 7 13
2 20 1 1 0 0 569 1 13 13 7
2 21 1 0 0 0 760 2 6 6 13
2 22 1 0 0 0 760 3 4 4 6
2 23 1 0 0 0 760 3 8 8 4
2 24 1 1 0 0 562 1 4 4 8
2 25 1 0 0 0 760 3 4 4 4
3 1 1 0 0 0 760 3 7 7 4
3 2 1 0 0 0 760 3 11 11 7
3 3 1 0 0 0 760 3 4 4 11
3 4 1 0 0 0 760 3 13 13 4
3 5 1 1 0 0 613 1 4 4 13
3 6 1 0 0 0 760 3 5 5 4
3 7 1 1 0 0 734 1 4 4 5
3 8 1 1 0 0 636 1 5 5 4
3 9 1 0 0 0 760 3 11 11 5
3 10 0 0 1 0 760 1 5 5 11
3 11 1 0 0 0 760 3 3 3 5
3 12 1 0 0 0 760 3 8 8 3
3 13 1 0 0 0 760 3 8 8 8
3 14 1 0 0 0 760 2 1 1 8
3 15 1 0 0 0 760 2 10 10 1
3 16 0 0 1 0 760 1 1 1 10
3 17 0 0 1 0 760 1 10 10 1
3 18 1 0 0 0 760 3 4 4 10
3 19 0 0 0 1 681 3 4 4 4
3 20 1 0 0 0 760 2 15 15 4
3 21 0 0 1 0 760 1 4 4 15
3 22 1 0 0 0 760 2 13 13 4
3 23 0 0 1 0 760 1 4 4 13
3 24 1 0 0 0 760 3 6 6 4
3 25 1 0 0 0 760 3 9 9 6
