1 1 1 0 0 0 760 1 4 4 0
1 2 1 0 0 0 760 2 11 11 4
1 3 1 0 0 0 760 2 15 15 11
1 4 1 0 0 0 760 3 2 2 15
1 5 1 0 0 0 760 2 3 3 2
1 6 1 0 0 0 760 2 15 15 3
1 7 1 1 0 0 652 1 3 3 15
1 8 1 0 0 0 760 3 4 4 3
1 9 1 0 0 0 760 2 12 12 4
1 10 1 0 0 0 760 3 15 15 12
1 11 1 1 0 0 692 1 12 12 15
1 12 1 0 0 0 760 2 4 4 12
1 13 1 1 0 0 676 1 12 12 4
1 14 1 0 0 0 760 3 12 12 12
1 15 1 0 0 0 760 3 4 4 12
1 16 0 0 1 0 760 1 12 12 4
1 17 1 0 0 0 760 2 1 1 12
1 18 1 1 0 0 558 1 12 12 1
1 19 1 1 0 0 738 1 1 1 12
1 20 1 1 0 0 590 1 12 12 1
1 21 1 0 0 0 760 3 5 5 12
1 22 0 0 1 0 760 1 12 12 5
1 23 1 0 0 0 760 3 2 2 12
1 24 1 0 0 0 760 3 1 1 2
1 25 0 0 0 1 438 3 8 8 1
2 1 1 0 0 0 760 1 3 3 8
2 2 1 0 0 0 760 1 12 12 3
2 3 1 0 0 0 760 2 14 14 12
2 4 1 1 0 0 552 1 12 12 14
2 5 1 0 0 0 760 2 13 13 12
2 6 1 0 0 0 760 2 1 1 13
2 7 1 0 0 0 760 2 9 9 1
2 8 1 0 0 0 760 2 14 14 9
2 9 1 0 0 0 760 3 15 15 14
2 10 1 0 0 0 760 2 2 2 15
2 11 1 1 0 0 648 1 15 15 2
2 12 1 0 0 0 760 3 14 14 15
2 13 1 0 0 0 760 3 4 4 14
2 14 1 1 0 0 681 1 14 14 4
2 15 1 1 0 0 499 1 4 4 14
2 16 1 0 0 0 760 2 5 5 4
2 17 1 0 0 0 760 3 13 13 5
2 18 1 0 0 0 760 3 9 9 13
2 19 1 0 0 0 760 3 5 5 9
2 20 1 0 0 0 760 3 15 15 5
2 21 1 1 0 0 560 1 5 5 15
2 22 1 1 0 0 505 1 15 15 5
2 23 1 0 0 0 760 3 10 10 15
2 24 0 0 0 1 568 2 10 10 10
2 25 1 0 0 0 760 3 4 4 10
3 1 1 0 0 0 760 1 12 12 4
3 2 1 0 0 0 760 1 8 8 12
3 3 1 0 0 0 760 3 13 13 8
3 4 1 0 0 0 760 2 10 10 13
3 5 1 0 0 0 760 2 6 6 10
3 6 1 0 0 0 760 2 4 4 6
3 7 1 0 0 0 760 2 9 9 4
3 8 1 1 0 0 480 1 4 4 9
3 9 1 0 0 0 760 3 4 4 4
3 10 1 0 0 0 760 2 5 5 4
3 11 1 0 0 0 760 3 11 11 5
3 12 1 1 0 0 494 1 5 5 11
3 13 1 1 0 0 594 1 11 11 5
3 14 1 0 0 0 760 2 13 13 11
3 15 1 1 0 0 633 1 11 11 13
3 16 1 0 0 0 760 3 9 9 11
3 17 1 0 0 0 760 3 7 7 9
3 18 1 0 0 0 760 3 8 8 7
3 19 1 0 0 0 760 2 5 5 8
3 20 1 0 0 0 760 2 1 1 5
3 21 1 1 0 0 757 1 5 5 1
3 22 1 0 0 0 760 2 5 5 5
3 23 1 0 0 0 760 2 4 4 5
3 24 1 0 0 0 760 3 8 8 4
3 25 1 1 0 0 489 1 4 4 8
