1 1 1 0 0 0 231 1 2 2 0
1 2 1 0 0 0 760 2 4 4 2
1 3 1 0 0 0 760 2 1 1 4
1 4 1 0 0 0 760 2 10 10 1
1 5 1 0 0 0 760 3 5 5 10
1 6 1 0 0 0 760 2 11 11 5
1 7 1 0 0 0 760 3 1 1 11
1 8 1 0 0 0 760 2 3 3 1
1 9 1 0 0 0 760 3 14 14 3
1 10 1 0 0 0 760 3 4 4 14
1 11 1 0 0 0 760 3 8 8 4
1 12 0 0 0 1 717 2 3 3 8
1 13 1 1 0 0 614 1 8 8 3
1 14 1 0 0 0 760 2 9 9 8
1 15 1 1 0 0 486 1 8 8 9
1 16 1 0 0 0 760 3 3 3 8
1 17 1 0 0 0 760 3 10 10 3
1 18 1 1 0 0 583 1 3 3 10
1 19 1 0 0 0 760 2 3 3 3
1 20 1 1 0 0 583 1 3 3 3
1 21 1 1 0 0 491 1 3 3 3
1 22 1 1 0 0 459 1 3 3 3
1 23 1 0 0 0 760 2 6 6 3
1 24 1 0 0 0 760 2 4 4 6
1 25 1 1 0 0 639 1 6 6 4
2 1 1 0 0 0 760 1 5 5 6
2 2 1 0 0 0 760 1 1 1 5
2 3 1 0 0 0 760 2 7 7 1
2 4 1 0 0 0 760 2 7 7 7
2 5 1 0 0 0 760 3 5 5 7
2 6 1 0 0 0 760 2 8 8 5
2 7 1 0 0 0 760 3 9 9 8
2 8 1 0 0 0 760 2 4 4 9
2 9 1 0 0 0 760 3 13 13 4
2 10 1 0 0 0 760 3 3 3 13
2 11 1 1 0 0 645 1 13 13 3
2 12 1 0 0 0 760 2 7 7 13
2 13 1 1 0 0 461 1 13 13 7
2 14 1 0 0 0 760 3 3 3 13
2 15 1 1 0 0 586 1 13 13 3
2 16 1 0 0 0 760 2 11 11 13
2 17 1 0 0 0 760 3 12 12 11
2 18 1 1 0 0 411 1 11 11 12
2 19 1 0 0 0 760 2 10 10 11
2 20 1 1 0 0 608 1 11 11 10
2 21 1 1 0 0 536 1 10 10 11
2 22 1 0 0 0 760 3 15 15 10
2 23 1 0 0 0 760 2 7 7 15
2 24 1 0 0 0 760 3 1 1 7
2 25 1 0 0 0 760 2 14 14 1
3 1 1 0 0 0 760 1 3 3 14
3 2 1 0 0 0 760 3 12 12 3
3 3 1 0 0 0 760 2 13 13 12
3 4 0 0 1 0 760 1 12 12 13
3 5 1 0 0 0 760 2 4 4 12
3 6 1 0 0 0 760 3 3 3 4
3 7 1 0 0 0 760 3 10 10 3
3 8 1 1 0 0 497 1 3 3 10
3 9 1 0 0 0 760 3 2 2 3
3 10 1 1 0 0 488 1 3 3 2
3 11 1 1 0 0 469 1 2 2 3
3 12 1 0 0 0 760 2 8 8 2
3 13 1 1 0 0 475 1 2 2 8
3 14 1 0 0 0 760 2 14 14 2
3 15 1 1 0 0 467 1 2 2 14
3 16 1 0 0 0 760 3 8 8 2
3 17 1 1 0 0 450 1 2 2 8
3 18 1 0 0 0 760 2 12 12 2
3 19 0 0 0 1 583 3 12 12 12
3 20 1 1 0 0 658 1 12 12 12
3 21 1 0 0 0 760 3 14 14 12
3 22 1 1 0 0 473 1 12 12 14
3 23 1 1 0 0 547 1 14 14 12
3 24 1 0 0 0 760 2 6 6 14
3 25 1 0 0 0 760 3 9 9 6
