1 1 1 0 0 0 760 2 7 7 0
1 2 1 0 0 0 760 3 6 6 7
1 3 0 0 0 1 459 2 1 1 6
1 4 1 1 0 0 751 1 6 6 1
1 5 1 0 0 0 760 2 7 7 6
1 6 1 0 0 0 760 2 9 9 7
1 7 1 0 0 0 760 3 3 3 9
1 8 1 1 0 0 615 1 9 9 3
1 9 0 0 0 1 717 3 4 4 9
1 10 1 0 0 0 760 2 14 14 4
1 11 1 1 0 0 724 1 4 4 14
1 12 1 1 0 0 673 1 14 14 4
1 13 1 0 0 0 760 3 2 2 14
1 14 1 0 0 0 760 2 9 9 2
1 15 1 1 0 0 669 1 2 2 9
1 16 0 0 1 0 760 1 9 9 2
1 17 1 0 0 0 760 3 4 4 9
1 18 1 1 0 0 554 1 9 9 4
1 19 1 1 0 0 653 1 4 4 9
1 20 1 0 0 0 760 2 11 11 4
1 21 1 0 0 0 760 2 13 13 11
1 22 1 0 0 0 760 3 15 15 13
1 23 1 1 0 0 709 1 13 13 15
1 24 1 0 0 0 760 3 14 14 13
1 25 1 0 0 0 760 3 7 7 14
2 1 1 0 0 0 760 3 10 10 7
2 2 1 0 0 0 760 3 11 11 10
2 3 1 0 0 0 760 3 12 12 11
2 4 1 0 0 0 760 2 15 15 12
2 5 0 0 1 0 760 1 12 12 15
2 6 1 1 0 0 566 1 15 15 12
2 7 1 0 0 0 760 2 7 7 15
2 8 1 0 0 0 760 3 1 1 7
2 9 1 0 0 0 760 3 6 6 1
2 10 1 0 0 0 760 3 2 2 6
2 11 1 1 0 0 600 1 6 6 2
2 12 1 0 0 0 760 2 8 8 6
2 13 1 0 0 0 760 3 2 2 8
2 14 1 0 0 0 760 3 5 5 2
2 15 1 0 0 0 760 3 15 15 5
2 16 1 0 0 0 760 2 11 11 15
2 17 0 0 1 0 760 1 15 15 11
2 18 1 0 0 0 760 3 7 7 15
2 19 1 0 0 0 760 2 5 5 7
2 20 1 1 0 0 730 1 7 7 5
2 21 1 0 0 0 760 3 8 8 7
2 22 1 0 0 0 760 2 5 5 8
2 23 1 0 0 0 760 3 1 1 5
2 24 1 1 0 0 555 1 5 5 1
2 25 1 0 0 0 760 3 8 8 5
3 1 1 0 0 0 760 2 14 14 8
3 2 1 0 0 0 760 3 4 4 14
3 3 1 0 0 0 760 3 13 13 4
3 4 1 0 0 0 760 2 3 3 13
3 5 1 0 0 0 760 3 3 3 3
3 6 1 0 0 0 760 3 9 9 3
3 7 0 0 1 0 760 1 3 3 9
3 8 1 0 0 0 760 2 10 10 3
3 9 1 0 0 0 760 3 11 11 10
3 10 0 0 1 0 760 1 10 10 11
3 11 1 0 0 0 760 3 12 12 10
3 12 1 0 0 0 760 2 7 7 12
3 13 1 1 0 0 504 1 12 12 7
3 14 1 0 0 0 760 2 2 2 12
3 15 1 1 0 0 587 1 12 12 2
3 16 1 0 0 0 760 3 13 13 12
3 17 1 0 0 0 760 2 8 8 13
3 18 1 0 0 0 760 2 8 8 8
3 19 1 0 0 0 760 3 12 12 8
3 20 1 0 0 0 760 3 4 4 12
3 21 1 0 0 0 760 2 8 8 4
3 22 1 0 0 0 760 3 2 2 8
3 23 1 0 0 0 760 3 12 12 2
3 24 0 0 1 0 760 1 2 2 12
3 25 0 0 1 0 760 1 12 12 2
