1 1 1 0 0 0 760 1 12 12 0
1 2 1 0 0 0 760 2 1 1 12
1 3 1 0 0 0 760 2 1 1 1
1 4 0 0 1 0 760 1 1 1 1
1 5 1 0 0 0 760 2 6 6 1
1 6 1 0 0 0 760 3 6 6 6
1 7 1 0 0 0 760 3 3 3 6
1 8 1 0 0 0 760 3 12 12 3
1 9 1 1 0 0 430 1 3 3 12
1 10 1 0 0 0 760 2 4 4 3
1 11 1 1 0 0 737 1 3 3 4
1 12 1 1 0 0 672 1 4 4 3
1 13 1 0 0 0 760 3 11 11 4
1 14 1 0 0 0 760 3 7 7 11
1 15 1 0 0 0 760 2 10 10 7
1 16 1 1 0 0 609 1 7 7 10
1 17 0 0 0 1 603 3 3 3 7
1 18 1 0 0 0 760 2 2 2 3
1 19 1 1 0 0 474 1 3 3 2
1 20 1 0 0 0 760 3 15 15 3
1 21 1 0 0 0 760 2 14 14 15
1 22 1 0 0 0 760 3 14 14 14
1 23 1 0 0 0 760 3 5 5 14
1 24 0 0 1 0 760 1 14 14 5
1 25 1 0 0 0 760 2 11 11 14
2 1 1 0 0 0 760 1 1 1 11
2 2 1 0 0 0 760 3 13 13 1
2 3 1 1 0 0 564 1 1 1 13
2 4 1 0 0 0 760 2 6 6 1
2 5 1 0 0 0 760 3 12 12 6
2 6 1 0 0 0 760 2 15 15 12
2 7 1 0 0 0 760 3 13 13 15
2 8 1 1 0 0 454 1 15 15 13
2 9 1 0 0 0 760 3 11 11 15
2 10 1 0 0 0 760 3 11 11 11
2 11 1 1 0 0 511 1 11 11 11
2 12 1 1 0 0 612 1 11 11 11
2 13 1 1 0 0 453 1 11 11 11
2 14 1 0 0 0 760 3 15 15 11
2 15 1 0 0 0 760 2 12 12 15
2 16 1 1 0 0 476 1 15 15 12
2 17 1 0 0 0 760 2 7 7 15
2 18 1 0 0 0 760 3 5 5 7
2 19 1 1 0 0 442 1 7 7 5
2 20 1 0 0 0 760 3 8 8 7
2 21 1 1 0 0 515 1 7 7 8
2 22 1 0 0 0 760 3 3 3 7
2 23 1 0 0 0 760 3 15 15 3
2 24 1 1 0 0 531 1 3 3 15
2 25 1 1 0 0 516 1 15 15 3
3 1 1 0 0 0 760 2 1 1 15
3 2 1 0 0 0 760 1 3 3 1
3 3 1 0 0 0 760 2 9 9 3
3 4 1 1 0 0 632 1 3 3 9
3 5 1 1 0 0 549 1 9 9 3
3 6 1 1 0 0 507 1 3 3 9
3 7 1 0 0 0 760 3 8 8 3
3 8 1 0 0 0 760 2 7 7 8
3 9 1 0 0 0 760 2 5 5 7
3 10 1 0 0 0 760 3 3 3 5
3 11 1 1 0 0 514 1 5 5 3
3 12 1 1 0 0 592 1 3 3 5
3 13 1 1 0 0 597 1 5 5 3
3 14 1 1 0 0 598 1 3 3 5
3 15 1 0 0 0 760 3 6 6 3
3 16 1 1 0 0 545 1 3 3 6
3 17 1 1 0 0 528 1 6 6 3
3 18 1 0 0 0 760 2 5 5 6
3 19 1 0 0 0 760 2 9 9 5
3 20 1 0 0 0 760 3 9 9 9
3 21 1 0 0 0 760 2 7 7 9
3 22 1 0 0 0 760 2 5 5 7
3 23 1 0 0 0 760 3 1 1 5
3 24 1 1 0 0 548 1 5 5 1
3 25 1 1 0 0 558 1 1 1 5
