1 1 1 0 0 0 760 3 1 1 0
1 2 1 0 0 0 760 3 15 15 1
1 3 1 0 0 0 760 3 10 10 15
1 4 1 0 0 0 760 3 1 1 10
1 5 0 0 1 0 760 1 10 10 1
1 6 1 1 0 0 744 1 1 1 10
1 7 1 1 0 0 578 1 10 10 1
1 8 1 0 0 0 760 3 6 6 10
1 9 1 0 0 0 760 2 3 3 6
1 10 0 0 1 0 760 1 6 6 3
1 11 1 1 0 0 719 1 3 3 6
1 12 1 0 0 0 760 2 9 9 3
1 13 1 1 0 0 651 1 3 3 9
1 14 0 0 0 1 527 2 3 3 3
1 15 1 1 0 0 690 1 3 3 3
1 16 1 1 0 0 683 1 3 3 3
1 17 1 0 0 0 760 2 6 6 3
1 18 1 0 0 0 760 2 10 10 6
1 19 1 0 0 0 760 3 8 8 10
1 20 1 0 0 0 760 2 4 4 8
1 21 1 0 0 0 760 3 15 15 4
1 22 1 0 0 0 760 2 14 14 15
1 23 1 0 0 0 760 2 11 11 14
1 24 1 0 0 0 760 3 15 15 11
1 25 1 1 0 0 529 1 11 11 15
2 1 1 0 0 0 760 1 6 6 11
2 2 1 0 0 0 760 3 10 10 6
2 3 1 0 0 0 760 3 7 7 10
2 4 1 0 0 0 760 2 13 13 7
2 5 1 0 0 0 760 2 4 4 13
2 6 1 0 0 0 760 3 1 1 4
2 7 1 0 0 0 760 3 8 8 1
2 8 1 0 0 0 760 2 14 14 8
2 9 1 0 0 0 760 3 12 12 14
2 10 1 0 0 0 760 2 11 11 12
2 11 0 0 1 0 760 1 12 12 11
2 12 0 0 1 0 760 1 11 11 12
2 13 1 0 0 0 760 3 5 5 11
2 14 1 0 0 0 760 3 14 14 5
2 15 1 0 0 0 760 3 3 3 14
2 16 1 0 0 0 760 3 11 11 3
2 17 1 0 0 0 760 2 10 10 11
2 18 1 0 0 0 760 3 5 5 10
2 19 1 1 0 0 524 1 10 10 5
2 20 1 1 0 0 719 1 5 5 10
2 21 1 1 0 0 534 1 10 10 5
2 22 1 1 0 0 525 1 5 5 10
2 23 1 0 0 0 760 2 13 13 5
2 24 1 0 0 0 760 2 2 2 13
2 25 1 0 0 0 760 2 5 5 2
3 1 1 0 0 0 760 3 8 8 5
3 2 1 0 0 0 760 3 10 10 8
3 3 1 0 0 0 760 2 10 10 10
3 4 1 0 0 0 760 2 13 13 10
3 5 1 0 0 0 760 2 15 15 13
3 6 1 0 0 0 760 3 4 4 15
3 7 1 0 0 0 760 2 4 4 4
3 8 1 0 0 0 760 3 7 7 4
3 9 0 0 1 0 760 1 4 4 7
3 10 1 0 0 0 760 2 15 15 4
3 11 1 0 0 0 760 2 14 14 15
3 12 1 0 0 0 760 3 1 1 14
3 13 1 0 0 0 760 3 2 2 1
3 14 1 0 0 0 760 2 7 7 2
3 15 1 0 0 0 760 3 8 8 7
3 16 1 1 0 0 713 1 7 7 8
3 17 1 0 0 0 760 2 11 11 7
3 18 0 0 1 0 760 1 7 7 11
3 19 1 0 0 0 760 2 13 13 7
3 20 0 0 1 0 760 1 7 7 13
3 21 0 0 1 0 760 1 13 13 7
3 22 0 0 1 0 760 1 7 7 13
3 23 1 1 0 0 560 1 13 13 7
3 24 1 0 0 0 760 2 1 1 13
3 25 1 1 0 0 642 1 13 13 1
