1 1 1 0 0 0 760 1 11 11 0
1 2 1 0 0 0 760 3 3 3 11
1 3 1 0 0 0 760 2 3 3 3
1 4 1 0 0 0 760 3 15 15 3
1 5 0 0 1 0 760 1 3 3 15
1 6 1 1 0 0 685 1 15 15 3
1 7 0 0 1 0 760 1 3 3 15
1 8 1 0 0 0 760 2 8 8 3
1 9 1 0 0 0 760 2 12 12 8
1 10 1 0 0 0 760 3 4 4 12
1 11 1 1 0 0 450 1 12 12 4
1 12 1 1 0 0 451 1 4 4 12
1 13 1 0 0 0 760 3 6 6 4
1 14 1 0 0 0 760 2 5 5 6
1 15 1 1 0 0 458 1 6 6 5
1 16 1 1 0 0 484 1 5 5 6
1 17 1 1 0 0 450 1 6 6 5
1 18 1 0 0 0 760 3 11 11 6
1 19 1 0 0 0 760 2 4 4 11
1 20 1 0 0 0 760 3 9 9 4
1 21 1 0 0 0 760 2 5 5 9
1 22 1 0 0 0 760 2 11 11 5
1 23 1 1 0 0 524 1 5 5 11
1 24 1 0 0 0 760 2 14 14 5
1 25 1 1 0 0 547 1 5 5 14
2 1 1 0 0 0 760 2 1 1 5
2 2 1 0 0 0 760 3 7 7 1
2 3 1 0 0 0 760 3 13 13 7
2 4 1 0 0 0 760 2 8 8 13
2 5 1 0 0 0 760 3 6 6 8
2 6 1 0 0 0 760 2 7 7 6
2 7 1 1 0 0 492 1 6 6 7
2 8 1 1 0 0 525 1 7 7 6
2 9 1 1 0 0 700 1 6 6 7
2 10 1 0 0 0 760 2 3 3 6
2 11 1 1 0 0 473 1 6 6 3
2 12 1 1 0 0 516 1 3 3 6
2 13 1 1 0 0 522 1 6 6 3
2 14 1 0 0 0 760 2 11 11 6
2 15 1 0 0 0 760 2 7 7 11
2 16 1 0 0 0 760 2 8 8 7
2 17 1 0 0 0 760 3 10 10 8
2 18 1 0 0 0 760 3 4 4 10
2 19 1 0 0 0 760 3 7 7 4
2 20 1 0 0 0 760 3 7 7 7
2 21 1 1 0 0 522 1 7 7 7
2 22 1 0 0 0 760 3 10 10 7
2 23 1 0 0 0 760 2 4 4 10
2 24 1 1 0 0 520 1 10 10 4
2 25 1 0 0 0 760 2 8 8 10
3 1 1 0 0 0 760 3 12 12 8
3 2 1 0 0 0 760 3 11 11 12
3 3 1 0 0 0 760 2 7 7 11
3 4 1 0 0 0 760 2 4 4 7
3 5 0 0 0 1 544 3 4 4 4
3 6 1 0 0 0 760 2 9 9 4
3 7 1 0 0 0 760 3 2 2 9
3 8 1 1 0 0 593 1 9 9 2
3 9 1 0 0 0 760 2 14 14 9
3 10 1 0 0 0 760 3 4 4 14
3 11 0 0 0 1 551 3 3 3 4
3 12 1 1 0 0 569 1 4 4 3
3 13 1 0 0 0 760 3 8 8 4
3 14 1 1 0 0 674 1 4 4 8
3 15 1 0 0 0 760 3 4 4 4
3 16 0 0 0 1 729 2 13 13 4
3 17 1 0 0 0 760 2 15 15 13
3 18 1 0 0 0 760 2 8 8 15
3 19 1 0 0 0 760 3 8 8 8
3 20 1 1 0 0 463 1 8 8 8
3 21 1 0 0 0 760 2 11 11 8
3 22 1 1 0 0 480 1 8 8 11
3 23 1 1 0 0 488 1 11 11 8
3 24 1 0 0 0 760 2 6 6 11
3 25 1 0 0 0 760 3 8 8 6
