1 1 1 0 0 0 760 3 5 5 0
1 2 1 0 0 0 760 1 9 9 5
1 3 1 1 0 0 513 1 5 5 9
1 4 1 0 0 0 760 2 2 2 5
1 5 0 0 1 0 760 1 5 5 2
1 6 0 0 1 0 760 1 2 2 5
1 7 1 0 0 0 760 3 14 14 2
1 8 1 0 0 0 760 3 5 5 14
1 9 1 0 0 0 760 2 8 8 5
1 10 1 0 0 0 760 3 4 4 8
1 11 1 0 0 0 760 3 1 1 4
1 12 1 1 0 0 522 1 4 4 1
1 13 1 0 0 0 760 2 13 13 4
1 14 1 0 0 0 760 2 13 13 13
1 15 1 1 0 0 527 1 13 13 13
1 16 1 0 0 0 760 2 9 9 13
1 17 1 0 0 0 760 3 11 11 9
1 18 1 1 0 0 518 1 9 9 11
1 19 1 0 0 0 760 2 14 14 9
1 20 1 0 0 0 760 3 1 1 14
1 21 0 0 0 1 550 2 1 1 1
1 22 1 1 0 0 553 1 1 1 1
1 23 1 0 0 0 760 2 7 7 1
1 24 1 0 0 0 760 2 11 11 7
1 25 1 0 0 0 760 2 2 2 11
2 1 1 0 0 0 760 3 14 14 2
2 2 1 0 0 0 760 2 9 9 14
2 3 1 0 0 0 760 3 9 9 9
2 4 1 1 0 0 409 1 9 9 9
2 5 1 1 0 0 446 1 9 9 9
2 6 1 0 0 0 760 3 4 4 9
2 7 1 0 0 0 760 3 6 6 4
2 8 1 0 0 0 760 3 13 13 6
2 9 1 1 0 0 458 1 6 6 13
2 10 1 0 0 0 760 3 1 1 6
2 11 1 0 0 0 760 2 1 1 1
2 12 1 1 0 0 474 1 1 1 1
2 13 1 1 0 0 551 1 1 1 1
2 14 1 0 0 0 760 3 11 11 1
2 15 1 0 0 0 760 2 4 4 11
2 16 1 0 0 0 760 2 14 14 4
2 17 1 1 0 0 479 1 4 4 14
2 18 1 1 0 0 556 1 14 14 4
2 19 1 0 0 0 760 3 8 8 14
2 20 1 0 0 0 760 3 6 6 8
2 21 1 0 0 0 760 2 13 13 6
2 22 1 0 0 0 760 2 12 12 13
2 23 1 0 0 0 760 2 14 14 12
2 24 1 0 0 0 760 3 1 1 14
2 25 1 0 0 0 760 3 15 15 1
3 1 1 0 0 0 760 2 2 2 15
3 2 1 0 0 0 760 2 5 5 2
3 3 1 0 0 0 760 2 4 4 5
3 4 1 0 0 0 760 3 12 12 4
3 5 1 1 0 0 752 1 4 4 12
3 6 1 1 0 0 527 1 12 12 4
3 7 0 0 0 1 659 2 12 12 12
3 8 0 0 0 1 570 2 5 5 12
3 9 1 1 0 0 504 1 12 12 5
3 10 1 1 0 0 485 1 5 5 12
3 11 1 0 0 0 760 3 11 11 5
3 12 1 0 0 0 760 3 2 2 11
3 13 1 1 0 0 457 1 11 11 2
3 14 1 0 0 0 760 2 1 1 11
3 15 1 0 0 0 760 3 2 2 1
3 16 1 0 0 0 760 3 8 8 2
3 17 1 0 0 0 760 3 5 5 8
3 18 1 0 0 0 760 3 2 2 5
3 19 1 1 0 0 588 1 5 5 2
3 20 1 0 0 0 760 2 3 3 5
3 21 0 0 0 1 422 3 9 9 3
3 22 1 0 0 0 760 3 10 10 9
3 23 1 0 0 0 760 3 14 14 10
3 24 1 0 0 0 760 3 2 2 14
3 25 1 0 0 0 760 3 3 3 2
