1 1 1 0 0 0 760 3 13 13 0
1 2 1 0 0 0 760 3 8 8 13
1 3 1 1 0 0 549 1 13 13 8
1 4 1 0 0 0 760 3 7 7 13
1 5 1 0 0 0 760 2 4 4 7
1 6 1 1 0 0 699 1 7 7 4
1 7 1 0 0 0 760 3 10 10 7
1 8 1 0 0 0 760 3 1 1 10
1 9 1 0 0 0 760 2 7 7 1
1 10 1 0 0 0 760 3 9 9 7
1 11 1 1 0 0 607 1 7 7 9
1 12 1 0 0 0 760 2 13 13 7
1 13 1 0 0 0 760 3 4 4 13
1 14 1 0 0 0 760 3 10 10 4
1 15 1 0 0 0 760 2 15 15 10
1 16 1 1 0 0 589 1 10 10 15
1 17 1 0 0 0 760 2 12 12 10
1 18 1 0 0 0 760 2 14 14 12
1 19 1 1 0 0 622 1 12 12 14
1 20 1 0 0 0 760 2 4 4 12
1 21 1 1 0 0 503 1 12 12 4
1 22 0 0 1 0 760 1 4 4 12
1 23 1 1 0 0 618 1 12 12 4
1 24 1 0 0 0 760 3 15 15 12
1 25 1 1 0 0 508 1 12 12 15
2 1 1 0 0 0 760 3 13 13 12
2 2 1 0 0 0 760 1 6 6 13
2 3 1 0 0 0 760 2 6 6 6
2 4 1 0 0 0 760 2 2 2 6
2 5 1 0 0 0 760 2 5 5 2
2 6 1 0 0 0 760 2 3 3 5
2 7 1 0 0 0 760 3 1 1 3
2 8 1 0 0 0 760 2 7 7 1
2 9 1 1 0 0 440 1 1 1 7
2 10 1 0 0 0 760 2 9 9 1
2 11 1 0 0 0 760 2 13 13 9
2 12 1 0 0 0 760 3 14 14 13
2 13 1 0 0 0 760 2 15 15 14
2 14 1 1 0 0 494 1 14 14 15
2 15 1 1 0 0 572 1 15 15 14
2 16 1 1 0 0 719 1 14 14 15
2 17 1 1 0 0 444 1 15 15 14
2 18 1 0 0 0 760 2 7 7 15
2 19 1 1 0 0 558 1 15 15 7
2 20 1 0 0 0 760 2 2 2 15
2 21 1 0 0 0 760 3 6 6 2
2 22 1 1 0 0 425 1 2 2 6
2 23 1 0 0 0 760 2 12 12 2
2 24 1 0 0 0 760 3 3 3 12
2 25 1 1 0 0 423 1 12 12 3
3 1 1 0 0 0 760 3 1 1 12
3 2 1 0 0 0 760 1 1 1 1
3 3 1 0 0 0 760 3 9 9 1
3 4 1 1 0 0 498 1 1 1 9
3 5 1 0 0 0 760 2 2 2 1
3 6 1 0 0 0 760 2 4 4 2
3 7 1 0 0 0 760 3 1 1 4
3 8 1 1 0 0 465 1 4 4 1
3 9 0 0 0 1 614 2 4 4 4
3 10 1 0 0 0 760 2 7 7 4
3 11 1 0 0 0 760 3 5 5 7
3 12 0 0 0 1 371 2 15 15 5
3 13 1 1 0 0 480 1 5 5 15
3 14 1 0 0 0 760 3 12 12 5
3 15 1 1 0 0 486 1 5 5 12
3 16 1 0 0 0 760 2 2 2 5
3 17 1 0 0 0 760 2 8 8 2
3 18 1 1 0 0 484 1 2 2 8
3 19 1 1 0 0 486 1 8 8 2
3 20 1 1 0 0 511 1 2 2 8
3 21 1 1 0 0 476 1 8 8 2
3 22 1 1 0 0 476 1 2 2 8
3 23 1 0 0 0 760 3 15 15 2
3 24 0 0 0 1 623 3 15 15 15
3 25 1 0 0 0 760 3 11 11 15
