1 1 1 0 0 0 760 2 13 13 0
1 2 1 0 0 0 760 1 11 11 13
1 3 1 1 0 0 598 1 13 13 11
1 4 1 0 0 0 760 3 1 1 13
1 5 1 0 0 0 760 2 9 9 1
1 6 1 1 0 0 579 1 1 1 9
1 7 1 0 0 0 760 2 7 7 1
1 8 1 0 0 0 760 3 3 3 7
1 9 1 0 0 0 760 2 3 3 3
1 10 1 0 0 0 760 2 8 8 3
1 11 1 0 0 0 760 3 7 7 8
1 12 1 1 0 0 471 1 8 8 7
1 13 1 0 0 0 760 2 15 15 8
1 14 1 1 0 0 629 1 8 8 15
1 15 1 1 0 0 729 1 15 15 8
1 16 1 0 0 0 760 2 12 12 15
1 17 0 0 0 1 618 2 8 8 12
1 18 1 0 0 0 760 2 4 4 8
1 19 1 1 0 0 677 1 8 8 4
1 20 1 0 0 0 760 3 9 9 8
1 21 1 0 0 0 760 3 6 6 9
1 22 1 0 0 0 760 2 15 15 6
1 23 1 0 0 0 760 2 1 1 15
1 24 1 0 0 0 760 2 14 14 1
1 25 1 0 0 0 760 2 10 10 14
2 1 1 0 0 0 760 1 8 8 10
2 2 1 0 0 0 760 2 14 14 8
2 3 1 0 0 0 760 2 12 12 14
2 4 1 0 0 0 760 2 11 11 12
2 5 1 0 0 0 760 3 13 13 11
2 6 1 0 0 0 760 3 6 6 13
2 7 1 0 0 0 760 3 1 1 6
2 8 0 0 1 0 760 1 6 6 1
2 9 1 0 0 0 760 2 8 8 6
2 10 1 0 0 0 760 3 3 3 8
2 11 1 0 0 0 760 2 11 11 3
2 12 1 1 0 0 597 1 3 3 11
2 13 1 0 0 0 760 3 12 12 3
2 14 1 0 0 0 760 2 13 13 12
2 15 1 0 0 0 760 2 6 6 13
2 16 1 0 0 0 760 3 8 8 6
2 17 1 0 0 0 760 3 15 15 8
2 18 1 0 0 0 760 2 7 7 15
2 19 1 0 0 0 760 2 4 4 7
2 20 1 0 0 0 760 2 1 1 4
2 21 1 1 0 0 703 1 4 4 1
2 22 1 0 0 0 760 2 14 14 4
2 23 1 1 0 0 527 1 4 4 14
2 24 1 1 0 0 588 1 14 14 4
2 25 1 1 0 0 601 1 4 4 14
3 1 1 0 0 0 760 2 9 9 4
3 2 1 0 0 0 760 3 1 1 9
3 3 1 0 0 0 760 2 4 4 1
3 4 0 0 1 0 760 1 1 1 4
3 5 0 0 1 0 760 1 4 4 1
3 6 0 0 1 0 760 1 1 1 4
3 7 0 0 0 1 491 3 9 9 1
3 8 1 0 0 0 760 3 8 8 9
3 9 1 0 0 0 760 2 13 13 8
3 10 1 0 0 0 760 3 2 2 13
3 11 0 0 1 0 760 1 13 13 2
3 12 1 0 0 0 760 3 11 11 13
3 13 1 0 0 0 760 3 15 15 11
3 14 1 0 0 0 760 2 7 7 15
3 15 1 1 0 0 663 1 15 15 7
3 16 1 0 0 0 760 2 10 10 15
3 17 1 0 0 0 760 3 5 5 10
3 18 1 0 0 0 760 2 4 4 5
3 19 1 0 0 0 760 3 13 13 4
3 20 1 0 0 0 760 2 2 2 13
3 21 1 0 0 0 760 2 8 8 2
3 22 1 0 0 0 760 2 14 14 8
3 23 1 0 0 0 760 3 9 9 14
3 24 1 0 0 0 760 3 15 15 9
3 25 1 1 0 0 740 1 9 9 15
