1 1 1 0 0 0 760 2 4 4 0
1 2 1 0 0 0 760 3 4 4 4
1 3 0 0 1 0 760 1 4 4 4
1 4 1 0 0 0 760 2 8 8 4
1 5 1 0 0 0 760 3 13 13 8
1 6 1 0 0 0 760 2 12 12 13
1 7 1 0 0 0 760 2 14 14 12
1 8 1 0 0 0 760 2 14 14 14
1 9 1 0 0 0 760 2 1 1 14
1 10 1 1 0 0 599 1 14 14 1
1 11 1 0 0 0 760 2 12 12 14
1 12 1 0 0 0 760 3 8 8 12
1 13 1 0 0 0 760 3 5 5 8
1 14 1 0 0 0 760 2 15 15 5
1 15 1 0 0 0 760 2 8 8 15
1 16 1 1 0 0 724 1 15 15 8
1 17 1 1 0 0 484 1 8 8 15
1 18 0 0 0 1 488 3 9 9 8
1 19 0 0 1 0 699 1 8 8 9
1 20 1 0 0 0 760 3 5 5 8
1 21 1 1 0 0 631 1 8 8 5
1 22 0 0 1 0 574 1 5 5 8
1 23 1 0 0 0 760 2 1 1 5
1 24 1 1 0 0 498 1 5 5 1
1 25 1 1 0 0 506 1 1 1 5
2 1 1 0 0 0 760 1 7 7 1
2 2 1 0 0 0 760 3 2 2 7
2 3 1 0 0 0 760 3 15 15 2
2 4 1 0 0 0 760 3 14 14 15
2 5 0 0 0 1 611 3 14 14 14
2 6 0 0 1 0 760 1 14 14 14
2 7 1 0 0 0 760 3 3 3 14
2 8 1 0 0 0 760 3 7 7 3
2 9 1 0 0 0 760 3 8 8 7
2 10 1 0 0 0 760 3 9 9 8
2 11 1 0 0 0 760 2 4 4 9
2 12 1 0 0 0 760 2 10 10 4
2 13 1 0 0 0 760 3 14 14 10
2 14 1 1 0 0 509 1 10 10 14
2 15 1 1 0 0 488 1 14 14 10
2 16 1 0 0 0 760 3 14 14 14
2 17 1 1 0 0 523 1 14 14 14
2 18 1 0 0 0 760 2 12 12 14
2 19 1 0 0 0 760 2 2 2 12
2 20 1 1 0 0 512 1 12 12 2
2 21 1 0 0 0 760 2 8 8 12
2 22 1 0 0 0 760 2 8 8 8
2 23 1 1 0 0 479 1 8 8 8
2 24 1 0 0 0 760 2 7 7 8
2 25 0 0 1 0 760 1 8 8 7
3 1 1 0 0 0 760 1 6 6 8
3 2 1 0 0 0 760 3 7 7 6
3 3 1 0 0 0 760 3 4 4 7
3 4 1 1 0 0 507 1 7 7 4
3 5 1 0 0 0 760 3 12 12 7
3 6 1 0 0 0 760 2 2 2 12
3 7 1 1 0 0 417 1 12 12 2
3 8 1 0 0 0 760 2 3 3 12
3 9 1 0 0 0 760 2 11 11 3
3 10 1 0 0 0 760 3 1 1 11
3 11 0 0 1 0 760 1 11 11 1
3 12 1 1 0 0 573 1 1 1 11
3 13 1 0 0 0 760 3 10 10 1
3 14 0 0 0 1 489 2 10 10 10
3 15 1 1 0 0 530 1 10 10 10
3 16 1 0 0 0 760 3 7 7 10
3 17 1 0 0 0 760 3 6 6 7
3 18 1 1 0 0 651 1 7 7 6
3 19 1 0 0 0 760 2 11 11 7
3 20 1 1 0 0 585 1 7 7 11
3 21 1 1 0 0 435 1 11 11 7
3 22 0 0 0 1 494 2 10 10 11
3 23 1 0 0 0 760 2 1 1 10
3 24 1 1 0 0 467 1 10 10 1
3 25 1 0 0 0 760 3 12 12 10
