1 1 1 0 0 0 760 2 2 2 0
1 2 1 0 0 0 760 1 15 15 2
1 3 1 1 0 0 584 1 2 2 15
1 4 1 0 0 0 760 2 5 5 2
1 5 1 0 0 0 760 2 9 9 5
1 6 1 0 0 0 760 3 6 6 9
1 7 1 1 0 0 716 1 9 9 6
1 8 1 1 0 0 608 1 6 6 9
1 9 1 0 0 0 760 2 3 3 6
1 10 0 0 0 1 523 2 9 9 3
1 11 1 0 0 0 607 2 15 15 9
1 12 0 0 0 1 543 3 15 15 15
1 13 1 0 0 0 760 2 2 2 15
1 14 1 0 0 0 760 2 9 9 2
1 15 1 0 0 0 760 3 12 12 9
1 16 1 0 0 0 760 3 8 8 12
1 17 1 0 0 0 760 2 6 6 8
1 18 1 0 0 0 760 3 11 11 6
1 19 1 1 0 0 618 1 6 6 11
1 20 1 0 0 0 760 3 3 3 6
1 21 1 0 0 0 760 2 12 12 3
1 22 1 1 0 0 639 1 3 3 12
1 23 1 0 0 0 760 3 14 14 3
1 24 1 0 0 0 760 2 6 6 14
1 25 1 1 0 0 631 1 14 14 6
2 1 1 0 0 0 760 3 12 12 14
2 2 1 0 0 0 760 2 4 4 12
2 3 1 0 0 0 760 2 9 9 4
2 4 1 0 0 0 760 2 2 2 9
2 5 1 0 0 0 760 3 2 2 2
2 6 1 0 0 0 760 3 15 15 2
2 7 1 1 0 0 441 1 2 2 15
2 8 1 0 0 0 760 3 9 9 2
2 9 1 0 0 0 760 2 4 4 9
2 10 1 0 0 0 760 3 15 15 4
2 11 1 0 0 0 760 2 11 11 15
2 12 1 1 0 0 462 1 15 15 11
2 13 1 1 0 0 499 1 11 11 15
2 14 1 1 0 0 498 1 15 15 11
2 15 1 1 0 0 439 1 11 11 15
2 16 1 1 0 0 459 1 15 15 11
2 17 1 1 0 0 561 1 11 11 15
2 18 1 0 0 0 760 2 6 6 11
2 19 1 0 0 0 760 2 14 14 6
2 20 1 1 0 0 440 1 6 6 14
2 21 1 1 0 0 458 1 14 14 6
2 22 1 0 0 0 760 3 1 1 14
2 23 1 0 0 0 760 2 15 15 1
2 24 1 1 0 0 472 1 1 1 15
2 25 1 1 0 0 484 1 15 15 1
3 1 1 0 0 0 760 2 14 14 15
3 2 1 0 0 0 760 3 3 3 14
3 3 1 1 0 0 490 1 14 14 3
3 4 1 1 0 0 507 1 3 3 14
3 5 1 0 0 0 760 3 6 6 3
3 6 0 0 0 1 646 2 6 6 6
3 7 1 0 0 0 760 2 13 13 6
3 8 1 0 0 0 760 2 15 15 13
3 9 1 0 0 0 760 3 14 14 15
3 10 1 0 0 0 760 3 12 12 14
3 11 1 1 0 0 480 1 14 14 12
3 12 1 0 0 0 760 3 7 7 14
3 13 1 0 0 0 760 2 15 15 7
3 14 1 0 0 0 760 2 13 13 15
3 15 1 1 0 0 561 1 15 15 13
3 16 1 0 0 0 760 3 3 3 15
3 17 1 0 0 0 760 2 7 7 3
3 18 1 0 0 0 760 3 1 1 7
3 19 1 0 0 0 760 2 1 1 1
3 20 1 0 0 0 760 2 4 4 1
3 21 1 0 0 0 760 2 10 10 4
3 22 1 1 0 0 477 1 4 4 10
3 23 1 0 0 0 760 2 1 1 4
3 24 1 0 0 0 760 3 7 7 1
3 25 1 1 0 0 591 1 1 1 7
