1 1 1 0 0 0 760 3 5 5 0
1 2 1 0 0 0 760 2 5 5 5
1 3 1 0 0 0 760 2 7 7 5
1 4 1 0 0 0 760 2 9 9 7
1 5 1 0 0 0 760 3 5 5 9
1 6 1 0 0 0 760 3 5 5 5
1 7 1 1 0 0 586 1 5 5 5
1 8 1 0 0 0 760 3 1 1 5
1 9 1 0 0 0 760 3 8 8 1
1 10 1 0 0 0 760 3 14 14 8
1 11 1 0 0 0 760 3 12 12 14
1 12 1 1 0 0 611 1 14 14 12
1 13 1 1 0 0 496 1 12 12 14
1 14 1 0 0 0 760 3 7 7 12
1 15 1 0 0 0 760 3 15 15 7
1 16 1 0 0 0 760 2 8 8 15
1 17 1 1 0 0 551 1 15 15 8
1 18 1 1 0 0 602 1 8 8 15
1 19 1 0 0 0 443 2 2 2 8
1 20 1 0 0 0 760 3 7 7 2
1 21 1 0 0 0 760 3 6 6 7
1 22 1 0 0 0 760 3 8 8 6
1 23 1 0 0 0 760 3 7 7 8
1 24 1 0 0 0 760 2 11 11 7
1 25 1 0 0 0 627 2 11 11 11
2 1 1 0 0 0 760 3 1 1 11
2 2 1 0 0 0 760 1 13 13 1
2 3 1 0 0 0 760 2 3 3 13
2 4 1 0 0 0 760 2 15 15 3
2 5 1 1 0 0 709 1 3 3 15
2 6 1 1 0 0 511 1 15 15 3
2 7 1 0 0 0 760 2 2 2 15
2 8 1 1 0 0 617 1 15 15 2
2 9 1 0 0 0 760 2 10 10 15
2 10 1 0 0 0 760 2 7 7 10
2 11 1 1 0 0 525 1 10 10 7
2 12 1 0 0 0 760 2 8 8 10
2 13 1 1 0 0 515 1 10 10 8
2 14 1 0 0 0 760 3 1 1 10
2 15 1 0 0 0 760 2 5 5 1
2 16 1 0 0 0 760 2 14 14 5
2 17 1 0 0 0 760 2 14 14 14
2 18 1 1 0 0 539 1 14 14 14
2 19 1 1 0 0 571 1 14 14 14
2 20 1 0 0 0 760 2 7 7 14
2 21 1 1 0 0 455 1 14 14 7
2 22 1 0 0 0 760 3 4 4 14
2 23 1 1 0 0 613 1 14 14 4
2 24 1 0 0 0 760 2 10 10 14
2 25 1 1 0 0 737 1 14 14 10
3 1 1 0 0 0 760 3 1 1 14
3 2 1 0 0 0 760 3 3 3 1
3 3 1 1 0 0 630 1 1 1 3
3 4 1 0 0 0 760 3 2 2 1
3 5 1 0 0 0 760 3 3 3 2
3 6 1 0 0 0 760 3 15 15 3
3 7 1 0 0 0 760 2 15 15 15
3 8 1 1 0 0 511 1 15 15 15
3 9 1 0 0 0 760 2 10 10 15
3 10 1 0 0 0 760 2 10 10 10
3 11 1 0 0 0 760 2 14 14 10
3 12 1 0 0 0 760 2 14 14 14
3 13 1 0 0 0 760 3 7 7 14
3 14 1 0 0 0 760 3 3 3 7
3 15 1 1 0 0 575 1 7 7 3
3 16 1 1 0 0 508 1 3 3 7
3 17 1 0 0 0 760 2 4 4 3
3 18 1 0 0 0 760 3 14 14 4
3 19 1 0 0 0 760 2 11 11 14
3 20 1 0 0 0 760 3 4 4 11
3 21 1 0 0 0 760 2 12 12 4
3 22 1 1 0 0 664 1 4 4 12
3 23 1 1 0 0 630 1 12 12 4
3 24 1 0 0 0 760 2 3 3 12
3 25 1 0 0 0 760 3 11 11 3
