1 1 1 0 0 0 760 1 11 11 0
1 2 1 0 0 0 760 2 13 13 11
1 3 1 0 0 0 760 3 5 5 13
1 4 1 0 0 0 760 3 8 8 5
1 5 1 0 0 0 760 2 15 15 8
1 6 1 0 0 0 760 3 15 15 15
1 7 1 1 0 0 602 1 15 15 15
1 8 1 1 0 0 578 1 15 15 15
1 9 1 1 0 0 568 1 15 15 15
1 10 1 0 0 0 760 3 5 5 15
1 11 1 0 0 0 760 2 2 2 5
1 12 1 0 0 0 760 2 2 2 2
1 13 1 0 0 0 760 2 14 14 2
1 14 1 0 0 0 760 3 10 10 14
1 15 1 0 0 0 760 2 5 5 10
1 16 1 1 0 0 521 1 10 10 5
1 17 1 0 0 0 760 3 3 3 10
1 18 1 0 0 0 760 2 3 3 3
1 19 1 1 0 0 597 1 3 3 3
1 20 1 1 0 0 598 1 3 3 3
1 21 0 0 1 0 760 1 3 3 3
1 22 1 0 0 0 760 3 5 5 3
1 23 1 0 0 0 760 2 15 15 5
1 24 1 0 0 0 760 2 6 6 15
1 25 1 0 0 0 760 3 1 1 6
2 1 1 0 0 0 760 1 2 2 1
2 2 1 0 0 0 760 3 15 15 2
2 3 1 0 0 0 760 3 7 7 15
2 4 0 0 1 0 760 1 15 15 7
2 5 0 0 1 0 760 1 7 7 15
2 6 0 0 1 0 760 1 15 15 7
2 7 1 1 0 0 473 1 7 7 15
2 8 1 1 0 0 629 1 15 15 7
2 9 1 0 0 0 760 2 9 9 15
2 10 1 0 0 0 760 3 11 11 9
2 11 0 0 1 0 760 1 9 9 11
2 12 0 0 0 1 504 3 10 10 9
2 13 0 0 0 1 403 2 15 15 10
2 14 1 0 0 0 760 3 11 11 15
2 15 0 0 1 0 760 1 15 15 11
2 16 1 0 0 0 760 2 8 8 15
2 17 1 0 0 0 760 3 2 2 8
2 18 1 1 0 0 760 1 8 8 2
2 19 1 0 0 0 760 2 3 3 8
2 20 1 0 0 0 760 2 2 2 3
2 21 1 0 0 0 760 3 7 7 2
2 22 1 1 0 0 554 1 2 2 7
2 23 0 0 1 0 760 1 7 7 2
2 24 0 0 1 0 760 1 2 2 7
2 25 1 0 0 0 760 2 1 1 2
3 1 1 0 0 0 760 1 7 7 1
3 2 1 0 0 0 760 2 11 11 7
3 3 1 0 0 0 760 2 3 3 11
3 4 1 1 0 0 527 1 11 11 3
3 5 1 0 0 0 760 2 14 14 11
3 6 1 0 0 0 760 2 9 9 14
3 7 1 1 0 0 759 1 14 14 9
3 8 1 0 0 0 760 3 13 13 14
3 9 1 0 0 0 760 2 13 13 13
3 10 1 0 0 0 760 3 11 11 13
3 11 1 0 0 0 760 3 1 1 11
3 12 1 0 0 0 760 2 4 4 1
3 13 1 0 0 0 760 3 13 13 4
3 14 1 0 0 0 760 2 7 7 13
3 15 1 0 0 0 760 2 1 1 7
3 16 1 0 0 0 760 3 3 3 1
3 17 1 0 0 0 760 3 10 10 3
3 18 1 0 0 0 760 2 6 6 10
3 19 0 0 1 0 760 1 10 10 6
3 20 1 1 0 0 508 1 6 6 10
3 21 1 0 0 0 760 2 2 2 6
3 22 1 0 0 0 760 3 1 1 2
3 23 0 0 1 0 760 1 2 2 1
3 24 1 0 0 0 760 2 14 14 2
3 25 1 0 0 0 760 3 7 7 14
