1 1 1 0 0 0 760 2 5 5 0
1 2 1 0 0 0 760 2 1 1 5
1 3 1 0 0 0 760 3 13 13 1
1 4 1 0 0 0 760 2 8 8 13
1 5 1 1 0 0 672 1 13 13 8
1 6 1 0 0 0 760 3 11 11 13
1 7 1 0 0 0 760 2 7 7 11
1 8 1 0 0 0 760 2 6 6 7
1 9 1 0 0 0 760 2 10 10 6
1 10 0 0 1 0 760 1 6 6 10
1 11 1 0 0 0 760 3 9 9 6
1 12 1 1 0 0 669 1 6 6 9
1 13 1 0 0 0 760 2 6 6 6
1 14 1 0 0 0 760 3 4 4 6
1 15 1 1 0 0 607 1 6 6 4
1 16 1 0 0 0 760 3 14 14 6
1 17 1 0 0 0 760 3 5 5 14
1 18 1 0 0 0 760 2 10 10 5
1 19 1 0 0 0 760 3 15 15 10
1 20 1 0 0 0 760 3 8 8 15
1 21 1 0 0 0 760 2 2 2 8
1 22 1 0 0 0 760 2 2 2 2
1 23 1 0 0 0 760 2 7 7 2
1 24 1 0 0 0 760 2 6 6 7
1 25 1 0 0 0 760 3 15 15 6
2 1 1 0 0 0 760 1 2 2 15
2 2 1 0 0 0 760 2 1 1 2
2 3 1 1 0 0 472 1 2 2 1
2 4 1 1 0 0 485 1 1 1 2
2 5 1 1 0 0 599 1 2 2 1
2 6 1 1 0 0 460 1 1 1 2
2 7 1 0 0 0 760 3 14 14 1
2 8 1 0 0 0 760 2 10 10 14
2 9 1 0 0 0 760 2 15 15 10
2 10 1 1 0 0 468 1 10 10 15
2 11 1 0 0 0 760 2 11 11 10
2 12 1 0 0 0 760 2 6 6 11
2 13 1 0 0 0 760 2 1 1 6
2 14 1 0 0 0 760 2 15 15 1
2 15 0 0 1 0 760 1 1 1 15
2 16 1 0 0 0 760 3 2 2 1
2 17 0 0 0 1 515 3 15 15 2
2 18 1 1 0 0 480 1 2 2 15
2 19 1 0 0 0 760 3 5 5 2
2 20 0 0 1 0 760 1 2 2 5
2 21 1 0 0 0 760 2 10 10 2
2 22 0 0 0 1 670 2 10 10 10
2 23 1 1 0 0 602 1 10 10 10
2 24 1 0 0 0 760 3 9 9 10
2 25 1 0 0 0 760 2 11 11 9
3 1 1 0 0 0 760 1 12 12 11
3 2 1 0 0 0 760 2 12 12 12
3 3 1 0 0 0 760 2 5 5 12
3 4 1 0 0 0 760 2 14 14 5
3 5 1 0 0 0 760 2 12 12 14
3 6 1 0 0 0 760 3 9 9 12
3 7 1 0 0 0 760 3 9 9 9
3 8 1 0 0 0 760 3 14 14 9
3 9 1 0 0 0 760 3 15 15 14
3 10 0 0 1 0 760 1 14 14 15
3 11 1 0 0 0 760 3 2 2 14
3 12 1 1 0 0 489 1 14 14 2
3 13 0 0 1 0 760 1 2 2 14
3 14 0 0 0 1 547 2 2 2 2
3 15 1 0 0 0 760 2 15 15 2
3 16 1 0 0 0 760 3 10 10 15
3 17 1 0 0 0 760 2 9 9 10
3 18 1 0 0 0 760 3 2 2 9
3 19 0 0 1 0 760 1 9 9 2
3 20 1 0 0 0 760 3 10 10 9
3 21 1 0 0 0 760 2 13 13 10
3 22 1 0 0 0 760 3 3 3 13
3 23 0 0 1 0 760 1 13 13 3
3 24 1 0 0 0 760 2 8 8 13
3 25 1 0 0 0 760 2 7 7 8
