1 1 1 0 0 0 760 1 4 4 0
1 2 1 0 0 0 760 2 1 1 4
1 3 0 0 1 0 760 1 4 4 1
1 4 1 0 0 0 760 2 2 2 4
1 5 1 0 0 0 760 2 12 12 2
1 6 1 0 0 0 760 2 12 12 12
1 7 1 0 0 0 760 2 11 11 12
1 8 1 0 0 0 760 3 4 4 11
1 9 1 0 0 0 760 3 8 8 4
1 10 0 0 1 0 760 1 4 4 8
1 11 1 0 0 0 760 3 13 13 4
1 12 0 0 1 0 760 1 4 4 13
1 13 0 0 1 0 760 1 13 13 4
1 14 1 0 0 0 760 2 13 13 13
1 15 1 0 0 0 760 3 3 3 13
1 16 0 0 1 0 760 1 13 13 3
1 17 1 0 0 0 760 2 13 13 13
1 18 1 0 0 0 760 3 9 9 13
1 19 1 0 0 0 760 3 15 15 9
1 20 1 0 0 0 760 2 12 12 15
1 21 1 0 0 0 760 2 2 2 12
1 22 1 0 0 0 760 2 1 1 2
1 23 1 0 0 0 760 2 6 6 1
1 24 1 0 0 0 760 3 3 3 6
1 25 1 0 0 0 760 3 1 1 3
2 1 1 0 0 0 760 1 9 9 1
2 2 1 0 0 0 760 3 5 5 9
2 3 1 0 0 0 760 3 12 12 5
2 4 1 0 0 0 760 2 15 15 12
2 5 1 0 0 0 760 3 4 4 15
2 6 0 0 1 0 760 1 15 15 4
2 7 1 0 0 0 760 3 15 15 15
2 8 1 0 0 0 760 2 13 13 15
2 9 1 0 0 0 760 3 9 9 13
2 10 1 0 0 0 760 2 3 3 9
2 11 1 0 0 0 760 2 8 8 3
2 12 1 0 0 0 760 3 11 11 8
2 13 1 0 0 0 760 3 10 10 11
2 14 1 0 0 0 760 2 8 8 10
2 15 1 0 0 0 760 3 14 14 8
2 16 0 0 1 0 760 1 8 8 14
2 17 1 0 0 0 760 3 8 8 8
2 18 0 0 1 0 760 1 8 8 8
2 19 1 0 0 0 760 3 3 3 8
2 20 1 0 0 0 760 2 1 1 3
2 21 1 0 0 0 760 3 13 13 1
2 22 1 0 0 0 760 3 12 12 13
2 23 0 0 1 0 760 1 13 13 12
2 24 0 0 1 0 760 1 12 12 13
2 25 1 0 0 0 760 3 15 15 12
3 1 1 0 0 0 760 2 11 11 15
3 2 1 0 0 0 760 1 2 2 11
3 3 1 0 0 0 760 3 6 6 2
3 4 1 1 0 0 750 1 2 2 6
3 5 1 0 0 0 760 2 10 10 2
3 6 1 0 0 0 760 2 8 8 10
3 7 1 1 0 0 705 1 10 10 8
3 8 1 0 0 0 760 3 3 3 10
3 9 1 1 0 0 731 1 10 10 3
3 10 1 0 0 0 760 3 1 1 10
3 11 1 0 0 0 760 2 14 14 1
3 12 1 0 0 0 760 3 4 4 14
3 13 1 0 0 0 760 2 6 6 4
3 14 0 0 0 1 730 3 10 10 6
3 15 1 0 0 0 760 3 3 3 10
3 16 0 0 1 0 760 1 10 10 3
3 17 1 0 0 0 760 2 13 13 10
3 18 1 1 0 0 556 1 10 10 13
3 19 1 0 0 0 760 3 12 12 10
3 20 1 0 0 0 760 3 15 15 12
3 21 1 0 0 0 760 3 1 1 15
3 22 1 0 0 0 760 3 5 5 1
3 23 0 0 1 0 760 1 1 1 5
3 24 1 1 0 0 735 1 5 5 1
3 25 1 0 0 0 760 3 2 2 5
