1 1 1 0 0 0 760 2 3 3 0
1 2 1 0 0 0 760 2 2 2 3
1 3 1 0 0 0 760 3 9 9 2
1 4 1 0 0 0 760 2 11 11 9
1 5 0 0 1 0 760 1 9 9 11
1 6 0 0 1 0 760 1 11 11 9
1 7 1 0 0 0 760 3 7 7 11
1 8 1 1 0 0 617 1 11 11 7
1 9 1 0 0 0 760 2 8 8 11
1 10 1 0 0 0 760 2 14 14 8
1 11 1 0 0 0 760 3 14 14 14
1 12 1 0 0 0 760 3 3 3 14
1 13 0 0 1 0 760 1 14 14 3
1 14 0 0 1 0 760 1 3 3 14
1 15 1 1 0 0 656 1 14 14 3
1 16 1 1 0 0 613 1 3 3 14
1 17 1 0 0 0 760 2 6 6 3
1 18 0 0 0 1 739 3 11 11 6
1 19 1 0 0 0 760 2 5 5 11
1 20 1 1 0 0 677 1 11 11 5
1 21 1 0 0 0 760 2 10 10 11
1 22 1 1 0 0 626 1 11 11 10
1 23 1 0 0 0 760 3 1 1 11
1 24 1 0 0 0 760 3 9 9 1
1 25 1 1 0 0 650 1 1 1 9
2 1 1 0 0 0 760 2 14 14 1
2 2 1 0 0 0 760 3 4 4 14
2 3 1 0 0 0 760 3 9 9 4
2 4 0 0 1 0 760 1 4 4 9
2 5 1 0 0 0 760 2 3 3 4
2 6 0 0 0 1 562 2 9 9 3
2 7 1 1 0 0 519 1 3 3 9
2 8 1 0 0 0 760 3 8 8 3
2 9 1 0 0 0 760 3 6 6 8
2 10 1 1 0 0 558 1 8 8 6
2 11 0 0 1 0 760 1 6 6 8
2 12 1 1 0 0 563 1 8 8 6
2 13 0 0 1 0 760 1 6 6 8
2 14 0 0 0 1 515 2 6 6 6
2 15 0 0 0 1 657 3 10 10 6
2 16 1 0 0 0 760 3 4 4 10
2 17 1 0 0 0 760 2 9 9 4
2 18 1 0 0 0 760 2 1 1 9
2 19 1 0 0 0 760 3 13 13 1
2 20 1 1 0 0 539 1 1 1 13
2 21 1 0 0 0 760 2 5 5 1
2 22 1 0 0 0 760 3 10 10 5
2 23 1 0 0 0 760 2 6 6 10
2 24 1 0 0 0 760 2 1 1 6
2 25 0 0 1 0 760 1 6 6 1
3 1 1 0 0 0 760 2 4 4 6
3 2 1 0 0 0 760 2 2 2 4
3 3 1 0 0 0 760 2 3 3 2
3 4 1 0 0 0 760 3 7 7 3
3 5 1 0 0 0 760 2 5 5 7
3 6 1 0 0 0 760 3 8 8 5
3 7 1 0 0 0 760 3 10 10 8
3 8 0 0 1 0 760 1 8 8 10
3 9 0 0 1 0 760 1 10 10 8
3 10 1 0 0 0 760 2 5 5 10
3 11 0 0 1 0 760 1 10 10 5
3 12 1 0 0 0 760 3 6 6 10
3 13 1 0 0 0 760 2 1 1 6
3 14 1 0 0 0 760 3 2 2 1
3 15 1 0 0 0 760 3 4 4 2
3 16 1 1 0 0 674 1 2 2 4
3 17 0 0 1 0 760 1 4 4 2
3 18 1 0 0 0 760 3 11 11 4
3 19 0 0 1 0 760 1 4 4 11
3 20 1 0 0 0 760 2 1 1 4
3 21 1 0 0 0 760 3 3 3 1
3 22 1 0 0 0 760 2 13 13 3
3 23 1 0 0 0 760 2 11 11 13
3 24 1 0 0 0 760 2 6 6 11
3 25 1 0 0 0 760 3 8 8 6
