1 1 1 0 0 0 760 2 12 12 0
1 2 1 0 0 0 760 3 10 10 12
1 3 1 1 0 0 738 1 12 12 10
1 4 0 0 1 0 760 1 10 10 12
1 5 0 0 1 0 760 1 12 12 10
1 6 1 0 0 0 760 3 6 6 12
1 7 1 1 0 0 715 1 12 12 6
1 8 1 0 0 0 760 3 10 10 12
1 9 1 1 0 0 696 1 12 12 10
1 10 0 0 1 0 760 1 10 10 12
1 11 1 0 0 0 760 3 1 1 10
1 12 1 0 0 0 760 2 3 3 1
1 13 1 0 0 0 760 2 5 5 3
1 14 1 1 0 0 651 1 3 3 5
1 15 1 1 0 0 630 1 5 5 3
1 16 1 0 0 0 760 3 13 13 5
1 17 1 0 0 0 760 2 3 3 13
1 18 1 0 0 0 760 2 3 3 3
1 19 1 0 0 0 760 2 11 11 3
1 20 1 0 0 0 760 3 1 1 11
1 21 1 1 0 0 710 1 11 11 1
1 22 1 1 0 0 609 1 1 1 11
1 23 1 1 0 0 668 1 11 11 1
1 24 1 0 0 0 760 3 15 15 11
1 25 1 1 0 0 635 1 11 11 15
2 1 1 0 0 0 760 3 5 5 11
2 2 1 0 0 0 760 3 15 15 5
2 3 1 1 0 0 495 1 5 5 15
2 4 1 0 0 0 760 3 7 7 5
2 5 1 0 0 0 760 2 9 9 7
2 6 0 0 1 0 760 1 7 7 9
2 7 1 0 0 0 760 2 12 12 7
2 8 0 0 1 0 760 1 7 7 12
2 9 1 0 0 0 760 3 14 14 7
2 10 1 0 0 0 760 2 11 11 14
2 11 1 0 0 0 760 3 7 7 11
2 12 1 1 0 0 516 1 11 11 7
2 13 0 0 1 0 760 1 7 7 11
2 14 1 0 0 0 760 2 12 12 7
2 15 1 0 0 0 760 3 14 14 12
2 16 1 0 0 0 760 2 2 2 14
2 17 1 0 0 0 760 2 7 7 2
2 18 1 0 0 0 760 2 5 5 7
2 19 1 0 0 0 760 2 14 14 5
2 20 1 0 0 0 760 3 8 8 14
2 21 1 0 0 0 760 2 11 11 8
2 22 0 0 1 0 760 1 8 8 11
2 23 1 0 0 0 760 3 3 3 8
2 24 1 0 0 0 760 2 2 2 3
2 25 0 0 1 0 760 1 3 3 2
3 1 1 0 0 0 760 1 14 14 3
3 2 1 0 0 0 760 1 2 2 14
3 3 1 1 0 0 685 1 14 14 2
3 4 1 0 0 0 760 2 15 15 14
3 5 1 0 0 0 760 2 13 13 15
3 6 1 0 0 0 760 2 14 14 13
3 7 1 0 0 0 760 2 8 8 14
3 8 1 0 0 0 760 2 5 5 8
3 9 1 0 0 0 760 3 11 11 5
3 10 1 0 0 0 760 2 3 3 11
3 11 1 1 0 0 674 1 11 11 3
3 12 1 0 0 0 760 3 2 2 11
3 13 1 1 0 0 542 1 11 11 2
3 14 1 0 0 0 760 2 1 1 11
3 15 1 1 0 0 597 1 11 11 1
3 16 1 0 0 0 760 3 15 15 11
3 17 1 0 0 0 760 3 7 7 15
3 18 1 1 0 0 565 1 15 15 7
3 19 0 0 1 0 760 1 7 7 15
3 20 0 0 0 1 554 3 5 5 7
3 21 1 0 0 0 760 3 10 10 5
3 22 1 0 0 0 760 2 4 4 10
3 23 1 0 0 0 760 3 15 15 4
3 24 1 0 0 0 760 3 7 7 15
3 25 1 0 0 0 760 3 6 6 7
