1 1 1 0 0 0 760 3 11 11 0
1 2 1 0 0 0 760 3 1 1 11
1 3 0 0 1 0 760 1 11 11 1
1 4 0 0 1 0 760 1 1 1 11
1 5 1 0 0 0 760 3 8 8 1
1 6 0 0 1 0 760 1 1 1 8
1 7 1 0 0 0 760 2 1 1 1
1 8 1 0 0 0 760 2 7 7 1
1 9 0 0 1 0 760 1 1 1 7
1 10 1 1 0 0 642 1 7 7 1
1 11 0 0 0 1 573 2 9 9 7
1 12 1 0 0 0 760 3 9 9 9
1 13 0 0 1 0 760 1 9 9 9
1 14 0 0 0 1 518 3 15 15 9
1 15 0 0 1 0 760 1 9 9 15
1 16 1 0 0 0 760 2 9 9 9
1 17 1 0 0 0 760 2 13 13 9
1 18 1 1 0 0 638 1 9 9 13
1 19 1 0 0 0 760 2 10 10 9
1 20 1 0 0 0 760 3 10 10 10
1 21 1 0 0 0 760 2 12 12 10
1 22 1 0 0 0 760 2 15 15 12
1 23 1 0 0 0 760 2 5 5 15
1 24 1 0 0 0 760 3 4 4 5
1 25 0 0 1 0 760 1 5 5 4
2 1 1 0 0 0 760 3 2 2 5
2 2 1 0 0 0 760 1 11 11 2
2 3 1 0 0 0 760 2 15 15 11
2 4 1 0 0 0 760 2 7 7 15
2 5 1 0 0 0 760 2 8 8 7
2 6 0 0 1 0 760 1 7 7 8
2 7 1 0 0 0 760 2 4 4 7
2 8 1 0 0 0 760 3 15 15 4
2 9 1 0 0 0 760 3 10 10 15
2 10 0 0 0 1 669 2 10 10 10
2 11 1 0 0 0 760 2 2 2 10
2 12 1 0 0 0 760 3 13 13 2
2 13 0 0 1 0 760 1 2 2 13
2 14 1 0 0 0 760 2 14 14 2
2 15 1 0 0 0 760 3 3 3 14
2 16 0 0 0 1 559 3 10 10 3
2 17 1 0 0 0 760 2 1 1 10
2 18 1 1 0 0 525 1 10 10 1
2 19 1 0 0 0 760 3 3 3 10
2 20 0 0 1 0 760 1 10 10 3
2 21 1 0 0 0 760 3 10 10 10
2 22 0 0 1 0 760 1 10 10 10
2 23 1 0 0 0 760 2 14 14 10
2 24 0 0 1 0 760 1 10 10 14
2 25 1 0 0 0 760 2 7 7 10
3 1 1 0 0 0 760 2 11 11 7
3 2 1 0 0 0 760 3 9 9 11
3 3 1 0 0 0 760 2 2 2 9
3 4 1 0 0 0 760 2 5 5 2
3 5 1 0 0 0 760 3 10 10 5
3 6 1 0 0 0 760 2 3 3 10
3 7 0 0 1 0 760 1 10 10 3
3 8 1 0 0 0 760 3 9 9 10
3 9 1 1 0 0 583 1 10 10 9
3 10 0 0 1 0 760 1 9 9 10
3 11 1 0 0 0 760 3 3 3 9
3 12 0 0 0 1 542 3 13 13 3
3 13 1 0 0 0 760 2 13 13 13
3 14 1 0 0 0 760 3 14 14 13
3 15 0 0 1 0 760 1 13 13 14
3 16 1 0 0 0 760 2 15 15 13
3 17 1 0 0 0 760 3 3 3 15
3 18 1 0 0 0 760 2 1 1 3
3 19 0 0 0 1 641 2 15 15 1
3 20 1 0 0 0 760 2 12 12 15
3 21 0 0 1 0 760 1 15 15 12
3 22 1 0 0 0 760 2 10 10 15
3 23 1 0 0 0 760 3 11 11 10
3 24 1 0 0 0 760 2 13 13 11
3 25 0 0 1 0 760 1 11 11 13
