1 1 1 0 0 0 760 2 13 13 0
1 2 1 0 0 0 760 1 13 13 13
1 3 0 0 1 0 760 1 13 13 13
1 4 1 0 0 0 760 2 15 15 13
1 5 1 0 0 0 760 2 8 8 15
1 6 0 0 1 0 760 1 15 15 8
1 7 1 0 0 0 760 2 7 7 15
1 8 1 0 0 0 760 2 10 10 7
1 9 1 0 0 0 760 3 12 12 10
1 10 1 0 0 0 760 2 15 15 12
1 11 1 0 0 0 760 3 13 13 15
1 12 1 0 0 0 760 2 8 8 13
1 13 1 0 0 0 760 2 3 3 8
1 14 1 0 0 0 760 2 2 2 3
1 15 0 0 1 0 760 1 3 3 2
1 16 0 0 1 0 760 1 2 2 3
1 17 0 0 1 0 760 1 3 3 2
1 18 1 0 0 0 760 2 15 15 3
1 19 0 0 1 0 760 1 3 3 15
1 20 0 0 1 0 760 1 15 15 3
1 21 1 0 0 0 760 3 2 2 15
1 22 1 0 0 0 760 2 14 14 2
1 23 1 0 0 0 760 3 12 12 14
1 24 0 0 1 0 760 1 14 14 12
1 25 1 0 0 0 760 3 9 9 14
2 1 1 0 0 0 760 3 3 3 9
2 2 1 0 0 0 760 3 8 8 3
2 3 1 1 0 0 698 1 3 3 8
2 4 1 0 0 0 760 3 12 12 3
2 5 1 0 0 0 760 3 6 6 12
2 6 1 1 0 0 672 1 12 12 6
2 7 1 0 0 0 760 3 4 4 12
2 8 1 0 0 0 760 2 15 15 4
2 9 1 0 0 0 760 3 5 5 15
2 10 1 0 0 0 760 3 9 9 5
2 11 0 0 1 0 760 1 5 5 9
2 12 0 0 1 0 760 1 9 9 5
2 13 1 0 0 0 760 3 12 12 9
2 14 1 0 0 0 760 2 13 13 12
2 15 0 0 1 0 760 1 12 12 13
2 16 1 0 0 0 760 2 9 9 12
2 17 1 0 0 0 760 2 13 13 9
2 18 1 0 0 0 760 3 1 1 13
2 19 1 0 0 0 760 2 6 6 1
2 20 1 0 0 0 760 2 10 10 6
2 21 1 0 0 0 760 2 8 8 10
2 22 0 0 1 0 760 1 10 10 8
2 23 1 0 0 0 760 3 5 5 10
2 24 0 0 1 0 760 1 10 10 5
2 25 1 0 0 0 760 3 13 13 10
3 1 1 0 0 0 760 3 9 9 13
3 2 1 0 0 0 760 2 4 4 9
3 3 1 0 0 0 760 3 3 3 4
3 4 1 0 0 0 760 2 1 1 3
3 5 0 0 1 0 760 1 3 3 1
3 6 1 0 0 0 760 2 5 5 3
3 7 1 0 0 0 760 2 6 6 5
3 8 0 0 1 0 760 1 5 5 6
3 9 1 0 0 0 760 3 5 5 5
3 10 1 0 0 0 760 2 3 3 5
3 11 1 1 0 0 759 1 5 5 3
3 12 1 0 0 0 760 2 12 12 5
3 13 0 0 1 0 760 1 5 5 12
3 14 1 0 0 0 760 3 11 11 5
3 15 1 0 0 0 760 2 9 9 11
3 16 1 0 0 0 760 3 6 6 9
3 17 1 0 0 0 760 2 5 5 6
3 18 0 0 1 0 760 1 6 6 5
3 19 1 0 0 0 760 2 9 9 6
3 20 1 0 0 0 760 3 1 1 9
3 21 1 0 0 0 760 2 7 7 1
3 22 1 0 0 0 760 2 5 5 7
3 23 1 0 0 0 760 3 12 12 5
3 24 1 0 0 0 760 2 7 7 12
3 25 0 0 1 0 760 1 12 12 7
