1 1 1 0 0 0 760 3 6 6 0
1 2 1 0 0 0 760 3 4 4 6
1 3 1 0 0 0 760 3 9 9 4
1 4 1 0 0 0 760 2 7 7 9
1 5 1 0 0 0 760 3 3 3 7
1 6 1 0 0 0 760 2 13 13 3
1 7 1 0 0 0 760 3 11 11 13
1 8 1 0 0 0 760 2 9 9 11
1 9 1 0 0 0 760 2 10 10 9
1 10 1 0 0 0 760 3 3 3 10
1 11 1 0 0 0 760 2 6 6 3
1 12 1 0 0 0 760 3 15 15 6
1 13 1 0 0 0 760 2 10 10 15
1 14 1 0 0 0 760 2 4 4 10
1 15 1 0 0 0 760 2 11 11 4
1 16 1 0 0 0 760 3 14 14 11
1 17 1 0 0 0 760 2 1 1 14
1 18 1 0 0 0 760 2 6 6 1
1 19 1 1 0 0 655 1 1 1 6
1 20 1 0 0 0 760 3 9 9 1
1 21 1 0 0 0 760 3 7 7 9
1 22 1 0 0 0 760 2 3 3 7
1 23 1 1 0 0 597 1 7 7 3
1 24 1 0 0 0 760 3 8 8 7
1 25 1 1 0 0 553 1 7 7 8
2 1 1 0 0 0 760 2 15 15 7
2 2 1 0 0 0 760 1 2 2 15
2 3 1 0 0 0 760 2 3 3 2
2 4 1 0 0 0 760 2 8 8 3
2 5 1 0 0 0 760 2 12 12 8
2 6 1 0 0 0 760 3 14 14 12
2 7 1 1 0 0 628 1 12 12 14
2 8 1 0 0 0 760 2 15 15 12
2 9 1 1 0 0 662 1 12 12 15
2 10 1 0 0 0 760 2 3 3 12
2 11 1 0 0 0 760 3 1 1 3
2 12 1 0 0 0 760 2 14 14 1
2 13 1 0 0 0 760 3 10 10 14
2 14 0 0 1 0 760 1 14 14 10
2 15 1 1 0 0 683 1 10 10 14
2 16 1 0 0 0 760 3 8 8 10
2 17 1 0 0 0 760 2 15 15 8
2 18 0 0 1 0 760 1 8 8 15
2 19 1 1 0 0 658 1 15 15 8
2 20 1 0 0 0 760 2 6 6 15
2 21 1 0 0 0 760 2 13 13 6
2 22 0 0 0 1 659 3 13 13 13
2 23 1 0 0 0 760 3 1 1 13
2 24 1 0 0 0 760 3 7 7 1
2 25 1 0 0 0 760 2 10 10 7
3 1 1 0 0 0 760 3 10 10 10
3 2 1 0 0 0 760 2 13 13 10
3 3 1 0 0 0 760 3 15 15 13
3 4 1 0 0 0 760 2 12 12 15
3 5 1 0 0 0 760 3 10 10 12
3 6 0 0 1 0 760 1 12 12 10
3 7 0 0 1 0 760 1 10 10 12
3 8 1 0 0 0 760 2 9 9 10
3 9 1 0 0 0 760 3 5 5 9
3 10 1 0 0 0 760 2 14 14 5
3 11 1 0 0 0 760 2 4 4 14
3 12 1 0 0 0 760 2 12 12 4
3 13 1 0 0 0 760 3 14 14 12
3 14 0 0 1 0 760 1 12 12 14
3 15 1 0 0 0 760 3 6 6 12
3 16 1 0 0 0 760 2 8 8 6
3 17 1 0 0 0 760 2 7 7 8
3 18 1 1 0 0 564 1 8 8 7
3 19 1 1 0 0 687 1 7 7 8
3 20 1 0 0 0 760 2 1 1 7
3 21 1 0 0 0 760 3 3 3 1
3 22 1 0 0 0 760 2 15 15 3
3 23 1 0 0 0 760 2 8 8 15
3 24 0 0 1 0 760 1 15 15 8
3 25 0 0 1 0 760 1 8 8 15
