1 1 1 0 0 0 760 2 2 2 0
1 2 1 0 0 0 760 2 8 8 2
1 3 1 0 0 0 760 3 9 9 8
1 4 0 0 1 0 760 1 8 8 9
1 5 1 0 0 0 760 2 1 1 8
1 6 1 0 0 0 760 2 13 13 1
1 7 1 0 0 0 760 2 14 14 13
1 8 1 0 0 0 760 2 10 10 14
1 9 1 0 0 0 760 3 12 12 10
1 10 1 0 0 0 760 2 6 6 12
1 11 1 1 0 0 550 1 12 12 6
1 12 1 1 0 0 532 1 6 6 12
1 13 1 0 0 0 760 2 15 15 6
1 14 1 0 0 0 760 3 3 3 15
1 15 1 1 0 0 555 1 15 15 3
1 16 1 0 0 0 760 3 10 10 15
1 17 1 0 0 0 760 3 6 6 10
1 18 1 0 0 0 760 2 4 4 6
1 19 1 0 0 0 760 3 1 1 4
1 20 1 0 0 0 760 3 8 8 1
1 21 0 0 1 0 760 1 1 1 8
1 22 1 0 0 0 760 2 12 12 1
1 23 1 0 0 0 760 2 5 5 12
1 24 0 0 1 0 760 1 12 12 5
1 25 1 0 0 0 760 2 11 11 12
2 1 1 0 0 0 760 3 10 10 11
2 2 1 0 0 0 760 2 8 8 10
2 3 1 0 0 0 760 2 8 8 8
2 4 1 0 0 0 760 2 10 10 8
2 5 1 0 0 0 760 3 14 14 10
2 6 1 0 0 0 760 3 13 13 14
2 7 1 0 0 0 760 3 6 6 13
2 8 1 0 0 0 760 2 6 6 6
2 9 0 0 1 0 760 1 6 6 6
2 10 1 0 0 0 760 2 2 2 6
2 11 1 0 0 0 760 3 8 8 2
2 12 1 1 0 0 456 1 2 2 8
2 13 0 0 1 0 760 1 8 8 2
2 14 0 0 0 1 671 3 8 8 8
2 15 1 0 0 0 760 2 15 15 8
2 16 0 0 1 0 760 1 8 8 15
2 17 1 0 0 0 760 3 7 7 8
2 18 1 0 0 0 760 2 1 1 7
2 19 1 0 0 0 760 2 12 12 1
2 20 1 0 0 0 760 3 3 3 12
2 21 1 0 0 0 760 3 13 13 3
2 22 1 0 0 0 760 3 10 10 13
2 23 0 0 1 0 760 1 13 13 10
2 24 1 0 0 0 760 2 5 5 13
2 25 0 0 0 1 618 2 10 10 5
3 1 1 0 0 0 760 1 9 9 10
3 2 1 0 0 0 760 2 6 6 9
3 3 1 0 0 0 760 2 10 10 6
3 4 1 1 0 0 652 1 6 6 10
3 5 1 0 0 0 760 3 9 9 6
3 6 1 0 0 0 760 3 5 5 9
3 7 1 1 0 0 570 1 9 9 5
3 8 1 1 0 0 576 1 5 5 9
3 9 1 0 0 0 760 2 12 12 5
3 10 1 0 0 0 760 3 11 11 12
3 11 1 0 0 0 760 2 5 5 11
3 12 1 1 0 0 633 1 11 11 5
3 13 1 0 0 0 760 2 6 6 11
3 14 1 0 0 0 760 2 10 10 6
3 15 1 0 0 0 760 3 11 11 10
3 16 1 0 0 0 760 2 7 7 11
3 17 1 0 0 0 760 3 13 13 7
3 18 1 0 0 0 760 2 9 9 13
3 19 0 0 1 0 760 1 13 13 9
3 20 1 0 0 0 760 3 3 3 13
3 21 1 0 0 0 760 3 14 14 3
3 22 1 0 0 0 760 3 7 7 14
3 23 0 0 1 0 760 1 14 14 7
3 24 0 0 1 0 760 1 7 7 14
3 25 1 0 0 0 760 3 5 5 7
