1 1 1 0 0 0 760 3 14 14 0
1 2 1 0 0 0 760 2 13 13 14
1 3 1 0 0 0 760 3 7 7 13
1 4 1 0 0 0 760 2 11 11 7
1 5 1 0 0 0 760 3 2 2 11
1 6 1 0 0 0 760 2 9 9 2
1 7 1 1 0 0 545 1 2 2 9
1 8 1 0 0 0 760 3 5 5 2
1 9 1 0 0 0 760 2 1 1 5
1 10 1 0 0 0 760 3 12 12 1
1 11 0 0 1 0 760 1 1 1 12
1 12 1 0 0 0 760 3 6 6 1
1 13 1 0 0 0 760 2 5 5 6
1 14 1 1 0 0 546 1 6 6 5
1 15 1 0 0 0 760 2 2 2 6
1 16 1 0 0 0 760 2 4 4 2
1 17 1 0 0 0 760 3 10 10 4
1 18 1 0 0 0 760 3 3 3 10
1 19 1 0 0 0 760 3 2 2 3
1 20 1 1 0 0 618 1 3 3 2
1 21 0 0 1 0 760 1 2 2 3
1 22 0 0 1 0 760 1 3 3 2
1 23 1 0 0 0 760 3 5 5 3
1 24 1 0 0 0 760 2 11 11 5
1 25 1 1 0 0 626 1 5 5 11
2 1 1 0 0 0 760 3 4 4 5
2 2 1 0 0 0 760 3 1 1 4
2 3 1 0 0 0 760 3 11 11 1
2 4 1 0 0 0 760 2 5 5 11
2 5 1 0 0 0 760 3 6 6 5
2 6 1 0 0 0 760 2 15 15 6
2 7 1 0 0 0 760 2 4 4 15
2 8 1 0 0 0 760 2 3 3 4
2 9 1 0 0 0 760 3 10 10 3
2 10 1 1 0 0 536 1 3 3 10
2 11 1 0 0 0 760 2 8 8 3
2 12 1 0 0 0 760 2 13 13 8
2 13 1 0 0 0 760 2 12 12 13
2 14 1 0 0 0 760 2 2 2 12
2 15 1 1 0 0 562 1 12 12 2
2 16 1 0 0 0 760 2 1 1 12
2 17 1 0 0 0 760 2 15 15 1
2 18 0 0 1 0 760 1 1 1 15
2 19 0 0 1 0 760 1 15 15 1
2 20 1 0 0 0 760 3 3 3 15
2 21 1 0 0 0 760 3 2 2 3
2 22 1 0 0 0 760 3 6 6 2
2 23 1 1 0 0 572 1 2 2 6
2 24 1 1 0 0 730 1 6 6 2
2 25 1 1 0 0 615 1 2 2 6
3 1 1 0 0 0 760 1 15 15 2
3 2 1 0 0 0 760 1 11 11 15
3 3 1 1 0 0 608 1 15 15 11
3 4 1 0 0 0 760 3 10 10 15
3 5 1 0 0 0 760 3 6 6 10
3 6 1 0 0 0 760 3 9 9 6
3 7 1 1 0 0 507 1 6 6 9
3 8 1 0 0 0 760 3 7 7 6
3 9 1 0 0 0 760 2 1 1 7
3 10 1 0 0 0 760 2 1 1 1
3 11 1 0 0 0 760 3 4 4 1
3 12 1 0 0 0 760 2 15 15 4
3 13 1 0 0 0 760 2 11 11 15
3 14 1 0 0 0 760 3 6 6 11
3 15 1 0 0 0 760 2 13 13 6
3 16 1 1 0 0 592 1 6 6 13
3 17 1 1 0 0 620 1 13 13 6
3 18 1 0 0 0 760 3 4 4 13
3 19 1 0 0 0 760 3 4 4 4
3 20 1 0 0 0 760 3 5 5 4
3 21 1 0 0 0 760 2 1 1 5
3 22 1 0 0 0 760 3 14 14 1
3 23 1 0 0 0 760 3 5 5 14
3 24 1 0 0 0 760 2 7 7 5
3 25 0 0 1 0 760 1 5 5 7
