1 1 1 0 0 0 760 2 14 14 0
1 2 1 0 0 0 760 2 2 2 14
1 3 0 0 1 0 760 1 14 14 2
1 4 1 0 0 0 760 3 4 4 14
1 5 1 0 0 0 760 2 12 12 4
1 6 1 0 0 0 760 3 1 1 12
1 7 1 0 0 0 760 3 7 7 1
1 8 1 0 0 0 760 3 3 3 7
1 9 1 0 0 0 760 3 1 1 3
1 10 1 1 0 0 643 1 3 3 1
1 11 1 0 0 0 760 3 9 9 3
1 12 1 0 0 0 760 3 15 15 9
1 13 1 0 0 0 760 3 5 5 15
1 14 1 0 0 0 760 2 6 6 5
1 15 1 1 0 0 564 1 5 5 6
1 16 1 0 0 0 760 2 13 13 5
1 17 1 0 0 0 760 2 12 12 13
1 18 0 0 1 0 760 1 13 13 12
1 19 1 0 0 0 760 3 11 11 13
1 20 1 0 0 0 760 3 9 9 11
1 21 0 0 1 0 760 1 11 11 9
1 22 1 1 0 0 698 1 9 9 11
1 23 1 0 0 0 760 2 5 5 9
1 24 1 1 0 0 619 1 9 9 5
1 25 1 0 0 0 760 2 14 14 9
2 1 1 0 0 0 760 2 5 5 14
2 2 1 0 0 0 760 3 7 7 5
2 3 1 1 0 0 646 1 5 5 7
2 4 1 1 0 0 591 1 7 7 5
2 5 1 1 0 0 589 1 5 5 7
2 6 1 0 0 0 760 3 5 5 5
2 7 1 0 0 0 760 2 12 12 5
2 8 1 0 0 0 760 2 4 4 12
2 9 1 1 0 0 602 1 12 12 4
2 10 1 0 0 0 760 3 10 10 12
2 11 1 0 0 0 760 3 14 14 10
2 12 1 0 0 0 760 3 2 2 14
2 13 0 0 1 0 760 1 14 14 2
2 14 0 0 1 0 760 1 2 2 14
2 15 0 0 1 0 760 1 14 14 2
2 16 1 0 0 0 760 2 8 8 14
2 17 0 0 1 0 760 1 14 14 8
2 18 1 0 0 0 760 2 15 15 14
2 19 1 0 0 0 760 2 9 9 15
2 20 1 0 0 0 760 2 10 10 9
2 21 1 0 0 0 760 3 12 12 10
2 22 0 0 1 0 760 1 10 10 12
2 23 1 0 0 0 760 2 7 7 10
2 24 1 1 0 0 517 1 10 10 7
2 25 1 0 0 0 760 2 9 9 10
3 1 1 0 0 0 760 2 4 4 9
3 2 1 0 0 0 760 3 4 4 4
3 3 1 0 0 0 760 2 9 9 4
3 4 1 1 0 0 568 1 4 4 9
3 5 1 0 0 0 760 3 7 7 4
3 6 1 0 0 0 760 3 1 1 7
3 7 1 0 0 0 760 2 12 12 1
3 8 1 0 0 0 760 3 4 4 12
3 9 1 0 0 0 760 3 8 8 4
3 10 1 1 0 0 638 1 4 4 8
3 11 1 1 0 0 531 1 8 8 4
3 12 1 0 0 0 760 2 1 1 8
3 13 1 0 0 0 760 3 1 1 1
3 14 1 0 0 0 760 3 6 6 1
3 15 0 0 1 0 760 1 1 1 6
3 16 1 0 0 0 760 2 8 8 1
3 17 1 0 0 0 760 2 12 12 8
3 18 1 0 0 0 760 3 15 15 12
3 19 0 0 1 0 760 1 12 12 15
3 20 1 1 0 0 642 1 15 15 12
3 21 1 0 0 0 760 3 15 15 15
3 22 1 0 0 0 760 2 9 9 15
3 23 1 1 0 0 582 1 15 15 9
3 24 1 0 0 0 760 3 11 11 15
3 25 1 1 0 0 640 1 15 15 11
