1 1 1 0 0 0 760 1 4 4 0
1 2 1 0 0 0 760 3 9 9 4
1 3 1 0 0 0 760 3 9 9 9
1 4 1 0 0 0 760 2 3 3 9
1 5 0 0 1 0 760 1 9 9 3
1 6 0 0 1 0 760 1 3 3 9
1 7 1 0 0 0 760 3 12 12 3
1 8 1 0 0 0 760 2 12 12 12
1 9 1 0 0 0 760 2 14 14 12
1 10 0 0 1 0 760 1 12 12 14
1 11 0 0 1 0 760 1 14 14 12
1 12 1 0 0 0 760 3 6 6 14
1 13 1 0 0 0 760 2 3 3 6
1 14 0 0 1 0 760 1 6 6 3
1 15 1 0 0 0 760 2 4 4 6
1 16 1 0 0 0 760 2 5 5 4
1 17 1 0 0 0 760 3 6 6 5
1 18 1 0 0 0 760 3 14 14 6
1 19 1 0 0 0 760 3 3 3 14
1 20 1 0 0 0 760 2 6 6 3
1 21 0 0 1 0 760 1 3 3 6
1 22 0 0 1 0 760 1 6 6 3
1 23 1 1 0 0 701 1 3 3 6
1 24 0 0 0 1 727 3 8 8 3
1 25 1 0 0 0 760 2 2 2 8
2 1 1 0 0 0 760 3 9 9 2
2 2 1 0 0 0 760 3 12 12 9
2 3 1 0 0 0 760 2 2 2 12
2 4 1 0 0 0 760 2 5 5 2
2 5 1 0 0 0 760 2 7 7 5
2 6 1 0 0 0 760 3 12 12 7
2 7 1 0 0 0 760 2 10 10 12
2 8 1 0 0 0 760 3 9 9 10
2 9 1 0 0 0 760 3 13 13 9
2 10 1 0 0 0 760 3 14 14 13
2 11 1 0 0 0 760 3 15 15 14
2 12 1 0 0 0 760 3 13 13 15
2 13 0 0 1 0 760 1 15 15 13
2 14 1 1 0 0 576 1 13 13 15
2 15 0 0 1 0 760 1 15 15 13
2 16 0 0 1 0 760 1 13 13 15
2 17 1 0 0 0 760 3 8 8 13
2 18 1 0 0 0 760 2 1 1 8
2 19 1 1 0 0 531 1 8 8 1
2 20 1 0 0 0 760 3 9 9 8
2 21 1 1 0 0 583 1 8 8 9
2 22 1 0 0 0 760 3 12 12 8
2 23 1 0 0 0 760 3 5 5 12
2 24 1 0 0 0 760 2 1 1 5
2 25 1 0 0 0 760 2 9 9 1
3 1 1 0 0 0 760 3 14 14 9
3 2 1 0 0 0 760 2 7 7 14
3 3 1 0 0 0 760 3 15 15 7
3 4 1 0 0 0 760 3 13 13 15
3 5 1 0 0 0 760 3 4 4 13
3 6 1 0 0 0 760 3 4 4 4
3 7 1 0 0 0 760 2 12 12 4
3 8 0 0 1 0 760 1 4 4 12
3 9 1 0 0 0 760 2 3 3 4
3 10 1 0 0 0 760 3 15 15 3
3 11 1 0 0 0 760 3 10 10 15
3 12 0 0 1 0 760 1 15 15 10
3 13 1 1 0 0 668 1 10 10 15
3 14 1 0 0 0 760 3 10 10 10
3 15 1 1 0 0 600 1 10 10 10
3 16 1 1 0 0 567 1 10 10 10
3 17 1 1 0 0 501 1 10 10 10
3 18 1 0 0 0 760 2 9 9 10
3 19 1 0 0 0 760 3 7 7 9
3 20 0 0 0 1 664 3 7 7 7
3 21 1 0 0 0 760 3 12 12 7
3 22 1 1 0 0 539 1 7 7 12
3 23 0 0 1 0 760 1 12 12 7
3 24 1 0 0 0 760 3 9 9 12
3 25 1 0 0 0 760 2 4 4 9
