1 1 1 0 0 0 760 2 2 2 0
1 2 1 0 0 0 760 1 3 3 2
1 3 1 0 0 0 760 3 13 13 3
1 4 1 1 0 0 681 1 3 3 13
1 5 1 0 0 0 760 2 12 12 3
1 6 1 0 0 0 760 2 2 2 12
1 7 1 0 0 0 760 3 7 7 2
1 8 1 0 0 0 760 2 13 13 7
1 9 1 0 0 0 760 3 14 14 13
1 10 1 0 0 0 760 2 11 11 14
1 11 1 1 0 0 587 1 14 14 11
1 12 1 1 0 0 611 1 11 11 14
1 13 1 1 0 0 627 1 14 14 11
1 14 1 0 0 0 760 3 8 8 14
1 15 1 0 0 0 760 2 7 7 8
1 16 1 0 0 0 760 2 6 6 7
1 17 1 1 0 0 641 1 7 7 6
1 18 1 0 0 0 760 2 10 10 7
1 19 1 1 0 0 625 1 7 7 10
1 20 1 0 0 0 760 3 9 9 7
1 21 1 0 0 0 760 2 5 5 9
1 22 0 0 0 1 590 2 5 5 5
1 23 1 1 0 0 614 1 5 5 5
1 24 1 1 0 0 582 1 5 5 5
1 25 1 0 0 0 760 2 11 11 5
2 1 1 0 0 0 760 3 8 8 11
2 2 1 0 0 0 760 3 12 12 8
2 3 1 0 0 0 760 2 11 11 12
2 4 1 0 0 0 760 3 4 4 11
2 5 1 0 0 0 760 2 12 12 4
2 6 1 0 0 0 760 3 9 9 12
2 7 0 0 1 0 760 1 12 12 9
2 8 1 0 0 0 760 3 5 5 12
2 9 1 0 0 0 760 2 11 11 5
2 10 1 0 0 0 760 2 14 14 11
2 11 0 0 1 0 760 1 11 11 14
2 12 1 0 0 0 760 3 7 7 11
2 13 1 0 0 0 760 2 15 15 7
2 14 1 0 0 0 760 3 4 4 15
2 15 0 0 1 0 760 1 15 15 4
2 16 0 0 1 0 760 1 4 4 15
2 17 1 0 0 0 760 2 14 14 4
2 18 1 0 0 0 760 3 5 5 14
2 19 1 0 0 0 760 3 6 6 5
2 20 0 0 1 0 760 1 5 5 6
2 21 0 0 1 0 760 1 6 6 5
2 22 1 0 0 0 760 3 7 7 6
2 23 1 0 0 0 760 3 13 13 7
2 24 1 0 0 0 760 3 11 11 13
2 25 1 0 0 0 760 3 5 5 11
3 1 1 0 0 0 760 3 9 9 5
3 2 1 0 0 0 760 2 8 8 9
3 3 1 0 0 0 760 2 1 1 8
3 4 1 0 0 0 760 3 15 15 1
3 5 0 0 1 0 760 1 1 1 15
3 6 1 0 0 0 760 3 7 7 1
3 7 1 1 0 0 601 1 1 1 7
3 8 1 1 0 0 727 1 7 7 1
3 9 1 0 0 0 760 2 9 9 7
3 10 1 0 0 0 760 2 10 10 9
3 11 1 0 0 0 760 3 3 3 10
3 12 1 1 0 0 668 1 10 10 3
3 13 1 0 0 0 760 3 10 10 10
3 14 1 0 0 0 760 3 9 9 10
3 15 1 1 0 0 518 1 10 10 9
3 16 1 0 0 0 760 2 6 6 10
3 17 1 1 0 0 544 1 10 10 6
3 18 0 0 1 0 760 1 6 6 10
3 19 1 0 0 0 760 2 7 7 6
3 20 1 1 0 0 523 1 6 6 7
3 21 1 1 0 0 724 1 7 7 6
3 22 1 0 0 0 760 3 9 9 7
3 23 1 0 0 0 760 2 11 11 9
3 24 1 0 0 0 760 2 1 1 11
3 25 1 0 0 0 760 2 8 8 1
