1 1 1 0 0 0 760 3 8 8 0
1 2 1 0 0 0 760 2 13 13 8
1 3 1 0 0 0 760 3 5 5 13
1 4 1 1 0 0 537 1 13 13 5
1 5 1 0 0 0 760 2 7 7 13
1 6 1 0 0 0 760 2 12 12 7
1 7 1 1 0 0 546 1 7 7 12
1 8 1 0 0 0 760 2 6 6 7
1 9 1 0 0 0 760 3 2 2 6
1 10 1 1 0 0 669 1 6 6 2
1 11 1 0 0 0 760 3 1 1 6
1 12 1 0 0 0 760 3 13 13 1
1 13 1 0 0 0 760 3 4 4 13
1 14 1 1 0 0 520 1 13 13 4
1 15 1 0 0 0 760 2 15 15 13
1 16 1 1 0 0 566 1 13 13 15
1 17 1 0 0 0 760 2 9 9 13
1 18 1 0 0 0 760 2 7 7 9
1 19 1 0 0 0 760 2 12 12 7
1 20 1 0 0 0 760 3 13 13 12
1 21 1 0 0 0 760 3 13 13 13
1 22 1 0 0 0 760 2 10 10 13
1 23 0 0 1 0 760 1 13 13 10
1 24 1 0 0 0 760 2 14 14 13
1 25 1 0 0 0 760 2 12 12 14
2 1 1 0 0 0 760 2 2 2 12
2 2 1 0 0 0 760 3 3 3 2
2 3 0 0 1 0 760 1 2 2 3
2 4 1 0 0 0 760 2 1 1 2
2 5 1 0 0 0 760 2 13 13 1
2 6 1 0 0 0 760 2 6 6 13
2 7 1 1 0 0 736 1 13 13 6
2 8 1 0 0 0 760 3 9 9 13
2 9 1 1 0 0 629 1 13 13 9
2 10 1 1 0 0 603 1 9 9 13
2 11 1 1 0 0 686 1 13 13 9
2 12 1 0 0 0 760 3 5 5 13
2 13 1 0 0 0 760 2 12 12 5
2 14 1 0 0 0 760 3 6 6 12
2 15 1 0 0 0 760 2 4 4 6
2 16 0 0 1 0 760 1 6 6 4
2 17 1 0 0 0 760 3 14 14 6
2 18 1 0 0 0 760 3 10 10 14
2 19 1 0 0 0 760 3 1 1 10
2 20 1 1 0 0 559 1 10 10 1
2 21 1 0 0 0 760 2 4 4 10
2 22 1 1 0 0 732 1 10 10 4
2 23 1 0 0 0 760 2 8 8 10
2 24 1 0 0 0 760 2 6 6 8
2 25 1 1 0 0 606 1 8 8 6
3 1 1 0 0 0 760 1 14 14 8
3 2 1 0 0 0 760 3 1 1 14
3 3 1 1 0 0 681 1 14 14 1
3 4 1 0 0 0 760 2 15 15 14
3 5 1 0 0 0 760 3 8 8 15
3 6 1 1 0 0 640 1 15 15 8
3 7 1 1 0 0 657 1 8 8 15
3 8 1 0 0 0 760 2 10 10 8
3 9 1 0 0 0 760 2 15 15 10
3 10 1 1 0 0 672 1 10 10 15
3 11 1 0 0 0 760 2 12 12 10
3 12 1 1 0 0 529 1 10 10 12
3 13 1 0 0 0 760 2 9 9 10
3 14 0 0 1 0 760 1 10 10 9
3 15 1 1 0 0 570 1 9 9 10
3 16 1 0 0 0 760 3 6 6 9
3 17 1 0 0 0 760 2 2 2 6
3 18 1 1 0 0 679 1 6 6 2
3 19 1 0 0 0 760 2 8 8 6
3 20 1 0 0 0 760 3 1 1 8
3 21 1 1 0 0 510 1 8 8 1
3 22 1 1 0 0 634 1 1 1 8
3 23 1 0 0 0 760 2 3 3 1
3 24 0 0 1 0 760 1 1 1 3
3 25 0 0 0 1 717 2 1 1 1
