1 1 1 0 0 0 760 1 3 3 0
1 2 1 0 0 0 760 3 3 3 3
1 3 1 1 0 0 578 1 3 3 3
1 4 1 0 0 0 760 2 2 2 3
1 5 1 0 0 0 760 3 13 13 2
1 6 1 0 0 0 760 3 5 5 13
1 7 1 0 0 0 760 2 4 4 5
1 8 0 0 1 0 760 1 5 5 4
1 9 1 0 0 0 760 2 3 3 5
1 10 0 0 1 0 760 1 5 5 3
1 11 1 0 0 0 760 3 1 1 5
1 12 1 0 0 0 760 2 10 10 1
1 13 0 0 1 0 760 1 1 1 10
1 14 1 0 0 0 760 3 12 12 1
1 15 0 0 1 0 760 1 1 1 12
1 16 1 0 0 0 760 2 2 2 1
1 17 1 0 0 0 760 2 6 6 2
1 18 1 0 0 0 760 3 6 6 6
1 19 1 0 0 0 760 2 1 1 6
1 20 1 0 0 0 760 2 8 8 1
1 21 1 0 0 0 760 3 6 6 8
1 22 0 0 1 0 760 1 8 8 6
1 23 1 0 0 0 760 2 2 2 8
1 24 1 1 0 0 719 1 8 8 2
1 25 1 1 0 0 723 1 2 2 8
2 1 1 0 0 0 760 3 3 3 2
2 2 1 0 0 0 760 1 1 1 3
2 3 1 1 0 0 487 1 3 3 1
2 4 1 0 0 0 760 2 9 9 3
2 5 1 0 0 0 760 3 5 5 9
2 6 1 0 0 0 760 2 3 3 5
2 7 1 0 0 0 760 2 14 14 3
2 8 1 0 0 0 760 2 12 12 14
2 9 1 1 0 0 560 1 14 14 12
2 10 1 0 0 0 760 3 5 5 14
2 11 1 0 0 0 760 2 11 11 5
2 12 1 0 0 0 760 3 15 15 11
2 13 1 0 0 0 760 2 3 3 15
2 14 1 0 0 0 760 3 10 10 3
2 15 1 0 0 0 760 3 9 9 10
2 16 1 0 0 0 760 2 12 12 9
2 17 1 1 0 0 657 1 9 9 12
2 18 1 0 0 0 760 3 4 4 9
2 19 1 0 0 0 760 2 12 12 4
2 20 1 0 0 0 760 3 15 15 12
2 21 1 0 0 0 760 3 4 4 15
2 22 1 0 0 0 760 3 10 10 4
2 23 0 0 1 0 760 1 4 4 10
2 24 1 0 0 0 760 3 4 4 4
2 25 1 0 0 0 760 2 2 2 4
3 1 1 0 0 0 760 2 5 5 2
3 2 1 0 0 0 760 2 14 14 5
3 3 1 0 0 0 760 2 7 7 14
3 4 0 0 0 1 669 3 7 7 7
3 5 1 0 0 0 760 3 5 5 7
3 6 1 0 0 0 760 2 10 10 5
3 7 1 0 0 0 760 2 3 3 10
3 8 1 0 0 0 760 3 12 12 3
3 9 1 1 0 0 575 1 3 3 12
3 10 1 1 0 0 665 1 12 12 3
3 11 1 0 0 0 760 3 5 5 12
3 12 1 1 0 0 539 1 12 12 5
3 13 1 1 0 0 607 1 5 5 12
3 14 1 0 0 0 760 2 2 2 5
3 15 1 1 0 0 441 1 5 5 2
3 16 1 0 0 0 760 2 1 1 5
3 17 1 0 0 0 760 2 11 11 1
3 18 1 0 0 0 760 3 12 12 11
3 19 1 0 0 0 760 2 14 14 12
3 20 1 0 0 0 760 3 15 15 14
3 21 1 1 0 0 580 1 14 14 15
3 22 1 0 0 0 760 3 13 13 14
3 23 1 0 0 0 760 2 3 3 13
3 24 1 1 0 0 537 1 13 13 3
3 25 1 0 0 0 760 3 6 6 13
