1 1 1 0 0 0 760 2 3 3 0
1 2 1 0 0 0 760 1 4 4 3
1 3 0 0 1 0 757 1 3 3 4
1 4 0 0 0 1 562 2 7 7 3
1 5 1 0 0 0 760 2 5 5 7
1 6 1 0 0 0 760 3 14 14 5
1 7 1 0 0 0 760 3 9 9 14
1 8 1 1 0 0 741 1 14 14 9
1 9 1 0 0 0 760 2 5 5 14
1 10 1 0 0 0 760 2 10 10 5
1 11 1 0 0 0 760 2 1 1 10
1 12 1 0 0 0 760 3 14 14 1
1 13 0 0 1 0 760 1 1 1 14
1 14 0 0 1 0 760 1 14 14 1
1 15 1 1 0 0 601 1 1 1 14
1 16 1 1 0 0 718 1 14 14 1
1 17 0 0 1 0 760 1 1 1 14
1 18 0 0 1 0 760 1 14 14 1
1 19 1 0 0 0 760 3 5 5 14
1 20 1 0 0 0 760 3 10 10 5
1 21 1 0 0 0 760 3 6 6 10
1 22 0 0 1 0 760 1 10 10 6
1 23 1 0 0 0 760 3 4 4 10
1 24 1 0 0 0 760 2 9 9 4
1 25 1 0 0 0 760 2 10 10 9
2 1 1 0 0 0 760 1 14 14 10
2 2 1 0 0 0 760 1 15 15 14
2 3 1 0 0 0 760 3 5 5 15
2 4 1 0 0 0 760 2 2 2 5
2 5 1 1 0 0 542 1 5 5 2
2 6 1 1 0 0 486 1 2 2 5
2 7 1 0 0 0 760 2 14 14 2
2 8 1 1 0 0 664 1 2 2 14
2 9 0 0 1 0 760 1 14 14 2
2 10 0 0 1 0 760 1 2 2 14
2 11 1 1 0 0 656 1 14 14 2
2 12 1 0 0 0 760 3 3 3 14
2 13 1 0 0 0 760 2 1 1 3
2 14 1 1 0 0 539 1 3 3 1
2 15 0 0 1 0 760 1 1 1 3
2 16 1 1 0 0 704 1 3 3 1
2 17 1 0 0 0 760 2 8 8 3
2 18 1 0 0 0 760 3 7 7 8
2 19 1 0 0 0 760 3 3 3 7
2 20 1 1 0 0 537 1 7 7 3
2 21 0 0 1 0 760 1 3 3 7
2 22 1 1 0 0 636 1 7 7 3
2 23 1 0 0 0 760 2 8 8 7
2 24 1 0 0 0 760 3 14 14 8
2 25 1 0 0 0 760 2 1 1 14
3 1 1 0 0 0 760 2 6 6 1
3 2 1 0 0 0 760 2 10 10 6
3 3 1 0 0 0 760 2 12 12 10
3 4 1 0 0 0 760 3 14 14 12
3 5 1 0 0 0 760 3 9 9 14
3 6 1 0 0 0 760 3 10 10 9
3 7 1 0 0 0 760 2 5 5 10
3 8 1 0 0 0 760 3 6 6 5
3 9 1 0 0 0 760 2 15 15 6
3 10 1 0 0 0 760 3 5 5 15
3 11 1 0 0 0 760 3 14 14 5
3 12 0 0 0 1 532 3 14 14 14
3 13 1 0 0 0 760 2 5 5 14
3 14 1 0 0 0 760 2 4 4 5
3 15 1 0 0 0 760 2 3 3 4
3 16 1 1 0 0 439 1 4 4 3
3 17 0 0 1 0 760 1 3 3 4
3 18 1 0 0 0 760 3 2 2 3
3 19 1 0 0 0 760 2 7 7 2
3 20 1 0 0 0 760 2 11 11 7
3 21 1 0 0 0 760 3 12 12 11
3 22 1 0 0 0 760 3 7 7 12
3 23 1 1 0 0 630 1 12 12 7
3 24 1 0 0 0 760 2 3 3 12
3 25 1 0 0 0 760 2 2 2 3
