1 1 1 0 0 0 760 2 8 8 0
1 2 1 0 0 0 760 1 3 3 8
1 3 1 1 0 0 664 1 8 8 3
1 4 1 0 0 0 760 2 9 9 8
1 5 1 0 0 0 760 2 10 10 9
1 6 1 0 0 0 760 2 15 15 10
1 7 1 1 0 0 659 1 10 10 15
1 8 0 0 1 0 760 1 15 15 10
1 9 1 0 0 0 760 2 4 4 15
1 10 0 0 0 1 532 2 4 4 4
1 11 1 0 0 0 760 3 14 14 4
1 12 1 1 0 0 602 1 4 4 14
1 13 1 0 0 0 760 3 6 6 4
1 14 1 0 0 0 760 3 2 2 6
1 15 1 1 0 0 660 1 6 6 2
1 16 1 0 0 0 760 3 3 3 6
1 17 1 0 0 0 760 3 14 14 3
1 18 1 1 0 0 624 1 3 3 14
1 19 0 0 0 1 550 3 3 3 3
1 20 1 0 0 0 760 2 4 4 3
1 21 1 0 0 0 760 2 4 4 4
1 22 1 0 0 0 760 2 1 1 4
1 23 1 0 0 0 760 3 12 12 1
1 24 1 0 0 0 760 3 6 6 12
1 25 1 0 0 0 760 3 4 4 6
2 1 1 0 0 0 760 3 8 8 4
2 2 1 0 0 0 760 1 15 15 8
2 3 1 1 0 0 486 1 8 8 15
2 4 1 1 0 0 658 1 15 15 8
2 5 1 0 0 0 760 3 3 3 15
2 6 1 1 0 0 524 1 15 15 3
2 7 1 1 0 0 633 1 3 3 15
2 8 1 0 0 0 760 3 3 3 3
2 9 1 1 0 0 679 1 3 3 3
2 10 1 0 0 0 760 3 2 2 3
2 11 1 0 0 0 760 3 12 12 2
2 12 1 0 0 0 760 2 6 6 12
2 13 1 0 0 0 760 2 4 4 6
2 14 1 0 0 0 760 2 9 9 4
2 15 1 0 0 0 760 2 6 6 9
2 16 1 0 0 0 760 2 13 13 6
2 17 1 1 0 0 476 1 6 6 13
2 18 1 0 0 0 760 3 2 2 6
2 19 1 1 0 0 468 1 6 6 2
2 20 1 0 0 0 760 2 15 15 6
2 21 1 0 0 0 760 2 11 11 15
2 22 1 1 0 0 536 1 15 15 11
2 23 1 0 0 0 760 2 4 4 15
2 24 1 0 0 0 760 2 10 10 4
2 25 1 1 0 0 585 1 4 4 10
3 1 1 0 0 0 760 2 12 12 4
3 2 1 0 0 0 760 2 14 14 12
3 3 1 0 0 0 760 2 9 9 14
3 4 0 0 1 0 760 1 14 14 9
3 5 1 1 0 0 626 1 9 9 14
3 6 1 0 0 0 760 2 12 12 9
3 7 1 0 0 0 760 2 2 2 12
3 8 1 0 0 0 760 2 5 5 2
3 9 1 1 0 0 549 1 2 2 5
3 10 1 0 0 0 760 3 12 12 2
3 11 1 0 0 0 760 3 1 1 12
3 12 1 0 0 0 760 3 6 6 1
3 13 1 0 0 0 760 3 13 13 6
3 14 1 1 0 0 656 1 6 6 13
3 15 0 0 1 0 760 1 13 13 6
3 16 1 0 0 0 760 3 11 11 13
3 17 1 0 0 0 760 2 1 1 11
3 18 1 0 0 0 760 2 5 5 1
3 19 1 0 0 0 760 2 2 2 5
3 20 1 0 0 0 760 3 6 6 2
3 21 1 0 0 0 760 2 11 11 6
3 22 1 1 0 0 699 1 6 6 11
3 23 1 0 0 0 760 2 3 3 6
3 24 1 0 0 0 760 3 9 9 3
3 25 1 0 0 0 760 2 13 13 9
