1 1 1 0 0 0 760 3 12 12 0
1 2 1 0 0 0 760 3 9 9 12
1 3 1 0 0 0 760 3 14 14 9
1 4 1 0 0 0 760 3 11 11 14
1 5 1 1 0 0 731 1 14 14 11
1 6 1 1 0 0 493 1 11 11 14
1 7 1 0 0 0 760 3 13 13 11
1 8 1 0 0 0 760 3 9 9 13
1 9 1 0 0 0 760 2 9 9 9
1 10 1 0 0 0 760 3 5 5 9
1 11 1 0 0 0 760 3 1 1 5
1 12 0 0 1 0 760 1 5 5 1
1 13 0 0 1 0 760 1 1 1 5
1 14 1 0 0 0 760 2 3 3 1
1 15 1 1 0 0 637 1 1 1 3
1 16 1 0 0 0 760 2 2 2 1
1 17 1 0 0 0 760 3 11 11 2
1 18 1 0 0 0 760 2 7 7 11
1 19 1 0 0 0 760 2 13 13 7
1 20 1 0 0 0 760 2 8 8 13
1 21 1 0 0 0 760 2 6 6 8
1 22 1 1 0 0 727 1 8 8 6
1 23 1 0 0 0 760 2 7 7 8
1 24 1 0 0 0 760 2 12 12 7
1 25 1 1 0 0 671 1 7 7 12
2 1 1 0 0 0 760 2 11 11 7
2 2 1 0 0 0 760 3 14 14 11
2 3 1 0 0 0 760 3 3 3 14
2 4 1 0 0 0 760 3 15 15 3
2 5 0 0 1 0 760 1 3 3 15
2 6 1 0 0 0 760 3 5 5 3
2 7 1 0 0 0 760 2 14 14 5
2 8 0 0 0 1 675 2 14 14 14
2 9 0 0 1 0 760 1 14 14 14
2 10 0 0 1 0 760 1 14 14 14
2 11 1 1 0 0 723 1 14 14 14
2 12 1 0 0 0 760 2 15 15 14
2 13 1 1 0 0 658 1 14 14 15
2 14 1 0 0 0 760 3 3 3 14
2 15 0 0 1 0 760 1 14 14 3
2 16 0 0 0 1 633 3 15 15 14
2 17 1 0 0 0 760 2 13 13 15
2 18 1 0 0 0 760 2 5 5 13
2 19 0 0 1 0 760 1 13 13 5
2 20 1 1 0 0 681 1 5 5 13
2 21 1 0 0 0 760 2 4 4 5
2 22 1 0 0 0 760 2 9 9 4
2 23 0 0 1 0 760 1 4 4 9
2 24 0 0 1 0 760 1 9 9 4
2 25 1 0 0 0 760 2 8 8 9
3 1 1 0 0 0 760 1 12 12 8
3 2 1 0 0 0 760 3 13 13 12
3 3 1 0 0 0 760 3 10 10 13
3 4 1 1 0 0 703 1 13 13 10
3 5 1 0 0 0 760 3 3 3 13
3 6 1 0 0 0 760 3 2 2 3
3 7 1 1 0 0 642 1 3 3 2
3 8 1 0 0 0 760 3 1 1 3
3 9 1 0 0 0 760 3 9 9 1
3 10 1 1 0 0 707 1 1 1 9
3 11 0 0 0 1 742 2 1 1 1
3 12 1 1 0 0 709 1 1 1 1
3 13 1 1 0 0 688 1 1 1 1
3 14 1 0 0 0 760 3 11 11 1
3 15 1 0 0 0 760 2 12 12 11
3 16 1 0 0 0 760 3 9 9 12
3 17 0 0 0 1 706 3 11 11 9
3 18 1 1 0 0 694 1 9 9 11
3 19 0 0 1 0 760 1 11 11 9
3 20 1 0 0 0 760 3 10 10 11
3 21 1 0 0 0 760 2 1 1 10
3 22 0 0 0 1 685 3 1 1 1
3 23 1 0 0 0 760 3 4 4 1
3 24 1 0 0 0 760 3 8 8 4
3 25 0 0 0 1 644 2 7 7 8
