1 1 1 0 0 0 760 3 11 11 0
1 2 1 0 0 0 760 1 3 3 11
1 3 1 0 0 0 760 3 9 9 3
1 4 1 0 0 0 760 3 6 6 9
1 5 1 0 0 0 760 3 15 15 6
1 6 1 0 0 0 760 2 8 8 15
1 7 1 0 0 0 760 3 10 10 8
1 8 1 0 0 0 760 2 3 3 10
1 9 1 0 0 0 760 3 6 6 3
1 10 1 0 0 0 760 3 2 2 6
1 11 1 0 0 0 760 3 14 14 2
1 12 1 0 0 0 760 2 8 8 14
1 13 1 0 0 0 760 3 15 15 8
1 14 1 0 0 0 760 3 11 11 15
1 15 1 0 0 0 760 2 5 5 11
1 16 0 0 1 0 760 1 11 11 5
1 17 1 0 0 0 760 2 6 6 11
1 18 1 0 0 0 760 2 14 14 6
1 19 1 1 0 0 586 1 6 6 14
1 20 1 0 0 0 760 2 13 13 6
1 21 1 0 0 0 760 3 8 8 13
1 22 1 0 0 0 760 2 1 1 8
1 23 1 0 0 0 760 3 11 11 1
1 24 1 0 0 0 760 2 4 4 11
1 25 1 0 0 0 760 3 12 12 4
2 1 1 0 0 0 760 2 2 2 12
2 2 1 0 0 0 760 3 10 10 2
2 3 1 0 0 0 760 2 7 7 10
2 4 1 0 0 0 760 2 4 4 7
2 5 1 0 0 0 760 3 14 14 4
2 6 0 0 1 0 760 1 4 4 14
2 7 0 0 1 0 760 1 14 14 4
2 8 1 0 0 0 760 2 3 3 14
2 9 1 0 0 0 760 3 1 1 3
2 10 0 0 1 0 760 1 3 3 1
2 11 1 0 0 0 760 3 2 2 3
2 12 1 0 0 0 760 3 1 1 2
2 13 1 0 0 0 760 3 1 1 1
2 14 1 0 0 0 760 3 3 3 1
2 15 0 0 1 0 760 1 1 1 3
2 16 1 0 0 0 760 3 5 5 1
2 17 1 1 0 0 494 1 1 1 5
2 18 1 0 0 0 760 3 6 6 1
2 19 0 0 1 0 760 1 1 1 6
2 20 0 0 1 0 760 1 6 6 1
2 21 0 0 1 0 760 1 1 1 6
2 22 1 0 0 0 760 3 7 7 1
2 23 1 0 0 0 760 2 11 11 7
2 24 1 0 0 0 760 2 13 13 11
2 25 1 0 0 0 760 2 13 13 13
3 1 1 0 0 0 760 2 15 15 13
3 2 1 0 0 0 760 1 9 9 15
3 3 0 0 1 0 760 1 15 15 9
3 4 1 1 0 0 666 1 9 9 15
3 5 1 0 0 0 760 3 1 1 9
3 6 1 0 0 0 760 3 15 15 1
3 7 1 0 0 0 760 3 11 11 15
3 8 1 0 0 0 760 2 11 11 11
3 9 1 0 0 0 760 2 14 14 11
3 10 1 0 0 0 760 3 14 14 14
3 11 1 0 0 0 760 2 13 13 14
3 12 1 0 0 0 760 3 15 15 13
3 13 0 0 1 0 760 1 13 13 15
3 14 1 0 0 0 760 2 14 14 13
3 15 0 0 1 0 760 1 13 13 14
3 16 0 0 1 0 760 1 14 14 13
3 17 1 1 0 0 585 1 13 13 14
3 18 0 0 1 0 760 1 14 14 13
3 19 1 0 0 0 760 3 10 10 14
3 20 1 1 0 0 748 1 14 14 10
3 21 1 0 0 0 760 2 6 6 14
3 22 1 0 0 0 760 2 1 1 6
3 23 1 0 0 0 760 2 4 4 1
3 24 0 0 1 0 760 1 1 1 4
3 25 1 1 0 0 713 1 4 4 1
