1 1 1 0 0 0 760 2 3 3 0
1 2 0 0 0 1 719 2 15 15 3
1 3 1 1 0 0 606 1 3 3 15
1 4 1 0 0 0 760 3 13 13 3
1 5 1 1 0 0 706 1 3 3 13
1 6 1 0 0 0 760 2 11 11 3
1 7 1 1 0 0 732 1 3 3 11
1 8 1 1 0 0 681 1 11 11 3
1 9 1 0 0 0 760 2 9 9 11
1 10 1 0 0 0 760 2 13 13 9
1 11 0 0 1 0 760 1 9 9 13
1 12 0 0 1 0 760 1 13 13 9
1 13 1 0 0 0 760 2 5 5 13
1 14 1 0 0 0 760 2 8 8 5
1 15 1 0 0 0 760 3 7 7 8
1 16 0 0 1 0 760 1 8 8 7
1 17 1 0 0 0 760 2 5 5 8
1 18 1 1 0 0 711 1 8 8 5
1 19 1 0 0 0 760 2 14 14 8
1 20 1 0 0 0 760 2 1 1 14
1 21 0 0 1 0 760 1 14 14 1
1 22 1 0 0 0 760 3 7 7 14
1 23 1 0 0 0 760 2 13 13 7
1 24 1 0 0 0 760 3 4 4 13
1 25 1 0 0 0 760 2 15 15 4
2 1 1 0 0 0 760 3 12 12 15
2 2 1 0 0 0 760 1 6 6 12
2 3 0 0 1 0 760 1 12 12 6
2 4 1 0 0 0 760 2 1 1 12
2 5 1 0 0 0 760 3 6 6 1
2 6 1 0 0 0 760 3 13 13 6
2 7 1 0 0 0 760 2 11 11 13
2 8 1 0 0 0 760 3 3 3 11
2 9 1 0 0 0 760 2 7 7 3
2 10 0 0 0 1 658 2 7 7 7
2 11 0 0 1 0 760 1 7 7 7
2 12 1 0 0 0 760 3 5 5 7
2 13 1 0 0 0 760 3 15 15 5
2 14 0 0 0 1 656 2 15 15 15
2 15 1 1 0 0 756 1 15 15 15
2 16 1 1 0 0 646 1 15 15 15
2 17 1 0 0 0 760 2 1 1 15
2 18 1 1 0 0 488 1 15 15 1
2 19 1 0 0 0 760 2 14 14 15
2 20 1 0 0 0 760 2 7 7 14
2 21 1 0 0 0 760 3 8 8 7
2 22 1 0 0 0 760 3 1 1 8
2 23 1 0 0 0 760 3 3 3 1
2 24 1 0 0 0 760 2 10 10 3
2 25 1 0 0 0 760 3 15 15 10
3 1 1 0 0 0 760 2 4 4 15
3 2 1 0 0 0 760 3 13 13 4
3 3 1 0 0 0 760 2 6 6 13
3 4 1 0 0 0 760 3 14 14 6
3 5 1 1 0 0 722 1 6 6 14
3 6 1 0 0 0 760 3 11 11 6
3 7 1 1 0 0 555 1 6 6 11
3 8 1 1 0 0 571 1 11 11 6
3 9 1 0 0 0 760 2 1 1 11
3 10 1 0 0 0 760 2 13 13 1
3 11 1 1 0 0 666 1 1 1 13
3 12 1 0 0 0 760 2 11 11 1
3 13 1 1 0 0 517 1 1 1 11
3 14 1 0 0 0 760 2 13 13 1
3 15 1 1 0 0 758 1 1 1 13
3 16 1 1 0 0 610 1 13 13 1
3 17 1 1 0 0 626 1 1 1 13
3 18 1 1 0 0 573 1 13 13 1
3 19 1 1 0 0 558 1 1 1 13
3 20 1 1 0 0 756 1 13 13 1
3 21 1 0 0 0 760 2 3 3 13
3 22 1 1 0 0 613 1 13 13 3
3 23 1 0 0 0 760 2 14 14 13
3 24 1 1 0 0 672 1 13 13 14
3 25 1 1 0 0 671 1 14 14 13
