1 1 1 0 0 0 760 1 10 10 0
1 2 1 0 0 0 760 3 12 12 10
1 3 1 1 0 0 742 1 10 10 12
1 4 1 0 0 0 760 3 13 13 10
1 5 1 1 0 0 749 1 10 10 13
1 6 0 0 1 0 760 1 13 13 10
1 7 1 0 0 0 760 3 14 14 13
1 8 1 0 0 0 760 2 7 7 14
1 9 1 0 0 0 760 2 13 13 7
1 10 1 0 0 0 760 2 14 14 13
1 11 1 0 0 0 760 3 3 3 14
1 12 1 0 0 0 760 3 9 9 3
1 13 1 0 0 0 760 3 15 15 9
1 14 1 1 0 0 728 1 9 9 15
1 15 1 0 0 0 760 3 2 2 9
1 16 1 0 0 0 760 2 5 5 2
1 17 1 0 0 0 760 2 8 8 5
1 18 0 0 1 0 760 1 5 5 8
1 19 1 0 0 0 760 3 14 14 5
1 20 1 0 0 0 760 2 2 2 14
1 21 1 0 0 0 760 2 12 12 2
1 22 1 0 0 0 760 2 11 11 12
1 23 0 0 1 0 760 1 12 12 11
1 24 1 0 0 0 760 2 7 7 12
1 25 1 0 0 0 760 3 2 2 7
2 1 1 0 0 0 760 2 3 3 2
2 2 1 0 0 0 760 3 3 3 3
2 3 1 1 0 0 617 1 3 3 3
2 4 1 0 0 0 760 2 2 2 3
2 5 1 1 0 0 535 1 3 3 2
2 6 1 1 0 0 551 1 2 2 3
2 7 0 0 1 0 760 1 3 3 2
2 8 1 1 0 0 492 1 2 2 3
2 9 1 0 0 0 760 3 8 8 2
2 10 1 0 0 0 760 3 13 13 8
2 11 1 0 0 0 760 2 4 4 13
2 12 1 0 0 0 760 3 11 11 4
2 13 1 1 0 0 732 1 4 4 11
2 14 1 0 0 0 760 2 10 10 4
2 15 1 1 0 0 747 1 4 4 10
2 16 1 0 0 0 760 3 15 15 4
2 17 1 1 0 0 679 1 4 4 15
2 18 1 0 0 0 760 2 11 11 4
2 19 1 0 0 0 760 2 13 13 11
2 20 1 0 0 0 760 3 1 1 13
2 21 1 0 0 0 760 3 12 12 1
2 22 1 0 0 0 760 3 6 6 12
2 23 1 0 0 0 760 2 13 13 6
2 24 0 0 1 0 760 1 6 6 13
2 25 1 0 0 0 760 3 5 5 6
3 1 1 0 0 0 760 3 3 3 5
3 2 1 0 0 0 760 3 11 11 3
3 3 1 0 0 0 760 2 15 15 11
3 4 1 1 0 0 589 1 11 11 15
3 5 1 0 0 0 760 3 8 8 11
3 6 1 0 0 0 760 3 2 2 8
3 7 0 0 0 1 661 3 2 2 2
3 8 1 1 0 0 513 1 2 2 2
3 9 1 1 0 0 578 1 2 2 2
3 10 1 0 0 0 760 2 13 13 2
3 11 1 0 0 0 760 3 13 13 13
3 12 1 1 0 0 453 1 13 13 13
3 13 1 1 0 0 484 1 13 13 13
3 14 1 1 0 0 535 1 13 13 13
3 15 1 1 0 0 608 1 13 13 13
3 16 1 0 0 0 760 3 15 15 13
3 17 1 0 0 0 760 3 6 6 15
3 18 1 0 0 0 760 2 10 10 6
3 19 1 0 0 0 760 2 15 15 10
3 20 0 0 1 0 760 1 10 10 15
3 21 1 0 0 0 760 2 6 6 10
3 22 1 1 0 0 508 1 10 10 6
3 23 1 0 0 0 760 3 5 5 10
3 24 1 1 0 0 673 1 10 10 5
3 25 0 0 1 0 760 1 5 5 10
