1 1 1 0 0 0 760 2 9 9 0
1 2 1 0 0 0 760 1 4 4 9
1 3 1 0 0 0 760 3 4 4 4
1 4 1 0 0 0 760 2 11 11 4
1 5 1 0 0 0 760 2 1 1 11
1 6 1 0 0 0 760 2 9 9 1
1 7 1 0 0 0 760 3 11 11 9
1 8 1 0 0 0 760 3 3 3 11
1 9 1 0 0 0 760 3 8 8 3
1 10 0 0 1 0 760 1 3 3 8
1 11 1 0 0 0 760 3 3 3 3
1 12 1 0 0 0 760 3 5 5 3
1 13 1 0 0 0 760 2 4 4 5
1 14 1 0 0 0 760 3 14 14 4
1 15 1 1 0 0 632 1 4 4 14
1 16 1 0 0 0 760 3 1 1 4
1 17 1 0 0 0 760 3 15 15 1
1 18 0 0 1 0 760 1 1 1 15
1 19 1 1 0 0 651 1 15 15 1
1 20 1 1 0 0 623 1 1 1 15
1 21 1 0 0 0 760 3 10 10 1
1 22 1 0 0 0 760 3 3 3 10
1 23 1 0 0 0 760 2 12 12 3
1 24 1 0 0 0 760 2 10 10 12
1 25 1 0 0 0 760 2 8 8 10
2 1 1 0 0 0 760 1 12 12 8
2 2 1 0 0 0 760 3 11 11 12
2 3 1 0 0 0 760 3 5 5 11
2 4 0 0 1 0 760 1 11 11 5
2 5 0 0 1 0 760 1 5 5 11
2 6 0 0 1 0 760 1 11 11 5
2 7 0 0 1 0 760 1 5 5 11
2 8 1 0 0 0 760 2 4 4 5
2 9 0 0 1 0 760 1 5 5 4
2 10 0 0 1 0 760 1 4 4 5
2 11 1 0 0 0 760 3 13 13 4
2 12 1 1 0 0 659 1 4 4 13
2 13 1 0 0 0 760 2 10 10 4
2 14 1 0 0 0 760 2 5 5 10
2 15 1 0 0 0 760 3 7 7 5
2 16 1 0 0 0 760 2 8 8 7
2 17 1 1 0 0 484 1 7 7 8
2 18 1 0 0 0 760 3 2 2 7
2 19 1 0 0 0 760 3 6 6 2
2 20 1 1 0 0 707 1 2 2 6
2 21 1 0 0 0 760 3 8 8 2
2 22 1 1 0 0 725 1 2 2 8
2 23 1 0 0 0 760 2 15 15 2
2 24 1 0 0 0 760 2 4 4 15
2 25 1 0 0 0 760 3 11 11 4
3 1 1 0 0 0 760 3 3 3 11
3 2 1 0 0 0 760 2 13 13 3
3 3 1 0 0 0 760 3 6 6 13
3 4 1 0 0 0 760 3 10 10 6
3 5 1 1 0 0 600 1 6 6 10
3 6 1 0 0 0 760 2 8 8 6
3 7 1 1 0 0 466 1 6 6 8
3 8 1 1 0 0 469 1 8 8 6
3 9 1 0 0 0 760 2 4 4 8
3 10 1 0 0 0 760 3 7 7 4
3 11 1 0 0 0 760 2 12 12 7
3 12 1 0 0 0 760 2 8 8 12
3 13 1 0 0 0 760 2 13 13 8
3 14 1 0 0 0 760 2 5 5 13
3 15 1 0 0 0 760 3 11 11 5
3 16 1 1 0 0 466 1 5 5 11
3 17 1 0 0 0 760 2 12 12 5
3 18 0 0 1 0 760 1 5 5 12
3 19 1 1 0 0 419 1 12 12 5
3 20 1 0 0 0 760 2 15 15 12
3 21 1 0 0 0 760 2 3 3 15
3 22 1 0 0 0 760 2 12 12 3
3 23 1 1 0 0 459 1 3 3 12
3 24 1 0 0 0 760 3 8 8 3
3 25 1 0 0 0 760 3 1 1 8
