1 1 1 0 0 0 373 2 7 7 0
1 2 1 0 0 0 760 3 12 12 7
1 3 1 0 0 0 760 2 9 9 12
1 4 1 0 0 0 760 2 6 6 9
1 5 1 1 0 0 256 1 9 9 6
1 6 0 0 0 1 97 2 12 12 9
1 7 0 0 0 1 225 3 11 11 12
1 8 0 0 0 1 358 2 4 4 11
1 9 0 0 0 1 38 3 7 7 4
1 10 1 1 0 0 45 1 4 4 7
1 11 1 1 0 0 120 1 7 7 4
1 12 1 1 0 0 110 1 4 4 7
1 13 1 0 0 0 760 3 9 9 4
1 14 1 0 0 0 760 3 5 5 9
1 15 1 0 0 0 760 2 7 7 5
1 16 1 1 0 0 324 1 5 5 7
1 17 1 0 0 0 760 2 13 13 5
1 18 0 0 1 0 760 1 5 5 13
1 19 0 0 0 1 342 2 9 9 5
1 20 0 0 0 1 326 3 1 1 9
1 21 0 0 0 1 251 3 14 14 1
1 22 0 0 0 1 205 2 2 2 14
1 23 0 0 1 0 760 1 14 14 2
1 24 1 0 0 0 760 3 8 8 14
1 25 1 0 0 0 760 3 1 1 8
2 1 1 0 0 0 760 1 13 13 1
2 2 1 0 0 0 760 2 7 7 13
2 3 0 0 1 0 760 1 13 13 7
2 4 1 0 0 0 760 3 14 14 13
2 5 1 0 0 0 760 3 6 6 14
2 6 1 0 0 0 760 3 10 10 6
2 7 1 1 0 0 616 1 6 6 10
2 8 1 0 0 0 760 3 6 6 6
2 9 0 0 1 0 760 1 6 6 6
2 10 1 0 0 0 760 3 4 4 6
2 11 0 0 1 0 760 1 6 6 4
2 12 1 0 0 0 760 2 5 5 6
2 13 1 0 0 0 760 3 7 7 5
2 14 1 1 0 0 618 1 5 5 7
2 15 1 0 0 0 760 2 6 6 5
2 16 1 1 0 0 491 1 5 5 6
2 17 0 0 1 0 760 1 6 6 5
2 18 1 0 0 0 760 3 2 2 6
2 19 0 0 1 0 760 1 6 6 2
2 20 1 1 0 0 548 1 2 2 6
2 21 0 0 0 1 624 3 2 2 2
2 22 0 0 1 0 760 1 2 2 2
2 23 1 0 0 0 760 2 3 3 2
2 24 1 0 0 0 760 2 3 3 3
2 25 1 0 0 0 760 2 10 10 3
3 1 1 0 0 0 760 2 14 14 10
3 2 1 0 0 0 760 3 9 9 14
3 3 0 0 1 0 760 1 14 14 9
3 4 1 0 0 0 760 2 5 5 14
3 5 0 0 1 0 760 1 14 14 5
3 6 1 0 0 0 760 3 3 3 14
3 7 1 0 0 0 760 2 7 7 3
3 8 1 0 0 0 760 2 5 5 7
3 9 1 0 0 0 760 2 4 4 5
3 10 1 0 0 0 760 2 2 2 4
3 11 1 0 0 0 760 2 15 15 2
3 12 1 0 0 0 760 3 9 9 15
3 13 1 0 0 0 760 2 3 3 9
3 14 1 1 0 0 562 1 9 9 3
3 15 1 1 0 0 604 1 3 3 9
3 16 1 0 0 0 760 2 7 7 3
3 17 1 0 0 0 760 2 1 1 7
3 18 1 0 0 0 760 3 9 9 1
3 19 1 0 0 0 760 3 10 10 9
3 20 1 0 0 0 760 3 12 12 10
3 21 0 0 1 0 760 1 10 10 12
3 22 1 0 0 0 760 3 7 7 10
3 23 1 0 0 0 760 2 15 15 7
3 24 1 0 0 0 760 2 5 5 15
3 25 0 0 1 0 760 1 15 15 5
