1 1 1 0 0 0 760 2 13 13 0
1 2 1 0 0 0 760 2 9 9 13
1 3 0 0 1 0 760 1 13 13 9
1 4 1 0 0 0 760 2 4 4 13
1 5 1 0 0 0 760 2 11 11 4
1 6 1 0 0 0 760 2 11 11 11
1 7 1 0 0 0 760 3 10 10 11
1 8 1 0 0 0 760 3 12 12 10
1 9 1 0 0 0 760 3 13 13 12
1 10 1 0 0 0 760 3 13 13 13
1 11 0 0 1 0 760 1 13 13 13
1 12 1 0 0 0 760 2 7 7 13
1 13 1 0 0 0 760 3 9 9 7
1 14 1 0 0 0 760 3 15 15 9
1 15 1 0 0 0 760 2 3 3 15
1 16 1 0 0 0 760 3 2 2 3
1 17 0 0 1 0 569 1 3 3 2
1 18 1 0 0 0 760 2 8 8 3
1 19 0 0 1 0 760 1 3 3 8
1 20 0 0 1 0 760 1 8 8 3
1 21 1 0 0 0 760 3 10 10 8
1 22 1 0 0 0 760 3 1 1 10
1 23 0 0 1 0 519 1 10 10 1
1 24 0 0 1 0 760 1 1 1 10
1 25 0 0 1 0 760 1 10 10 1
2 1 1 0 0 0 760 1 8 8 10
2 2 1 0 0 0 760 1 9 9 8
2 3 1 0 0 0 760 3 5 5 9
2 4 1 0 0 0 760 3 3 3 5
2 5 1 0 0 0 760 2 9 9 3
2 6 1 1 0 0 563 1 3 3 9
2 7 1 1 0 0 713 1 9 9 3
2 8 1 0 0 0 760 2 13 13 9
2 9 1 0 0 0 760 3 7 7 13
2 10 1 0 0 0 760 2 3 3 7
2 11 1 0 0 0 760 3 9 9 3
2 12 1 1 0 0 469 1 3 3 9
2 13 1 0 0 0 760 3 1 1 3
2 14 1 0 0 0 760 3 1 1 1
2 15 1 0 0 0 760 2 9 9 1
2 16 1 1 0 0 487 1 1 1 9
2 17 1 0 0 0 760 2 15 15 1
2 18 1 0 0 0 760 3 4 4 15
2 19 1 1 0 0 449 1 15 15 4
2 20 1 0 0 0 760 2 1 1 15
2 21 1 0 0 0 760 2 14 14 1
2 22 1 0 0 0 760 2 7 7 14
2 23 1 0 0 0 760 2 5 5 7
2 24 1 0 0 0 760 3 8 8 5
2 25 1 0 0 0 760 2 13 13 8
3 1 1 0 0 0 760 2 3 3 13
3 2 1 0 0 0 760 2 1 1 3
3 3 1 0 0 0 760 2 1 1 1
3 4 1 1 0 0 535 1 1 1 1
3 5 1 0 0 0 760 2 8 8 1
3 6 1 0 0 0 760 3 10 10 8
3 7 1 1 0 0 445 1 8 8 10
3 8 1 0 0 0 760 3 2 2 8
3 9 1 0 0 0 760 2 11 11 2
3 10 1 0 0 0 760 2 3 3 11
3 11 1 0 0 0 760 3 5 5 3
3 12 1 1 0 0 526 1 3 3 5
3 13 1 1 0 0 544 1 5 5 3
3 14 1 0 0 0 760 2 1 1 5
3 15 0 0 1 0 760 1 5 5 1
3 16 1 0 0 0 760 2 2 2 5
3 17 1 1 0 0 593 1 5 5 2
3 18 1 0 0 0 760 3 10 10 5
3 19 1 1 0 0 570 1 5 5 10
3 20 1 1 0 0 555 1 10 10 5
3 21 0 0 0 1 513 2 12 12 10
3 22 1 0 0 0 760 3 6 6 12
3 23 1 1 0 0 671 1 12 12 6
3 24 1 1 0 0 570 1 6 6 12
3 25 1 0 0 0 760 3 14 14 6
