1 1 1 0 0 0 760 2 2 2 0
1 2 1 0 0 0 760 2 9 9 2
1 3 1 0 0 0 760 2 5 5 9
1 4 1 0 0 0 760 3 10 10 5
1 5 1 0 0 0 760 3 2 2 10
1 6 1 1 0 0 698 1 10 10 2
1 7 1 0 0 0 760 3 1 1 10
1 8 0 0 1 0 760 1 10 10 1
1 9 0 0 0 1 581 2 13 13 10
1 10 1 0 0 0 760 2 6 6 13
1 11 0 0 1 0 760 1 13 13 6
1 12 0 0 1 0 760 1 6 6 13
1 13 1 0 0 0 760 3 12 12 6
1 14 0 0 0 1 436 3 7 7 12
1 15 0 0 0 1 689 2 8 8 7
1 16 1 0 0 0 760 3 6 6 8
1 17 1 1 0 0 678 1 8 8 6
1 18 1 0 0 0 760 2 9 9 8
1 19 1 0 0 0 760 2 4 4 9
1 20 1 1 0 0 703 1 9 9 4
1 21 1 0 0 0 760 2 7 7 9
1 22 1 0 0 0 760 3 5 5 7
1 23 1 0 0 0 760 3 2 2 5
1 24 0 0 1 0 760 1 5 5 2
1 25 1 0 0 0 760 3 3 3 5
2 1 1 0 0 0 760 2 8 8 3
2 2 1 0 0 0 760 3 14 14 8
2 3 1 0 0 0 760 2 12 12 14
2 4 0 0 1 0 760 1 14 14 12
2 5 1 0 0 0 760 3 13 13 14
2 6 1 0 0 0 760 2 13 13 13
2 7 0 0 0 1 549 2 14 14 13
2 8 1 0 0 0 760 2 2 2 14
2 9 1 0 0 0 760 3 15 15 2
2 10 1 1 0 0 538 1 2 2 15
2 11 1 1 0 0 520 1 15 15 2
2 12 1 0 0 0 760 3 13 13 15
2 13 1 0 0 0 760 3 10 10 13
2 14 1 1 0 0 572 1 13 13 10
2 15 1 1 0 0 478 1 10 10 13
2 16 1 1 0 0 690 1 13 13 10
2 17 1 1 0 0 469 1 10 10 13
2 18 1 1 0 0 534 1 13 13 10
2 19 1 1 0 0 453 1 10 10 13
2 20 1 1 0 0 494 1 13 13 10
2 21 1 0 0 0 760 3 15 15 13
2 22 1 0 0 0 760 2 10 10 15
2 23 0 0 1 0 760 1 15 15 10
2 24 1 0 0 0 760 3 13 13 15
2 25 0 0 0 1 458 3 9 9 13
3 1 1 0 0 0 760 2 2 2 9
3 2 1 0 0 0 760 3 11 11 2
3 3 1 0 0 0 760 2 5 5 11
3 4 0 0 1 0 760 1 11 11 5
3 5 1 0 0 0 760 3 3 3 11
3 6 1 0 0 0 760 3 15 15 3
3 7 1 0 0 0 760 3 1 1 15
3 8 0 0 1 0 760 1 15 15 1
3 9 1 0 0 0 760 2 3 3 15
3 10 1 0 0 0 760 2 4 4 3
3 11 1 0 0 0 760 3 13 13 4
3 12 1 0 0 0 760 2 12 12 13
3 13 1 0 0 0 760 3 1 1 12
3 14 1 0 0 0 760 3 3 3 1
3 15 0 0 1 0 760 1 1 1 3
3 16 1 1 0 0 595 1 3 3 1
3 17 1 1 0 0 614 1 1 1 3
3 18 1 0 0 0 760 3 4 4 1
3 19 1 0 0 0 760 2 7 7 4
3 20 0 0 0 1 571 2 1 1 7
3 21 1 0 0 0 760 2 6 6 1
3 22 1 0 0 0 760 2 2 2 6
3 23 1 0 0 0 760 2 13 13 2
3 24 1 0 0 0 760 2 12 12 13
3 25 0 0 1 0 760 1 13 13 12
