1 1 1 0 0 0 760 2 13 13 0
1 2 1 0 0 0 760 2 2 2 13
1 3 1 0 0 0 760 2 10 10 2
1 4 1 0 0 0 760 2 15 15 10
1 5 1 1 0 0 622 1 10 10 15
1 6 1 0 0 0 760 2 2 2 10
1 7 1 1 0 0 532 1 10 10 2
1 8 1 0 0 0 760 3 5 5 10
1 9 0 0 1 0 760 1 10 10 5
1 10 1 0 0 0 760 3 12 12 10
1 11 0 0 1 0 760 1 10 10 12
1 12 1 1 0 0 565 1 12 12 10
1 13 1 0 0 0 760 2 2 2 12
1 14 1 0 0 0 760 3 8 8 2
1 15 0 0 1 0 760 1 2 2 8
1 16 0 0 1 0 760 1 8 8 2
1 17 0 0 0 1 549 2 7 7 8
1 18 1 1 0 0 617 1 8 8 7
1 19 0 0 0 1 589 2 14 14 8
1 20 1 1 0 0 529 1 8 8 14
1 21 1 0 0 0 760 2 13 13 8
1 22 0 0 0 1 746 3 1 1 13
1 23 1 0 0 0 760 3 12 12 1
1 24 0 0 0 1 296 2 5 5 12
1 25 1 1 0 0 677 1 12 12 5
2 1 1 0 0 0 760 3 10 10 12
2 2 1 0 0 0 760 1 5 5 10
2 3 1 1 0 0 604 1 10 10 5
2 4 1 0 0 0 760 2 11 11 10
2 5 1 0 0 0 760 3 14 14 11
2 6 1 0 0 0 760 2 7 7 14
2 7 0 0 0 1 696 3 7 7 7
2 8 1 0 0 0 760 3 6 6 7
2 9 1 0 0 0 760 3 2 2 6
2 10 1 0 0 0 760 3 5 5 2
2 11 1 1 0 0 684 1 2 2 5
2 12 1 0 0 0 760 3 11 11 2
2 13 1 0 0 0 760 3 1 1 11
2 14 1 1 0 0 527 1 11 11 1
2 15 1 1 0 0 600 1 1 1 11
2 16 1 0 0 0 760 2 7 7 1
2 17 1 0 0 0 760 2 4 4 7
2 18 1 0 0 0 760 3 1 1 4
2 19 1 0 0 0 760 2 2 2 1
2 20 1 0 0 0 760 2 4 4 2
2 21 1 0 0 0 760 3 11 11 4
2 22 1 0 0 0 760 2 14 14 11
2 23 1 1 0 0 578 1 11 11 14
2 24 1 0 0 0 760 3 10 10 11
2 25 0 0 1 0 760 1 11 11 10
3 1 1 0 0 0 760 2 4 4 11
3 2 1 0 0 0 760 2 1 1 4
3 3 1 0 0 0 760 2 6 6 1
3 4 1 0 0 0 760 2 4 4 6
3 5 1 0 0 0 760 2 3 3 4
3 6 0 0 0 1 724 3 3 3 3
3 7 1 1 0 0 639 1 3 3 3
3 8 1 0 0 0 760 2 12 12 3
3 9 1 0 0 0 760 2 7 7 12
3 10 1 0 0 0 760 3 10 10 7
3 11 1 0 0 0 760 3 10 10 10
3 12 1 0 0 0 760 3 11 11 10
3 13 1 1 0 0 584 1 10 10 11
3 14 1 1 0 0 577 1 11 11 10
3 15 1 1 0 0 569 1 10 10 11
3 16 1 0 0 0 760 2 1 1 10
3 17 1 1 0 0 684 1 10 10 1
3 18 1 0 0 0 760 2 9 9 10
3 19 1 0 0 0 760 3 4 4 9
3 20 1 0 0 0 760 3 12 12 4
3 21 1 0 0 0 760 2 7 7 12
3 22 1 0 0 0 760 2 11 11 7
3 23 1 0 0 0 760 3 11 11 11
3 24 1 1 0 0 529 1 11 11 11
3 25 1 0 0 0 760 3 12 12 11
