1 1 1 0 0 0 760 2 15 15 0
1 2 1 0 0 0 760 3 11 11 15
1 3 0 0 1 0 760 1 15 15 11
1 4 1 0 0 0 760 3 7 7 15
1 5 1 0 0 0 760 3 14 14 7
1 6 1 0 0 0 760 3 9 9 14
1 7 1 0 0 0 760 3 4 4 9
1 8 1 0 0 0 760 2 15 15 4
1 9 1 0 0 0 760 2 10 10 15
1 10 0 0 1 0 760 1 15 15 10
1 11 1 0 0 0 760 2 1 1 15
1 12 1 0 0 0 760 2 2 2 1
1 13 0 0 1 0 731 1 1 1 2
1 14 1 0 0 0 760 2 5 5 1
1 15 1 0 0 0 760 2 9 9 5
1 16 1 0 0 0 760 3 12 12 9
1 17 1 0 0 0 760 3 11 11 12
1 18 1 0 0 0 760 3 13 13 11
1 19 1 0 0 0 760 2 12 12 13
1 20 0 0 1 0 760 1 13 13 12
1 21 0 0 1 0 760 1 12 12 13
1 22 1 1 0 0 605 1 13 13 12
1 23 1 0 0 0 760 2 3 3 13
1 24 1 1 0 0 650 1 13 13 3
1 25 0 0 1 0 760 1 3 3 13
2 1 1 0 0 0 760 1 12 12 3
2 2 1 0 0 0 760 2 11 11 12
2 3 1 0 0 0 760 2 3 3 11
2 4 1 0 0 0 760 3 6 6 3
2 5 0 0 1 0 760 1 3 3 6
2 6 0 0 1 0 760 1 6 6 3
2 7 1 0 0 0 760 2 13 13 6
2 8 1 0 0 0 760 2 1 1 13
2 9 1 0 0 0 760 2 1 1 1
2 10 1 0 0 0 760 3 10 10 1
2 11 1 0 0 0 760 2 14 14 10
2 12 1 0 0 0 760 3 1 1 14
2 13 1 0 0 0 760 3 4 4 1
2 14 0 0 1 0 760 1 1 1 4
2 15 1 0 0 0 760 3 13 13 1
2 16 1 0 0 0 760 2 2 2 13
2 17 0 0 1 0 760 1 13 13 2
2 18 0 0 1 0 760 1 2 2 13
2 19 0 0 1 0 760 1 13 13 2
2 20 1 0 0 0 760 3 4 4 13
2 21 0 0 1 0 760 1 13 13 4
2 22 1 0 0 0 760 3 15 15 13
2 23 0 0 1 0 760 1 13 13 15
2 24 1 0 0 0 760 2 4 4 13
2 25 1 0 0 0 760 2 15 15 4
3 1 1 0 0 0 760 1 3 3 15
3 2 1 0 0 0 760 2 3 3 3
3 3 0 0 1 0 760 1 3 3 3
3 4 0 0 1 0 760 1 3 3 3
3 5 1 0 0 0 760 2 11 11 3
3 6 0 0 1 0 760 1 3 3 11
3 7 1 0 0 0 760 2 9 9 3
3 8 1 0 0 0 760 2 12 12 9
3 9 1 0 0 0 760 2 15 15 12
3 10 1 0 0 0 760 2 5 5 15
3 11 0 0 1 0 760 1 15 15 5
3 12 0 0 1 0 760 1 5 5 15
3 13 1 0 0 0 760 2 1 1 5
3 14 0 0 1 0 760 1 5 5 1
3 15 0 0 1 0 760 1 1 1 5
3 16 1 0 0 0 760 3 3 3 1
3 17 1 0 0 0 760 2 6 6 3
3 18 1 0 0 0 760 3 11 11 6
3 19 1 0 0 0 760 2 2 2 11
3 20 1 0 0 0 760 2 1 1 2
3 21 0 0 1 0 760 1 2 2 1
3 22 0 0 1 0 760 1 1 1 2
3 23 1 0 0 0 760 3 5 5 1
3 24 1 0 0 0 760 3 8 8 5
3 25 0 0 1 0 760 1 5 5 8
