1 1 1 0 0 0 760 2 8 8 0
1 2 1 0 0 0 760 3 9 9 8
1 3 1 0 0 0 760 2 12 12 9
1 4 1 0 0 0 760 3 12 12 12
1 5 1 0 0 0 760 2 11 11 12
1 6 1 0 0 0 760 3 15 15 11
1 7 1 0 0 0 760 2 8 8 15
1 8 1 1 0 0 640 1 15 15 8
1 9 1 0 0 0 760 3 7 7 15
1 10 1 0 0 0 760 3 5 5 7
1 11 1 1 0 0 739 1 7 7 5
1 12 1 1 0 0 513 1 5 5 7
1 13 1 0 0 0 760 3 8 8 5
1 14 0 0 1 0 760 1 5 5 8
1 15 1 0 0 0 760 2 10 10 5
1 16 1 0 0 0 760 3 3 3 10
1 17 1 0 0 0 760 3 11 11 3
1 18 1 1 0 0 486 1 3 3 11
1 19 1 1 0 0 537 1 11 11 3
1 20 1 0 0 0 760 2 9 9 11
1 21 0 0 1 0 760 1 11 11 9
1 22 1 0 0 0 760 2 2 2 11
1 23 1 1 0 0 434 1 11 11 2
1 24 1 0 0 0 760 2 14 14 11
1 25 1 0 0 0 760 2 3 3 14
2 1 1 0 0 0 760 1 12 12 3
2 2 1 0 0 0 760 3 14 14 12
2 3 1 0 0 0 760 2 15 15 14
2 4 1 0 0 0 760 3 5 5 15
2 5 1 1 0 0 557 1 15 15 5
2 6 1 0 0 0 760 2 3 3 15
2 7 1 1 0 0 484 1 15 15 3
2 8 1 1 0 0 531 1 3 3 15
2 9 1 1 0 0 474 1 15 15 3
2 10 1 0 0 0 760 3 10 10 15
2 11 1 0 0 0 760 3 2 2 10
2 12 1 0 0 0 760 2 7 7 2
2 13 0 0 0 1 582 2 7 7 7
2 14 1 0 0 0 760 3 11 11 7
2 15 1 0 0 0 760 2 9 9 11
2 16 1 0 0 0 760 3 1 1 9
2 17 1 1 0 0 524 1 9 9 1
2 18 1 1 0 0 613 1 1 1 9
2 19 1 0 0 0 760 2 14 14 1
2 20 1 0 0 0 760 3 5 5 14
2 21 1 0 0 0 760 2 8 8 5
2 22 1 0 0 0 760 2 15 15 8
2 23 1 0 0 0 760 3 9 9 15
2 24 1 0 0 0 760 2 5 5 9
2 25 1 0 0 0 760 3 4 4 5
3 1 1 0 0 0 760 1 14 14 4
3 2 1 0 0 0 760 2 10 10 14
3 3 1 0 0 0 760 2 3 3 10
3 4 1 1 0 0 714 1 10 10 3
3 5 1 0 0 0 760 2 4 4 10
3 6 1 1 0 0 537 1 10 10 4
3 7 1 0 0 0 760 2 10 10 10
3 8 1 1 0 0 717 1 10 10 10
3 9 1 1 0 0 576 1 10 10 10
3 10 1 0 0 0 760 3 6 6 10
3 11 1 1 0 0 541 1 10 10 6
3 12 1 0 0 0 760 3 11 11 10
3 13 1 0 0 0 760 3 1 1 11
3 14 1 1 0 0 473 1 11 11 1
3 15 1 0 0 0 760 2 7 7 11
3 16 0 0 0 1 554 3 1 1 7
3 17 1 0 0 0 760 3 3 3 1
3 18 1 0 0 0 760 3 4 4 3
3 19 1 0 0 0 760 3 14 14 4
3 20 1 0 0 0 760 2 8 8 14
3 21 1 0 0 0 760 2 1 1 8
3 22 1 1 0 0 499 1 8 8 1
3 23 1 0 0 0 760 2 6 6 8
3 24 1 1 0 0 494 1 8 8 6
3 25 1 0 0 0 760 3 1 1 8
