1 1 1 0 0 0 760 2 5 5 0
1 2 1 0 0 0 760 1 13 13 5
1 3 0 0 1 0 760 1 5 5 13
1 4 1 0 0 0 760 3 6 6 5
1 5 1 1 0 0 691 1 5 5 6
1 6 1 0 0 0 760 3 4 4 5
1 7 1 0 0 0 760 3 8 8 4
1 8 1 0 0 0 760 2 2 2 8
1 9 1 0 0 0 760 2 14 14 2
1 10 1 1 0 0 606 1 2 2 14
1 11 0 0 1 0 760 1 14 14 2
1 12 1 0 0 0 760 3 4 4 14
1 13 1 0 0 0 760 3 2 2 4
1 14 1 0 0 0 760 2 1 1 2
1 15 1 0 0 0 760 3 13 13 1
1 16 1 0 0 0 760 3 10 10 13
1 17 1 0 0 0 760 2 12 12 10
1 18 1 1 0 0 507 1 10 10 12
1 19 1 0 0 0 760 3 3 3 10
1 20 1 0 0 0 760 3 15 15 3
1 21 1 0 0 0 760 2 5 5 15
1 22 1 0 0 0 760 2 3 3 5
1 23 1 0 0 0 760 2 12 12 3
1 24 1 1 0 0 531 1 3 3 12
1 25 1 0 0 0 760 2 3 3 3
2 1 1 0 0 0 760 2 1 1 3
2 2 1 0 0 0 760 3 12 12 1
2 3 1 0 0 0 760 2 14 14 12
2 4 1 0 0 0 760 2 10 10 14
2 5 1 1 0 0 541 1 14 14 10
2 6 1 0 0 0 760 2 2 2 14
2 7 1 0 0 0 760 2 5 5 2
2 8 1 0 0 0 760 3 12 12 5
2 9 1 0 0 0 760 2 6 6 12
2 10 1 0 0 0 760 3 7 7 6
2 11 1 0 0 0 760 3 9 9 7
2 12 1 0 0 0 760 2 10 10 9
2 13 1 0 0 0 760 2 3 3 10
2 14 1 1 0 0 612 1 10 10 3
2 15 1 1 0 0 612 1 3 3 10
2 16 0 0 1 0 760 1 10 10 3
2 17 1 0 0 0 760 3 7 7 10
2 18 1 0 0 0 760 2 2 2 7
2 19 0 0 1 0 760 1 7 7 2
2 20 1 0 0 0 760 2 3 3 7
2 21 1 0 0 0 760 3 11 11 3
2 22 1 0 0 0 760 2 4 4 11
2 23 1 0 0 0 760 2 9 9 4
2 24 1 0 0 0 760 2 15 15 9
2 25 0 0 1 0 760 1 9 9 15
3 1 1 0 0 0 760 2 1 1 9
3 2 1 0 0 0 760 2 10 10 1
3 3 1 0 0 0 760 2 12 12 10
3 4 1 0 0 0 760 3 4 4 12
3 5 1 0 0 0 760 3 6 6 4
3 6 1 0 0 0 760 2 6 6 6
3 7 1 0 0 0 760 2 3 3 6
3 8 1 0 0 0 760 2 9 9 3
3 9 0 0 1 0 760 1 3 3 9
3 10 1 0 0 0 760 3 3 3 3
3 11 1 1 0 0 646 1 3 3 3
3 12 1 1 0 0 690 1 3 3 3
3 13 0 0 1 0 760 1 3 3 3
3 14 1 0 0 0 760 2 12 12 3
3 15 1 0 0 0 760 2 4 4 12
3 16 1 1 0 0 539 1 12 12 4
3 17 0 0 1 0 760 1 4 4 12
3 18 0 0 1 0 760 1 12 12 4
3 19 1 0 0 0 760 2 9 9 12
3 20 0 0 1 0 760 1 12 12 9
3 21 1 0 0 0 760 2 10 10 12
3 22 1 0 0 0 760 2 7 7 10
3 23 1 0 0 0 760 3 15 15 7
3 24 1 0 0 0 760 2 9 9 15
3 25 0 0 1 0 760 1 15 15 9
