1 1 1 0 0 0 760 2 14 14 0
1 2 1 0 0 0 760 3 11 11 14
1 3 1 0 0 0 760 3 4 4 11
1 4 1 0 0 0 760 3 9 9 4
1 5 1 0 0 0 760 2 5 5 9
1 6 1 0 0 0 760 3 12 12 5
1 7 0 0 1 0 760 1 5 5 12
1 8 1 0 0 0 760 2 11 11 5
1 9 1 0 0 0 760 2 11 11 11
1 10 1 1 0 0 472 1 11 11 11
1 11 1 1 0 0 506 1 11 11 11
1 12 1 0 0 0 760 2 1 1 11
1 13 1 1 0 0 473 1 11 11 1
1 14 1 0 0 0 760 3 13 13 11
1 15 1 0 0 0 760 3 2 2 13
1 16 1 0 0 0 760 3 11 11 2
1 17 1 0 0 0 760 3 9 9 11
1 18 1 0 0 0 760 2 8 8 9
1 19 0 0 1 0 760 1 9 9 8
1 20 1 0 0 0 760 2 15 15 9
1 21 1 1 0 0 658 1 9 9 15
1 22 1 0 0 0 760 3 7 7 9
1 23 1 0 0 0 760 2 10 10 7
1 24 1 0 0 0 760 3 2 2 10
1 25 1 1 0 0 512 1 10 10 2
2 1 1 0 0 0 760 3 11 11 10
2 2 1 0 0 0 760 3 5 5 11
2 3 1 0 0 0 760 3 2 2 5
2 4 1 0 0 0 760 2 1 1 2
2 5 1 0 0 0 760 2 8 8 1
2 6 1 1 0 0 599 1 1 1 8
2 7 1 0 0 0 760 3 5 5 1
2 8 0 0 0 1 654 2 2 2 5
2 9 1 0 0 0 760 3 9 9 2
2 10 1 1 0 0 546 1 2 2 9
2 11 1 0 0 0 760 3 8 8 2
2 12 1 1 0 0 511 1 2 2 8
2 13 1 0 0 0 760 3 11 11 2
2 14 1 1 0 0 487 1 2 2 11
2 15 1 0 0 0 760 3 10 10 2
2 16 1 1 0 0 487 1 2 2 10
2 17 1 0 0 0 760 3 13 13 2
2 18 1 1 0 0 519 1 2 2 13
2 19 1 0 0 0 760 2 11 11 2
2 20 1 1 0 0 548 1 2 2 11
2 21 1 1 0 0 494 1 11 11 2
2 22 1 0 0 0 760 3 8 8 11
2 23 1 1 0 0 473 1 11 11 8
2 24 1 0 0 0 760 3 2 2 11
2 25 1 0 0 0 760 2 15 15 2
3 1 1 0 0 0 760 2 10 10 15
3 2 1 0 0 0 760 2 3 3 10
3 3 1 1 0 0 692 1 10 10 3
3 4 1 0 0 0 760 3 8 8 10
3 5 1 0 0 0 760 3 1 1 8
3 6 1 0 0 0 760 2 14 14 1
3 7 0 0 0 1 673 3 8 8 14
3 8 1 0 0 0 760 2 15 15 8
3 9 1 0 0 0 760 2 4 4 15
3 10 1 0 0 0 760 3 2 2 4
3 11 1 1 0 0 495 1 4 4 2
3 12 1 0 0 0 760 3 3 3 4
3 13 1 0 0 0 760 3 14 14 3
3 14 1 0 0 0 760 2 4 4 14
3 15 1 0 0 0 760 2 1 1 4
3 16 1 0 0 0 760 3 9 9 1
3 17 1 1 0 0 528 1 1 1 9
3 18 1 0 0 0 760 3 10 10 1
3 19 1 1 0 0 476 1 1 1 10
3 20 1 0 0 0 760 3 9 9 1
3 21 1 0 0 0 760 2 10 10 9
3 22 1 0 0 0 760 3 8 8 10
3 23 1 1 0 0 534 1 10 10 8
3 24 1 0 0 0 760 3 1 1 10
3 25 0 0 0 1 492 2 1 1 1
