1 1 1 0 0 0 760 2 6 6 0
1 2 1 0 0 0 760 2 7 7 6
1 3 1 0 0 0 760 3 12 12 7
1 4 1 0 0 0 760 2 9 9 12
1 5 1 0 0 0 760 3 7 7 9
1 6 0 0 1 0 760 1 9 9 7
1 7 0 0 0 1 606 2 10 10 9
1 8 0 0 0 1 499 3 1 1 10
1 9 1 0 0 0 760 3 9 9 1
1 10 1 0 0 0 760 2 12 12 9
1 11 1 1 0 0 739 1 9 9 12
1 12 1 0 0 0 760 2 2 2 9
1 13 1 0 0 0 760 3 12 12 2
1 14 1 0 0 0 760 3 6 6 12
1 15 1 0 0 0 760 3 6 6 6
1 16 0 0 0 1 635 2 12 12 6
1 17 1 0 0 0 760 3 4 4 12
1 18 1 1 0 0 719 1 12 12 4
1 19 1 0 0 0 760 3 12 12 12
1 20 1 1 0 0 211 1 12 12 12
1 21 1 0 0 0 760 3 11 11 12
1 22 1 1 0 0 660 1 12 12 11
1 23 1 0 0 0 760 3 9 9 12
1 24 1 1 0 0 635 1 12 12 9
1 25 1 0 0 0 760 3 11 11 12
2 1 1 0 0 0 760 3 11 11 11
2 2 1 0 0 0 760 2 1 1 11
2 3 1 1 0 0 549 1 11 11 1
2 4 1 0 0 0 760 2 8 8 11
2 5 1 0 0 0 760 2 1 1 8
2 6 1 0 0 0 760 2 5 5 1
2 7 1 0 0 0 760 2 11 11 5
2 8 1 1 0 0 655 1 5 5 11
2 9 1 0 0 0 760 2 14 14 5
2 10 1 0 0 0 760 3 7 7 14
2 11 1 0 0 0 760 2 3 3 7
2 12 1 1 0 0 606 1 7 7 3
2 13 1 0 0 0 760 2 8 8 7
2 14 1 0 0 0 760 3 4 4 8
2 15 1 0 0 0 760 2 9 9 4
2 16 1 1 0 0 498 1 4 4 9
2 17 1 0 0 0 760 2 3 3 4
2 18 1 1 0 0 511 1 4 4 3
2 19 1 0 0 0 760 2 2 2 4
2 20 1 1 0 0 635 1 4 4 2
2 21 0 0 0 1 603 2 4 4 4
2 22 0 0 0 1 570 2 2 2 4
2 23 1 1 0 0 686 1 4 4 2
2 24 1 0 0 0 760 2 6 6 4
2 25 1 1 0 0 660 1 4 4 6
3 1 0 0 0 1 506 3 13 13 4
3 2 1 0 0 0 760 1 11 11 13
3 3 1 0 0 0 760 3 1 1 11
3 4 1 0 0 0 760 2 3 3 1
3 5 1 0 0 0 760 3 6 6 3
3 6 1 0 0 0 760 2 7 7 6
3 7 1 0 0 0 760 2 1 1 7
3 8 1 0 0 0 760 3 5 5 1
3 9 1 0 0 0 760 2 14 14 5
3 10 1 1 0 0 463 1 5 5 14
3 11 1 0 0 0 760 3 3 3 5
3 12 0 0 1 0 760 1 5 5 3
3 13 1 0 0 0 760 3 5 5 5
3 14 1 0 0 0 760 3 3 3 5
3 15 1 0 0 0 760 3 9 9 3
3 16 1 1 0 0 606 1 3 3 9
3 17 1 0 0 0 760 2 14 14 3
3 18 1 0 0 0 760 2 14 14 14
3 19 1 0 0 0 760 2 4 4 14
3 20 1 0 0 0 760 3 1 1 4
3 21 1 0 0 0 760 2 3 3 1
3 22 1 1 0 0 502 1 1 1 3
3 23 0 0 1 0 760 1 3 3 1
3 24 1 0 0 0 760 3 4 4 3
3 25 1 0 0 0 760 3 7 7 4
