1 1 1 0 0 0 760 2 15 15 0
1 2 1 0 0 0 760 1 14 14 15
1 3 0 0 0 1 552 3 14 14 14
1 4 1 0 0 0 760 3 10 10 14
1 5 1 0 0 0 760 3 1 1 10
1 6 1 0 0 0 760 2 11 11 1
1 7 1 0 0 0 760 3 4 4 11
1 8 1 0 0 0 760 2 1 1 4
1 9 1 0 0 0 760 2 7 7 1
1 10 1 1 0 0 540 1 1 1 7
1 11 0 0 1 0 760 1 7 7 1
1 12 1 0 0 0 760 2 8 8 7
1 13 0 0 1 0 760 1 7 7 8
1 14 1 0 0 0 760 3 7 7 7
1 15 0 0 0 1 634 3 9 9 7
1 16 1 0 0 0 760 3 10 10 9
1 17 1 0 0 0 760 3 2 2 10
1 18 1 1 0 0 503 1 10 10 2
1 19 1 0 0 0 760 2 14 14 10
1 20 1 1 0 0 514 1 10 10 14
1 21 1 1 0 0 656 1 14 14 10
1 22 1 1 0 0 613 1 10 10 14
1 23 1 1 0 0 612 1 14 14 10
1 24 1 0 0 0 760 3 1 1 14
1 25 0 0 0 1 412 3 10 10 1
2 1 1 0 0 0 760 1 3 3 10
2 2 1 0 0 0 760 2 5 5 3
2 3 1 0 0 0 760 2 1 1 5
2 4 1 1 0 0 551 1 5 5 1
2 5 1 0 0 0 760 2 13 13 5
2 6 0 0 1 0 760 1 5 5 13
2 7 1 0 0 0 760 2 4 4 5
2 8 1 0 0 0 760 2 1 1 4
2 9 1 0 0 0 760 3 7 7 1
2 10 1 1 0 0 532 1 1 1 7
2 11 1 0 0 0 760 2 13 13 1
2 12 1 0 0 0 760 3 8 8 13
2 13 1 0 0 0 760 3 6 6 8
2 14 1 1 0 0 490 1 8 8 6
2 15 1 0 0 0 760 3 7 7 8
2 16 1 0 0 0 760 3 15 15 7
2 17 1 0 0 0 760 2 8 8 15
2 18 1 0 0 0 760 3 4 4 8
2 19 1 0 0 0 760 3 4 4 4
2 20 1 0 0 0 760 3 6 6 4
2 21 1 1 0 0 522 1 4 4 6
2 22 1 0 0 0 760 3 9 9 4
2 23 1 0 0 0 760 2 5 5 9
2 24 1 1 0 0 563 1 9 9 5
2 25 1 0 0 0 760 3 15 15 9
3 1 1 0 0 0 760 3 2 2 15
3 2 1 0 0 0 760 3 8 8 2
3 3 0 0 0 1 720 2 8 8 8
3 4 1 1 0 0 628 1 8 8 8
3 5 1 1 0 0 513 1 8 8 8
3 6 1 0 0 0 760 3 11 11 8
3 7 1 0 0 0 760 2 5 5 11
3 8 1 0 0 0 760 2 13 13 5
3 9 1 1 0 0 502 1 5 5 13
3 10 1 0 0 0 760 2 8 8 5
3 11 1 0 0 0 760 2 4 4 8
3 12 1 1 0 0 449 1 8 8 4
3 13 1 0 0 0 760 3 15 15 8
3 14 1 0 0 0 760 2 14 14 15
3 15 1 0 0 0 760 3 13 13 14
3 16 1 0 0 0 760 3 9 9 13
3 17 1 0 0 0 760 3 11 11 9
3 18 1 0 0 0 760 3 6 6 11
3 19 1 0 0 0 760 3 8 8 6
3 20 1 0 0 0 760 2 3 3 8
3 21 1 1 0 0 589 1 8 8 3
3 22 1 0 0 0 760 3 14 14 8
3 23 1 1 0 0 554 1 8 8 14
3 24 0 0 1 0 760 1 14 14 8
3 25 1 0 0 0 760 3 9 9 14
