1 1 1 0 0 0 760 3 4 4 0
1 2 1 0 0 0 760 1 5 5 4
1 3 1 0 0 0 760 2 5 5 5
1 4 1 0 0 0 760 2 7 7 5
1 5 1 0 0 0 760 2 12 12 7
1 6 1 0 0 0 760 2 15 15 12
1 7 1 0 0 0 760 2 11 11 15
1 8 1 0 0 0 760 3 4 4 11
1 9 0 0 1 0 760 1 11 11 4
1 10 1 1 0 0 663 1 4 4 11
1 11 1 0 0 0 760 3 13 13 4
1 12 0 0 0 1 755 2 11 11 13
1 13 0 0 0 1 591 2 1 1 11
1 14 1 1 0 0 714 1 11 11 1
1 15 1 1 0 0 701 1 1 1 11
1 16 1 0 0 0 760 3 9 9 1
1 17 1 0 0 0 760 2 9 9 9
1 18 0 0 0 1 579 2 11 11 9
1 19 1 1 0 0 605 1 9 9 11
1 20 1 0 0 0 760 2 1 1 9
1 21 1 0 0 0 760 2 7 7 1
1 22 1 0 0 0 760 3 7 7 7
1 23 1 0 0 0 760 3 5 5 7
1 24 1 1 0 0 585 1 7 7 5
1 25 1 0 0 0 760 2 14 14 7
2 1 1 0 0 0 760 2 15 15 14
2 2 1 0 0 0 760 2 13 13 15
2 3 1 1 0 0 655 1 15 15 13
2 4 1 1 0 0 524 1 13 13 15
2 5 1 0 0 0 760 2 5 5 13
2 6 1 0 0 0 760 2 2 2 5
2 7 1 0 0 0 760 3 12 12 2
2 8 1 0 0 0 760 3 10 10 12
2 9 1 0 0 0 760 2 2 2 10
2 10 1 0 0 0 760 2 15 15 2
2 11 1 0 0 0 760 3 7 7 15
2 12 1 0 0 0 760 3 14 14 7
2 13 1 1 0 0 586 1 7 7 14
2 14 1 1 0 0 527 1 14 14 7
2 15 1 0 0 0 760 2 12 12 14
2 16 1 1 0 0 609 1 14 14 12
2 17 1 0 0 0 760 3 13 13 14
2 18 1 1 0 0 589 1 14 14 13
2 19 1 1 0 0 542 1 13 13 14
2 20 1 0 0 0 760 2 8 8 13
2 21 0 0 1 0 760 1 13 13 8
2 22 0 0 1 0 760 1 8 8 13
2 23 1 0 0 0 760 2 12 12 8
2 24 1 0 0 0 760 2 4 4 12
2 25 1 1 0 0 584 1 12 12 4
3 1 1 0 0 0 760 3 3 3 12
3 2 1 0 0 0 760 2 5 5 3
3 3 1 1 0 0 754 1 3 3 5
3 4 0 0 1 0 760 1 5 5 3
3 5 1 0 0 0 760 2 6 6 5
3 6 1 0 0 0 760 3 7 7 6
3 7 1 0 0 0 760 2 3 3 7
3 8 1 0 0 0 760 3 2 2 3
3 9 1 1 0 0 729 1 3 3 2
3 10 0 0 1 0 760 1 2 2 3
3 11 0 0 1 0 760 1 3 3 2
3 12 1 0 0 0 760 3 6 6 3
3 13 1 1 0 0 479 1 3 3 6
3 14 1 1 0 0 462 1 6 6 3
3 15 0 0 1 0 760 1 3 3 6
3 16 1 0 0 0 760 3 2 2 3
3 17 1 0 0 0 760 2 7 7 2
3 18 1 0 0 0 760 3 10 10 7
3 19 1 1 0 0 478 1 7 7 10
3 20 1 0 0 0 760 2 14 14 7
3 21 1 0 0 0 760 3 8 8 14
3 22 1 1 0 0 501 1 14 14 8
3 23 1 0 0 0 760 2 10 10 14
3 24 1 0 0 0 760 2 6 6 10
3 25 1 0 0 0 760 2 13 13 6
