1 1 1 0 0 0 760 2 10 10 0
1 2 1 0 0 0 760 2 8 8 10
1 3 1 0 0 0 760 2 14 14 8
1 4 1 0 0 0 760 2 5 5 14
1 5 1 0 0 0 760 3 12 12 5
1 6 1 1 0 0 709 1 5 5 12
1 7 1 0 0 0 760 3 15 15 5
1 8 1 0 0 0 760 2 8 8 15
1 9 1 0 0 0 760 3 14 14 8
1 10 1 1 0 0 547 1 8 8 14
1 11 1 0 0 0 760 2 10 10 8
1 12 1 0 0 0 760 3 9 9 10
1 13 1 0 0 0 760 3 5 5 9
1 14 1 0 0 0 760 2 13 13 5
1 15 1 0 0 0 760 2 2 2 13
1 16 1 0 0 0 760 2 15 15 2
1 17 1 0 0 0 760 2 10 10 15
1 18 1 1 0 0 685 1 15 15 10
1 19 1 0 0 0 760 2 15 15 15
1 20 1 0 0 0 760 2 7 7 15
1 21 1 0 0 0 760 3 10 10 7
1 22 1 0 0 0 760 2 5 5 10
1 23 1 0 0 0 760 2 2 2 5
1 24 1 0 0 0 760 2 15 15 2
1 25 1 0 0 0 760 2 6 6 15
2 1 1 0 0 0 760 2 3 3 6
2 2 1 0 0 0 760 1 10 10 3
2 3 1 0 0 0 760 3 7 7 10
2 4 1 1 0 0 760 1 10 10 7
2 5 1 1 0 0 495 1 7 7 10
2 6 0 0 1 0 760 1 10 10 7
2 7 1 0 0 0 760 2 8 8 10
2 8 1 0 0 0 760 3 13 13 8
2 9 1 1 0 0 559 1 8 8 13
2 10 1 0 0 0 760 2 15 15 8
2 11 1 0 0 0 760 3 13 13 15
2 12 1 0 0 0 760 3 2 2 13
2 13 0 0 0 1 502 2 2 2 2
2 14 1 0 0 0 760 2 13 13 2
2 15 1 0 0 0 760 2 1 1 13
2 16 1 1 0 0 476 1 13 13 1
2 17 1 0 0 0 760 2 3 3 13
2 18 1 1 0 0 622 1 13 13 3
2 19 1 0 0 0 760 3 13 13 13
2 20 1 0 0 0 760 2 11 11 13
2 21 1 0 0 0 760 2 3 3 11
2 22 1 0 0 0 760 2 2 2 3
2 23 1 1 0 0 580 1 3 3 2
2 24 1 1 0 0 590 1 2 2 3
2 25 1 0 0 0 760 3 9 9 2
3 1 1 0 0 0 760 3 11 11 9
3 2 1 0 0 0 760 3 1 1 11
3 3 0 0 1 0 760 1 11 11 1
3 4 1 0 0 0 760 2 3 3 11
3 5 1 1 0 0 506 1 11 11 3
3 6 1 1 0 0 508 1 3 3 11
3 7 1 0 0 0 760 2 8 8 3
3 8 1 0 0 0 760 3 8 8 8
3 9 1 0 0 0 760 2 15 15 8
3 10 1 0 0 0 760 2 9 9 15
3 11 1 0 0 0 760 3 13 13 9
3 12 1 0 0 0 760 3 13 13 13
3 13 1 0 0 0 760 3 10 10 13
3 14 0 0 1 0 760 1 13 13 10
3 15 1 0 0 0 760 3 1 1 13
3 16 1 0 0 0 760 2 6 6 1
3 17 1 0 0 0 760 2 15 15 6
3 18 0 0 1 0 760 1 6 6 15
3 19 0 0 1 0 760 1 15 15 6
3 20 0 0 1 0 760 1 6 6 15
3 21 1 0 0 0 760 3 2 2 6
3 22 1 0 0 0 760 3 1 1 2
3 23 1 0 0 0 760 2 7 7 1
3 24 1 1 0 0 620 1 1 1 7
3 25 1 1 0 0 575 1 7 7 1
