1 1 1 0 0 0 760 1 5 5 0
1 2 1 0 0 0 760 3 1 1 5
1 3 1 0 0 0 760 2 15 15 1
1 4 1 0 0 0 760 3 7 7 15
1 5 0 0 1 0 760 1 15 15 7
1 6 0 0 1 0 760 1 7 7 15
1 7 1 0 0 0 760 3 6 6 7
1 8 1 1 0 0 700 1 7 7 6
1 9 1 0 0 0 760 3 3 3 7
1 10 1 0 0 0 760 2 9 9 3
1 11 1 0 0 0 760 2 8 8 9
1 12 1 0 0 0 760 2 15 15 8
1 13 1 0 0 0 760 3 13 13 15
1 14 1 1 0 0 662 1 15 15 13
1 15 1 0 0 0 760 2 9 9 15
1 16 1 1 0 0 483 1 15 15 9
1 17 1 1 0 0 590 1 9 9 15
1 18 1 1 0 0 431 1 15 15 9
1 19 1 0 0 0 760 3 5 5 15
1 20 1 0 0 0 760 3 10 10 5
1 21 1 1 0 0 581 1 5 5 10
1 22 1 1 0 0 596 1 10 10 5
1 23 1 0 0 0 760 2 2 2 10
1 24 1 0 0 0 760 3 9 9 2
1 25 1 1 0 0 681 1 2 2 9
2 1 1 0 0 0 760 1 10 10 2
2 2 1 0 0 0 760 2 6 6 10
2 3 1 1 0 0 519 1 10 10 6
2 4 1 1 0 0 510 1 6 6 10
2 5 1 1 0 0 613 1 10 10 6
2 6 1 1 0 0 464 1 6 6 10
2 7 0 0 0 1 446 2 6 6 6
2 8 1 0 0 0 760 2 3 3 6
2 9 1 0 0 0 760 3 15 15 3
2 10 1 0 0 0 760 3 5 5 15
2 11 1 1 0 0 560 1 15 15 5
2 12 1 1 0 0 604 1 5 5 15
2 13 1 1 0 0 537 1 15 15 5
2 14 1 0 0 0 760 3 11 11 15
2 15 1 0 0 0 760 2 3 3 11
2 16 1 0 0 0 760 3 13 13 3
2 17 1 0 0 0 760 3 12 12 13
2 18 1 0 0 0 760 2 2 2 12
2 19 1 1 0 0 561 1 12 12 2
2 20 1 0 0 0 760 2 15 15 12
2 21 1 1 0 0 525 1 12 12 15
2 22 1 1 0 0 581 1 15 15 12
2 23 1 0 0 0 760 3 6 6 15
2 24 1 0 0 0 760 2 9 9 6
2 25 1 1 0 0 637 1 6 6 9
3 1 1 0 0 0 760 3 10 10 6
3 2 1 0 0 0 760 1 4 4 10
3 3 1 1 0 0 744 1 10 10 4
3 4 1 0 0 0 760 2 11 11 10
3 5 1 0 0 0 760 2 8 8 11
3 6 1 1 0 0 615 1 11 11 8
3 7 1 0 0 0 760 3 4 4 11
3 8 1 0 0 0 760 2 13 13 4
3 9 1 0 0 0 760 2 9 9 13
3 10 1 0 0 0 760 3 9 9 9
3 11 1 0 0 0 760 3 1 1 9
3 12 1 0 0 0 760 3 10 10 1
3 13 1 0 0 0 760 2 6 6 10
3 14 1 1 0 0 605 1 10 10 6
3 15 1 0 0 0 760 2 3 3 10
3 16 1 0 0 0 760 2 7 7 3
3 17 1 1 0 0 670 1 3 3 7
3 18 0 0 1 0 760 1 7 7 3
3 19 1 0 0 0 760 3 6 6 7
3 20 1 1 0 0 456 1 7 7 6
3 21 1 0 0 0 760 2 14 14 7
3 22 1 0 0 0 760 3 15 15 14
3 23 1 1 0 0 540 1 14 14 15
3 24 1 0 0 0 760 2 10 10 14
3 25 1 0 0 0 760 2 6 6 10
