1 1 1 0 0 0 760 2 6 6 0
1 2 1 0 0 0 760 2 10 10 6
1 3 1 0 0 0 760 3 11 11 10
1 4 0 0 1 0 760 1 10 10 11
1 5 1 0 0 0 760 2 15 15 10
1 6 1 0 0 0 760 2 14 14 15
1 7 1 0 0 0 760 3 3 3 14
1 8 1 0 0 0 760 3 4 4 3
1 9 1 0 0 0 760 3 13 13 4
1 10 1 1 0 0 747 1 4 4 13
1 11 1 0 0 0 760 2 15 15 4
1 12 1 1 0 0 654 1 4 4 15
1 13 1 1 0 0 638 1 15 15 4
1 14 1 1 0 0 620 1 4 4 15
1 15 1 0 0 0 760 2 5 5 4
1 16 1 1 0 0 640 1 4 4 5
1 17 1 0 0 0 760 3 9 9 4
1 18 1 0 0 0 760 2 13 13 9
1 19 0 0 0 1 571 2 15 15 13
1 20 1 1 0 0 697 1 13 13 15
1 21 1 0 0 0 760 2 11 11 13
1 22 1 1 0 0 675 1 13 13 11
1 23 1 1 0 0 667 1 11 11 13
1 24 1 1 0 0 681 1 13 13 11
1 25 1 1 0 0 716 1 11 11 13
2 1 1 0 0 0 760 2 7 7 11
2 2 1 0 0 0 760 1 5 5 7
2 3 1 1 0 0 555 1 7 7 5
2 4 1 0 0 0 760 3 4 4 7
2 5 1 0 0 0 760 3 2 2 4
2 6 1 0 0 0 760 2 1 1 2
2 7 1 1 0 0 586 1 2 2 1
2 8 1 0 0 0 760 2 14 14 2
2 9 1 0 0 0 760 2 7 7 14
2 10 1 0 0 0 760 3 10 10 7
2 11 1 0 0 0 760 3 13 13 10
2 12 0 0 1 0 760 1 10 10 13
2 13 1 0 0 0 760 3 1 1 10
2 14 0 0 1 0 760 1 10 10 1
2 15 0 0 1 0 760 1 1 1 10
2 16 1 1 0 0 730 1 10 10 1
2 17 1 0 0 0 760 3 10 10 10
2 18 1 0 0 0 760 2 9 9 10
2 19 1 0 0 0 760 2 1 1 9
2 20 1 0 0 0 760 2 2 2 1
2 21 1 0 0 0 760 3 11 11 2
2 22 1 0 0 0 760 3 10 10 11
2 23 1 0 0 0 760 2 5 5 10
2 24 1 0 0 0 760 3 14 14 5
2 25 1 1 0 0 586 1 5 5 14
3 1 1 0 0 0 760 2 9 9 5
3 2 1 0 0 0 760 2 8 8 9
3 3 1 0 0 0 760 3 11 11 8
3 4 1 1 0 0 526 1 8 8 11
3 5 1 0 0 0 760 3 4 4 8
3 6 1 0 0 0 760 2 13 13 4
3 7 1 1 0 0 642 1 4 4 13
3 8 1 0 0 0 760 3 7 7 4
3 9 1 0 0 0 760 2 11 11 7
3 10 1 0 0 0 760 3 1 1 11
3 11 1 1 0 0 674 1 11 11 1
3 12 1 0 0 0 760 3 7 7 11
3 13 1 1 0 0 612 1 11 11 7
3 14 1 1 0 0 638 1 7 7 11
3 15 1 0 0 0 760 2 3 3 7
3 16 1 0 0 0 760 3 3 3 3
3 17 1 0 0 0 760 2 7 7 3
3 18 1 0 0 0 760 2 12 12 7
3 19 1 0 0 0 760 2 14 14 12
3 20 1 0 0 0 760 3 15 15 14
3 21 1 0 0 0 760 3 11 11 15
3 22 1 0 0 0 760 2 8 8 11
3 23 1 0 0 0 760 3 4 4 8
3 24 1 0 0 0 760 2 14 14 4
3 25 1 0 0 0 760 2 11 11 14
