1 1 1 0 0 0 760 3 4 4 0
1 2 1 0 0 0 760 1 1 1 4
1 3 1 0 0 0 760 2 13 13 1
1 4 0 0 1 0 760 1 1 1 13
1 5 1 1 0 0 740 1 13 13 1
1 6 1 0 0 0 760 3 15 15 13
1 7 1 0 0 0 760 3 3 3 15
1 8 1 1 0 0 623 1 15 15 3
1 9 1 0 0 0 760 2 10 10 15
1 10 1 1 0 0 641 1 15 15 10
1 11 1 0 0 0 760 2 6 6 15
1 12 1 0 0 0 760 3 3 3 6
1 13 1 0 0 0 760 3 12 12 3
1 14 1 0 0 0 760 3 6 6 12
1 15 1 0 0 0 760 3 10 10 6
1 16 1 0 0 0 760 2 11 11 10
1 17 1 0 0 0 760 2 13 13 11
1 18 1 0 0 0 760 2 12 12 13
1 19 0 0 1 0 760 1 13 13 12
1 20 0 0 1 0 760 1 12 12 13
1 21 1 0 0 0 760 3 8 8 12
1 22 1 0 0 0 760 2 8 8 8
1 23 1 0 0 0 760 3 3 3 8
1 24 1 0 0 0 760 3 5 5 3
1 25 1 1 0 0 636 1 3 3 5
2 1 1 0 0 0 760 3 4 4 3
2 2 1 0 0 0 760 1 8 8 4
2 3 1 1 0 0 721 1 4 4 8
2 4 1 0 0 0 760 2 3 3 4
2 5 1 0 0 0 760 2 10 10 3
2 6 1 1 0 0 689 1 3 3 10
2 7 1 0 0 0 760 2 6 6 3
2 8 1 0 0 0 760 2 7 7 6
2 9 0 0 1 0 760 1 6 6 7
2 10 1 0 0 0 760 3 12 12 6
2 11 1 0 0 0 760 2 12 12 12
2 12 1 0 0 0 760 2 11 11 12
2 13 1 0 0 0 760 2 8 8 11
2 14 1 0 0 0 760 3 7 7 8
2 15 0 0 1 0 760 1 8 8 7
2 16 1 0 0 0 760 3 1 1 8
2 17 1 0 0 0 760 2 4 4 1
2 18 1 0 0 0 760 3 11 11 4
2 19 1 0 0 0 760 2 5 5 11
2 20 1 0 0 0 760 2 15 15 5
2 21 1 1 0 0 510 1 5 5 15
2 22 1 0 0 0 760 2 10 10 5
2 23 1 0 0 0 760 2 14 14 10
2 24 1 0 0 0 760 3 11 11 14
2 25 1 0 0 0 760 2 8 8 11
3 1 1 0 0 0 760 1 8 8 8
3 2 1 0 0 0 760 2 3 3 8
3 3 1 0 0 0 760 2 1 1 3
3 4 1 0 0 0 760 3 13 13 1
3 5 0 0 1 0 760 1 1 1 13
3 6 1 0 0 0 760 3 8 8 1
3 7 1 0 0 0 760 3 13 13 8
3 8 1 0 0 0 760 2 6 6 13
3 9 0 0 1 0 760 1 13 13 6
3 10 1 0 0 0 760 2 4 4 13
3 11 1 0 0 0 760 2 15 15 4
3 12 1 0 0 0 760 3 11 11 15
3 13 1 1 0 0 604 1 15 15 11
3 14 1 0 0 0 760 3 12 12 15
3 15 1 1 0 0 519 1 15 15 12
3 16 1 0 0 0 760 3 15 15 15
3 17 1 1 0 0 507 1 15 15 15
3 18 1 0 0 0 760 2 13 13 15
3 19 1 0 0 0 760 3 14 14 13
3 20 0 0 0 1 636 3 14 14 14
3 21 1 0 0 0 760 3 7 7 14
3 22 1 0 0 0 760 3 15 15 7
3 23 1 0 0 0 760 2 15 15 15
3 24 1 0 0 0 760 2 13 13 15
3 25 1 0 0 0 760 2 14 14 13
