1 1 1 0 0 0 760 1 9 9 0
1 2 1 0 0 0 760 3 3 3 9
1 3 1 0 0 0 760 2 2 2 3
1 4 1 0 0 0 760 2 6 6 2
1 5 1 0 0 0 760 3 9 9 6
1 6 1 0 0 0 760 2 2 2 9
1 7 1 0 0 0 760 3 11 11 2
1 8 1 0 0 0 760 2 14 14 11
1 9 1 1 0 0 686 1 11 11 14
1 10 1 0 0 0 760 2 6 6 11
1 11 1 0 0 0 760 3 13 13 6
1 12 1 0 0 0 760 3 9 9 13
1 13 1 0 0 0 760 2 2 2 9
1 14 1 0 0 0 760 3 11 11 2
1 15 1 1 0 0 629 1 2 2 11
1 16 1 0 0 0 760 3 8 8 2
1 17 1 0 0 0 760 2 1 1 8
1 18 1 0 0 0 760 3 4 4 1
1 19 1 0 0 0 760 2 11 11 4
1 20 1 0 0 0 760 3 15 15 11
1 21 1 0 0 0 760 2 8 8 15
1 22 1 0 0 0 760 2 3 3 8
1 23 1 1 0 0 751 1 8 8 3
1 24 1 1 0 0 727 1 3 3 8
1 25 1 0 0 0 760 2 5 5 3
2 1 1 0 0 0 760 1 9 9 5
2 2 1 0 0 0 760 3 6 6 9
2 3 1 0 0 0 760 2 8 8 6
2 4 1 0 0 0 760 3 10 10 8
2 5 1 0 0 0 760 2 4 4 10
2 6 1 1 0 0 532 1 10 10 4
2 7 1 0 0 0 760 3 6 6 10
2 8 0 0 1 0 760 1 10 10 6
2 9 1 0 0 0 760 3 13 13 10
2 10 1 0 0 0 760 2 15 15 13
2 11 1 1 0 0 514 1 13 13 15
2 12 1 0 0 0 760 3 14 14 13
2 13 1 0 0 0 760 2 7 7 14
2 14 1 0 0 0 760 3 1 1 7
2 15 1 1 0 0 544 1 7 7 1
2 16 1 0 0 0 760 2 5 5 7
2 17 1 1 0 0 548 1 7 7 5
2 18 1 0 0 0 760 2 11 11 7
2 19 1 0 0 0 760 2 2 2 11
2 20 1 1 0 0 580 1 11 11 2
2 21 1 1 0 0 676 1 2 2 11
2 22 1 0 0 0 760 2 12 12 2
2 23 1 1 0 0 629 1 2 2 12
2 24 1 0 0 0 760 3 8 8 2
2 25 0 0 1 0 760 1 2 2 8
3 1 1 0 0 0 760 3 3 3 2
3 2 1 0 0 0 760 1 7 7 3
3 3 1 0 0 0 760 3 6 6 7
3 4 1 0 0 0 760 3 14 14 6
3 5 1 1 0 0 507 1 6 6 14
3 6 1 0 0 0 760 2 6 6 6
3 7 1 0 0 0 760 2 7 7 6
3 8 1 0 0 0 760 3 4 4 7
3 9 1 1 0 0 596 1 7 7 4
3 10 1 1 0 0 647 1 4 4 7
3 11 1 0 0 0 760 2 9 9 4
3 12 1 0 0 0 760 3 14 14 9
3 13 1 1 0 0 699 1 9 9 14
3 14 1 0 0 0 760 3 9 9 9
3 15 0 0 1 0 760 1 9 9 9
3 16 1 0 0 0 760 3 5 5 9
3 17 1 0 0 0 760 2 15 15 5
3 18 1 1 0 0 650 1 5 5 15
3 19 0 0 1 0 760 1 15 15 5
3 20 1 0 0 0 760 3 10 10 15
3 21 0 0 1 0 760 1 15 15 10
3 22 1 0 0 0 760 2 4 4 15
3 23 1 1 0 0 599 1 15 15 4
3 24 1 0 0 0 760 2 14 14 15
3 25 1 0 0 0 760 3 8 8 14
