1 1 1 0 0 0 760 1 12 12 0
1 2 1 0 0 0 760 3 15 15 12
1 3 1 0 0 0 760 2 6 6 15
1 4 1 0 0 0 760 2 1 1 6
1 5 1 0 0 0 760 3 3 3 1
1 6 1 0 0 0 760 2 9 9 3
1 7 1 0 0 0 760 2 15 15 9
1 8 1 0 0 0 760 3 1 1 15
1 9 1 0 0 0 760 3 9 9 1
1 10 1 1 0 0 495 1 1 1 9
1 11 1 0 0 0 760 3 13 13 1
1 12 1 0 0 0 760 3 3 3 13
1 13 1 1 0 0 496 1 13 13 3
1 14 1 1 0 0 509 1 3 3 13
1 15 1 1 0 0 483 1 13 13 3
1 16 1 0 0 0 760 3 8 8 13
1 17 1 0 0 0 760 2 9 9 8
1 18 1 0 0 0 760 2 3 3 9
1 19 1 0 0 0 760 2 12 12 3
1 20 1 0 0 0 760 2 11 11 12
1 21 1 0 0 0 760 2 3 3 11
1 22 1 0 0 0 760 3 10 10 3
1 23 1 1 0 0 548 1 3 3 10
1 24 1 1 0 0 578 1 10 10 3
1 25 1 0 0 0 760 3 1 1 10
2 1 1 0 0 0 760 1 11 11 1
2 2 1 0 0 0 760 1 11 11 11
2 3 1 0 0 0 760 3 12 12 11
2 4 1 0 0 0 760 2 5 5 12
2 5 1 0 0 0 760 2 11 11 5
2 6 1 1 0 0 554 1 5 5 11
2 7 1 1 0 0 479 1 11 11 5
2 8 1 0 0 0 760 2 10 10 11
2 9 1 0 0 0 760 2 15 15 10
2 10 1 0 0 0 760 2 3 3 15
2 11 1 0 0 0 760 2 11 11 3
2 12 1 0 0 0 760 3 10 10 11
2 13 1 0 0 0 760 2 12 12 10
2 14 1 1 0 0 453 1 10 10 12
2 15 1 0 0 0 760 2 6 6 10
2 16 1 0 0 0 760 3 12 12 6
2 17 1 0 0 0 760 3 2 2 12
2 18 1 0 0 0 760 2 11 11 2
2 19 1 0 0 0 760 3 5 5 11
2 20 1 0 0 0 760 2 1 1 5
2 21 1 0 0 0 760 2 9 9 1
2 22 1 1 0 0 619 1 1 1 9
2 23 1 1 0 0 594 1 9 9 1
2 24 1 0 0 0 760 2 9 9 9
2 25 1 0 0 0 760 3 2 2 9
3 1 1 0 0 0 760 3 8 8 2
3 2 1 0 0 0 760 1 14 14 8
3 3 1 0 0 0 760 3 4 4 14
3 4 1 0 0 0 760 2 15 15 4
3 5 1 0 0 0 760 3 11 11 15
3 6 0 0 1 0 760 1 15 15 11
3 7 1 0 0 0 760 2 4 4 15
3 8 1 0 0 0 760 2 3 3 4
3 9 1 0 0 0 760 2 8 8 3
3 10 1 0 0 0 760 2 10 10 8
3 11 1 0 0 0 760 3 1 1 10
3 12 1 0 0 0 760 2 14 14 1
3 13 1 0 0 0 760 2 6 6 14
3 14 0 0 1 0 760 1 14 14 6
3 15 1 0 0 0 760 3 2 2 14
3 16 1 0 0 0 760 3 12 12 2
3 17 1 0 0 0 760 3 9 9 12
3 18 1 0 0 0 760 2 8 8 9
3 19 1 0 0 0 760 3 14 14 8
3 20 1 0 0 0 760 2 6 6 14
3 21 0 0 1 0 760 1 14 14 6
3 22 1 0 0 0 760 3 3 3 14
3 23 1 0 0 0 760 2 5 5 3
3 24 1 1 0 0 550 1 3 3 5
3 25 0 0 1 0 760 1 5 5 3
