1 1 1 0 0 0 760 1 1 1 0
1 2 1 0 0 0 760 1 9 9 1
1 3 1 0 0 0 760 3 2 2 9
1 4 1 0 0 0 760 2 11 11 2
1 5 1 0 0 0 760 3 3 3 11
1 6 1 0 0 0 760 3 9 9 3
1 7 1 1 0 0 619 1 3 3 9
1 8 1 0 0 0 760 2 3 3 3
1 9 1 0 0 0 760 3 2 2 3
1 10 1 0 0 0 760 2 10 10 2
1 11 1 1 0 0 474 1 2 2 10
1 12 1 0 0 0 760 2 8 8 2
1 13 1 1 0 0 571 1 2 2 8
1 14 1 1 0 0 504 1 8 8 2
1 15 1 0 0 0 760 2 14 14 8
1 16 1 0 0 0 760 3 14 14 14
1 17 1 0 0 0 760 2 2 2 14
1 18 1 1 0 0 715 1 14 14 2
1 19 1 1 0 0 493 1 2 2 14
1 20 1 1 0 0 571 1 14 14 2
1 21 1 0 0 0 760 2 4 4 14
1 22 1 1 0 0 458 1 14 14 4
1 23 1 0 0 0 760 2 1 1 14
1 24 1 0 0 0 760 3 5 5 1
1 25 1 0 0 0 760 3 11 11 5
2 1 1 0 0 0 760 2 15 15 11
2 2 1 0 0 0 760 1 7 7 15
2 3 1 0 0 0 760 2 8 8 7
2 4 1 0 0 0 760 3 11 11 8
2 5 1 0 0 0 760 3 11 11 11
2 6 1 0 0 0 760 3 3 3 11
2 7 1 0 0 0 760 2 4 4 3
2 8 1 1 0 0 689 1 3 3 4
2 9 1 0 0 0 760 3 12 12 3
2 10 1 0 0 0 760 2 13 13 12
2 11 0 0 1 0 760 1 12 12 13
2 12 1 0 0 0 760 2 14 14 12
2 13 1 0 0 0 760 3 7 7 14
2 14 1 0 0 0 760 2 10 10 7
2 15 1 1 0 0 683 1 7 7 10
2 16 1 0 0 0 760 2 4 4 7
2 17 1 0 0 0 760 2 11 11 4
2 18 1 0 0 0 760 3 15 15 11
2 19 1 0 0 0 760 3 13 13 15
2 20 1 0 0 0 760 2 1 1 13
2 21 1 1 0 0 595 1 13 13 1
2 22 0 0 1 0 760 1 1 1 13
2 23 1 0 0 0 760 2 7 7 1
2 24 1 1 0 0 534 1 1 1 7
2 25 1 0 0 0 760 2 8 8 1
3 1 1 0 0 0 760 1 9 9 8
3 2 1 0 0 0 760 3 4 4 9
3 3 0 0 1 0 760 1 9 9 4
3 4 1 0 0 0 760 2 1 1 9
3 5 1 0 0 0 760 2 11 11 1
3 6 1 0 0 0 760 3 5 5 11
3 7 1 1 0 0 651 1 11 11 5
3 8 1 0 0 0 760 3 12 12 11
3 9 1 0 0 0 760 3 5 5 12
3 10 1 1 0 0 638 1 12 12 5
3 11 1 0 0 0 760 2 6 6 12
3 12 1 1 0 0 476 1 12 12 6
3 13 1 0 0 0 760 2 14 14 12
3 14 1 0 0 0 760 3 4 4 14
3 15 1 0 0 0 760 2 6 6 4
3 16 1 0 0 0 760 2 11 11 6
3 17 1 0 0 0 760 2 11 11 11
3 18 1 0 0 0 760 3 7 7 11
3 19 1 1 0 0 643 1 11 11 7
3 20 1 0 0 0 760 2 13 13 11
3 21 1 1 0 0 533 1 11 11 13
3 22 1 0 0 0 760 3 6 6 11
3 23 1 0 0 0 760 2 10 10 6
3 24 1 1 0 0 675 1 6 6 10
3 25 1 0 0 0 760 3 3 3 6
