1 1 1 0 0 0 760 3 13 13 0
1 2 1 0 0 0 760 2 9 9 13
1 3 1 0 0 0 760 3 9 9 9
1 4 1 0 0 0 760 2 14 14 9
1 5 1 0 0 0 760 2 15 15 14
1 6 1 1 0 0 652 1 14 14 15
1 7 1 1 0 0 654 1 15 15 14
1 8 1 0 0 0 760 2 1 1 15
1 9 1 1 0 0 616 1 15 15 1
1 10 1 1 0 0 747 1 1 1 15
1 11 1 0 0 0 760 2 10 10 1
1 12 1 0 0 0 760 3 4 4 10
1 13 1 0 0 0 760 3 3 3 4
1 14 1 0 0 0 760 3 14 14 3
1 15 1 0 0 0 760 3 15 15 14
1 16 1 0 0 0 760 2 6 6 15
1 17 1 0 0 0 760 2 12 12 6
1 18 0 0 1 0 760 1 6 6 12
1 19 1 1 0 0 679 1 12 12 6
1 20 1 1 0 0 649 1 6 6 12
1 21 1 1 0 0 699 1 12 12 6
1 22 0 0 0 1 724 2 15 15 12
1 23 1 1 0 0 655 1 12 12 15
1 24 1 0 0 0 760 3 3 3 12
1 25 1 0 0 0 760 2 7 7 3
2 1 1 0 0 0 760 3 9 9 7
2 2 1 0 0 0 760 1 12 12 9
2 3 1 1 0 0 505 1 9 9 12
2 4 1 1 0 0 513 1 12 12 9
2 5 0 0 1 0 760 1 9 9 12
2 6 1 0 0 0 760 3 1 1 9
2 7 1 1 0 0 535 1 9 9 1
2 8 1 0 0 0 760 2 6 6 9
2 9 1 1 0 0 746 1 9 9 6
2 10 0 0 1 0 760 1 6 6 9
2 11 0 0 1 0 760 1 9 9 6
2 12 1 0 0 0 760 2 15 15 9
2 13 1 0 0 0 760 2 2 2 15
2 14 1 0 0 0 760 3 9 9 2
2 15 1 1 0 0 542 1 2 2 9
2 16 1 0 0 0 760 3 4 4 2
2 17 1 0 0 0 760 3 12 12 4
2 18 1 0 0 0 760 3 12 12 12
2 19 1 0 0 0 760 3 15 15 12
2 20 1 0 0 0 760 3 6 6 15
2 21 1 0 0 0 760 2 7 7 6
2 22 1 1 0 0 566 1 6 6 7
2 23 1 1 0 0 566 1 7 7 6
2 24 1 0 0 0 760 3 11 11 7
2 25 1 1 0 0 562 1 7 7 11
3 1 1 0 0 0 760 1 6 6 7
3 2 1 0 0 0 760 3 8 8 6
3 3 1 1 0 0 508 1 6 6 8
3 4 1 1 0 0 643 1 8 8 6
3 5 1 0 0 0 760 3 8 8 8
3 6 1 0 0 0 760 3 15 15 8
3 7 1 1 0 0 667 1 8 8 15
3 8 0 0 1 0 760 1 15 15 8
3 9 1 0 0 0 760 2 3 3 15
3 10 1 1 0 0 517 1 15 15 3
3 11 1 1 0 0 712 1 3 3 15
3 12 1 0 0 0 760 2 12 12 3
3 13 1 0 0 0 760 2 7 7 12
3 14 1 0 0 0 760 3 7 7 7
3 15 1 0 0 0 760 2 5 5 7
3 16 1 1 0 0 713 1 7 7 5
3 17 0 0 1 0 760 1 5 5 7
3 18 1 0 0 0 760 3 12 12 5
3 19 1 0 0 0 760 2 13 13 12
3 20 1 0 0 0 760 3 11 11 13
3 21 1 1 0 0 661 1 13 13 11
3 22 1 0 0 0 760 2 3 3 13
3 23 1 0 0 0 760 2 4 4 3
3 24 1 0 0 0 760 3 8 8 4
3 25 1 1 0 0 543 1 4 4 8
