1 1 1 0 0 0 760 2 11 11 0
1 2 1 0 0 0 760 2 6 6 11
1 3 1 0 0 0 760 3 3 3 6
1 4 1 0 0 0 760 2 10 10 3
1 5 1 1 0 0 700 1 3 3 10
1 6 1 0 0 0 760 2 5 5 3
1 7 1 1 0 0 661 1 3 3 5
1 8 1 0 0 0 760 2 6 6 3
1 9 1 0 0 0 760 2 10 10 6
1 10 1 0 0 0 760 2 1 1 10
1 11 1 1 0 0 684 1 10 10 1
1 12 1 0 0 0 760 2 13 13 10
1 13 1 0 0 0 760 2 5 5 13
1 14 1 0 0 0 760 3 1 1 5
1 15 1 0 0 0 760 3 15 15 1
1 16 1 0 0 0 760 2 14 14 15
1 17 1 0 0 0 760 2 9 9 14
1 18 1 0 0 0 760 3 3 3 9
1 19 1 1 0 0 733 1 9 9 3
1 20 1 0 0 0 760 3 10 10 9
1 21 1 0 0 0 760 3 5 5 10
1 22 1 1 0 0 655 1 10 10 5
1 23 1 0 0 0 760 2 3 3 10
1 24 1 0 0 0 760 2 5 5 3
1 25 1 0 0 0 760 3 10 10 5
2 1 1 0 0 0 760 1 11 11 10
2 2 1 0 0 0 760 2 14 14 11
2 3 1 0 0 0 760 3 8 8 14
2 4 1 0 0 0 760 2 5 5 8
2 5 1 0 0 0 760 3 12 12 5
2 6 1 0 0 0 760 3 2 2 12
2 7 1 0 0 0 760 3 9 9 2
2 8 1 1 0 0 539 1 2 2 9
2 9 1 0 0 0 760 2 6 6 2
2 10 1 0 0 0 760 2 12 12 6
2 11 1 1 0 0 462 1 6 6 12
2 12 0 0 1 0 760 1 12 12 6
2 13 0 0 1 0 760 1 6 6 12
2 14 1 1 0 0 729 1 12 12 6
2 15 1 0 0 0 760 2 5 5 12
2 16 1 1 0 0 534 1 12 12 5
2 17 1 0 0 0 760 2 13 13 12
2 18 0 0 1 0 760 1 12 12 13
2 19 0 0 1 0 760 1 13 13 12
2 20 1 0 0 0 760 3 5 5 13
2 21 1 1 0 0 574 1 13 13 5
2 22 0 0 1 0 760 1 5 5 13
2 23 1 0 0 0 760 2 7 7 5
2 24 1 1 0 0 474 1 5 5 7
2 25 1 0 0 0 760 2 6 6 5
3 1 1 0 0 0 760 2 8 8 6
3 2 1 0 0 0 760 3 12 12 8
3 3 1 0 0 0 760 3 15 15 12
3 4 1 0 0 0 760 3 8 8 15
3 5 1 0 0 0 760 2 9 9 8
3 6 1 1 0 0 508 1 8 8 9
3 7 1 0 0 0 760 2 11 11 8
3 8 1 1 0 0 491 1 8 8 11
3 9 1 0 0 0 760 2 12 12 8
3 10 1 0 0 0 760 2 7 7 12
3 11 1 0 0 0 760 3 8 8 7
3 12 1 0 0 0 760 2 6 6 8
3 13 1 1 0 0 445 1 8 8 6
3 14 1 0 0 0 760 3 13 13 8
3 15 1 1 0 0 541 1 8 8 13
3 16 1 0 0 0 760 2 14 14 8
3 17 1 0 0 0 760 2 12 12 14
3 18 1 0 0 0 760 3 13 13 12
3 19 1 0 0 0 760 2 8 8 13
3 20 1 0 0 0 760 3 3 3 8
3 21 1 0 0 0 760 2 10 10 3
3 22 1 0 0 0 760 2 11 11 10
3 23 1 0 0 0 760 2 14 14 11
3 24 1 1 0 0 561 1 11 11 14
3 25 1 0 0 0 760 3 9 9 11
