1 1 1 0 0 0 760 1 5 5 0
1 2 1 0 0 0 760 2 4 4 5
1 3 1 0 0 0 760 3 15 15 4
1 4 1 1 0 0 536 1 4 4 15
1 5 1 0 0 0 760 3 7 7 4
1 6 1 0 0 0 760 2 11 11 7
1 7 1 0 0 0 760 3 4 4 11
1 8 1 1 0 0 528 1 11 11 4
1 9 1 1 0 0 502 1 4 4 11
1 10 1 0 0 0 760 3 7 7 4
1 11 1 1 0 0 448 1 4 4 7
1 12 1 0 0 0 760 2 13 13 4
1 13 1 0 0 0 760 2 11 11 13
1 14 1 0 0 0 760 3 6 6 11
1 15 1 1 0 0 596 1 11 11 6
1 16 1 1 0 0 571 1 6 6 11
1 17 1 0 0 0 760 3 1 1 6
1 18 1 0 0 0 760 3 11 11 1
1 19 1 0 0 0 760 3 10 10 11
1 20 1 1 0 0 700 1 11 11 10
1 21 1 1 0 0 623 1 10 10 11
1 22 1 0 0 0 760 2 2 2 10
1 23 1 0 0 0 760 2 3 3 2
1 24 1 0 0 0 760 3 9 9 3
1 25 1 1 0 0 550 1 3 3 9
2 1 1 0 0 0 760 1 15 15 3
2 2 1 0 0 0 760 2 8 8 15
2 3 1 1 0 0 488 1 15 15 8
2 4 1 0 0 0 760 3 10 10 15
2 5 1 1 0 0 561 1 15 15 10
2 6 1 0 0 0 760 2 6 6 15
2 7 1 0 0 0 760 2 11 11 6
2 8 1 1 0 0 495 1 6 6 11
2 9 1 1 0 0 519 1 11 11 6
2 10 1 0 0 0 760 3 8 8 11
2 11 0 0 1 0 760 1 11 11 8
2 12 0 0 0 1 520 2 4 4 11
2 13 0 0 1 0 760 1 11 11 4
2 14 1 1 0 0 479 1 4 4 11
2 15 1 1 0 0 495 1 11 11 4
2 16 1 1 0 0 420 1 4 4 11
2 17 1 0 0 0 760 2 5 5 4
2 18 1 0 0 0 760 3 1 1 5
2 19 1 0 0 0 760 2 4 4 1
2 20 1 0 0 0 760 2 6 6 4
2 21 1 0 0 0 760 2 6 6 6
2 22 1 0 0 0 760 2 3 3 6
2 23 1 0 0 0 760 3 3 3 3
2 24 1 0 0 0 760 3 2 2 3
2 25 0 0 1 0 760 1 3 3 2
3 1 1 0 0 0 760 1 6 6 3
3 2 1 0 0 0 760 2 4 4 6
3 3 1 0 0 0 760 3 13 13 4
3 4 0 0 1 0 760 1 4 4 13
3 5 1 0 0 0 760 3 6 6 4
3 6 1 1 0 0 623 1 4 4 6
3 7 1 0 0 0 760 3 5 5 4
3 8 1 0 0 0 760 2 14 14 5
3 9 1 1 0 0 517 1 5 5 14
3 10 1 1 0 0 432 1 14 14 5
3 11 1 1 0 0 458 1 5 5 14
3 12 1 1 0 0 428 1 14 14 5
3 13 1 1 0 0 496 1 5 5 14
3 14 0 0 0 1 462 2 1 1 5
3 15 1 0 0 0 760 2 12 12 1
3 16 0 0 1 0 760 1 1 1 12
3 17 1 0 0 0 760 3 11 11 1
3 18 1 1 0 0 510 1 1 1 11
3 19 1 1 0 0 644 1 11 11 1
3 20 1 0 0 0 760 2 11 11 11
3 21 1 0 0 0 760 3 3 3 11
3 22 1 0 0 0 760 3 15 15 3
3 23 1 0 0 0 760 3 10 10 15
3 24 1 0 0 0 760 3 6 6 10
3 25 1 0 0 0 760 3 4 4 6
