1 1 1 0 0 0 760 1 5 5 0
1 2 1 0 0 0 760 2 13 13 5
1 3 1 1 0 0 508 1 5 5 13
1 4 1 0 0 0 760 3 9 9 5
1 5 1 1 0 0 471 1 5 5 9
1 6 1 0 0 0 760 3 1 1 5
1 7 1 0 0 0 760 3 7 7 1
1 8 1 0 0 0 760 2 12 12 7
1 9 1 0 0 0 760 2 15 15 12
1 10 1 0 0 0 760 2 13 13 15
1 11 1 1 0 0 702 1 15 15 13
1 12 1 0 0 0 760 2 14 14 15
1 13 1 1 0 0 686 1 15 15 14
1 14 1 1 0 0 520 1 14 14 15
1 15 1 0 0 0 760 2 13 13 14
1 16 1 0 0 0 760 2 7 7 13
1 17 1 1 0 0 738 1 13 13 7
1 18 1 0 0 0 760 3 5 5 13
1 19 1 1 0 0 725 1 13 13 5
1 20 1 0 0 0 760 3 11 11 13
1 21 1 0 0 0 760 3 11 11 11
1 22 1 1 0 0 605 1 11 11 11
1 23 1 0 0 0 760 3 7 7 11
1 24 1 1 0 0 486 1 11 11 7
1 25 1 1 0 0 494 1 7 7 11
2 1 1 0 0 0 760 1 12 12 7
2 2 1 0 0 0 760 2 3 3 12
2 3 1 0 0 0 760 3 8 8 3
2 4 1 0 0 0 760 2 9 9 8
2 5 1 0 0 0 760 2 7 7 9
2 6 1 0 0 0 760 3 8 8 7
2 7 0 0 1 0 760 1 7 7 8
2 8 1 1 0 0 526 1 8 8 7
2 9 1 1 0 0 485 1 7 7 8
2 10 1 0 0 0 760 3 2 2 7
2 11 1 1 0 0 506 1 7 7 2
2 12 1 0 0 0 760 3 9 9 7
2 13 1 1 0 0 484 1 7 7 9
2 14 1 0 0 0 760 2 14 14 7
2 15 0 0 1 0 760 1 7 7 14
2 16 1 0 0 0 760 3 2 2 7
2 17 1 0 0 0 760 3 11 11 2
2 18 1 0 0 0 760 2 13 13 11
2 19 1 0 0 0 760 3 14 14 13
2 20 1 0 0 0 760 2 4 4 14
2 21 1 0 0 0 760 3 2 2 4
2 22 0 0 1 0 760 1 4 4 2
2 23 1 0 0 0 760 3 6 6 4
2 24 1 0 0 0 760 2 13 13 6
2 25 1 0 0 0 760 3 15 15 13
3 1 1 0 0 0 760 3 8 8 15
3 2 1 0 0 0 760 1 2 2 8
3 3 1 0 0 0 760 3 14 14 2
3 4 1 0 0 0 760 2 1 1 14
3 5 0 0 1 0 760 1 14 14 1
3 6 1 1 0 0 618 1 1 1 14
3 7 1 1 0 0 473 1 14 14 1
3 8 1 0 0 0 760 3 9 9 14
3 9 1 1 0 0 618 1 14 14 9
3 10 1 1 0 0 489 1 9 9 14
3 11 1 1 0 0 497 1 14 14 9
3 12 1 0 0 0 760 3 1 1 14
3 13 0 0 1 0 760 1 14 14 1
3 14 1 0 0 0 760 2 14 14 14
3 15 1 0 0 0 760 3 15 15 14
3 16 1 0 0 0 760 2 1 1 15
3 17 1 0 0 0 760 2 4 4 1
3 18 1 0 0 0 760 2 2 2 4
3 19 1 1 0 0 624 1 4 4 2
3 20 1 0 0 0 760 3 10 10 4
3 21 1 1 0 0 589 1 4 4 10
3 22 1 0 0 0 760 3 12 12 4
3 23 1 0 0 0 760 2 1 1 12
3 24 1 1 0 0 619 1 12 12 1
3 25 0 0 1 0 760 1 1 1 12
